(0, 0, 0, 0, 0.18448322910395598)
(0, 0, 0, 1, 0.31507915139088105)
(0, 0, 0, 2, 0.17824873967192673)
(0, 0, 0, 3, 0.21209486307718414)
(0, 0, 0, 4, 0.19072774976768614)
(0, 0, 0, 5, 0.18691826564816266)
(0, 0, 0, 6, 0.3261545895549133)
(0, 0, 0, 7, 0.27184912661262317)
(0, 0, 0, 8, 0.26186564310951804)
(0, 0, 0, 9, 0.18456080893929933)
(0, 0, 0, 10, 0.2489557046272379)
(0, 0, 0, 11, 0.2811913117097907)
(0, 0, 0, 12, 0.2438026275203822)
(0, 0, 0, 13, 0.23184695545286743)
(0, 0, 0, 14, 0.279478914774545)
(0, 0, 0, 15, 0.2772662498248929)
(0, 0, 0, 16, 0.18969020687745666)
(0, 0, 0, 17, 0.2260141770081159)
(0, 0, 0, 18, 0.21565445850176068)
(0, 0, 0, 19, 0.20101675655024495)
(0, 0, 0, 20, 0.19932975403714773)
(0, 0, 0, 21, 0.229111164916768)
(0, 0, 0, 22, 0.2508332600307049)
(0, 0, 0, 23, 0.2145774674036654)
(0, 0, 0, 24, 0.18816815007176907)
(0, 0, 0, 25, 0.18104891896533673)
(0, 0, 0, 26, 0.19360296382227146)
(0, 0, 0, 27, 0.23838492830906077)
(0, 0, 0, 28, 0.2863201777303332)
(0, 0, 0, 29, 0.23615409034960924)
(0, 0, 0, 30, 0.1906996969123358)
(0, 0, 0, 31, 0.3544046826968998)
(0, 0, 0, 32, 0.4163671032193108)
(0, 0, 0, 33, 0.2753973954597304)
(0, 0, 0, 34, 0.2771309383346973)
(0, 0, 0, 35, 0.18544543799214136)
(0, 0, 0, 36, 0.3044057517130701)
(0, 0, 0, 37, 0.19151975468033772)
(0, 0, 0, 38, 0.213540973285117)
(0, 0, 0, 39, 0.18956422164147943)
(0, 0, 0, 40, 0.24697396001315708)
(0, 0, 0, 41, 0.22178055117686837)
(0, 0, 0, 42, 0.287901076731474)
(0, 0, 0, 43, 0.20959520780147295)
(0, 0, 0, 44, 0.2787086520804886)
(0, 0, 0, 45, 0.23288883367602156)
(0, 0, 0, 46, 0.21523805914521368)
(0, 0, 0, 47, 0.2536468476991142)
(0, 0, 0, 48, 0.22769544532567243)
(0, 0, 0, 49, 0.22404744442445026)
(0, 0, 0, 50, 0.2931237879880971)
(0, 0, 0, 51, 0.21417624890943257)
(0, 0, 0, 52, 0.24892636984422986)
(0, 0, 0, 53, 0.215366960170951)
(0, 0, 0, 54, 0.164979046370661)
(0, 0, 0, 55, 0.27569916160457786)
(0, 0, 0, 56, 0.23575815977620873)
(0, 0, 0, 57, 0.25296218173971635)
(0, 0, 0, 58, 0.2428856439103057)
(0, 0, 0, 59, 0.29947050238409134)
(0, 0, 0, 60, 0.2542705392418878)
(0, 0, 0, 61, 0.27347627331688235)
(0, 0, 0, 62, 0.20637114951665175)
(0, 0, 0, 63, 0.23745661769763146)
(0, 0, 0, 64, 0.2355770241637184)
(0, 0, 0, 65, 0.31444566808134544)
(0, 0, 0, 66, 0.22360528243642555)
(0, 0, 0, 67, 0.2678893466476272)
(0, 0, 0, 68, 0.2544824704196714)
(0, 0, 0, 69, 0.22376520240098804)
(0, 0, 0, 70, 0.2072102118487327)
(0, 0, 0, 71, 0.29967310746284925)
(0, 0, 0, 72, 0.28868247897815974)
(0, 0, 0, 73, 0.23477067985740377)
(0, 0, 0, 74, 0.21079349138738354)
(0, 0, 0, 75, 0.1916806648089673)
(0, 0, 0, 76, 0.24438321851360037)
(0, 0, 0, 77, 0.18687583657492676)
(0, 0, 0, 78, 0.2841636205584016)
(0, 0, 0, 79, 0.2670908645543705)
(0, 0, 0, 80, 0.2735814784635459)
(0, 0, 0, 81, 0.20156493149510107)
(0, 0, 0, 82, 0.220326849517479)
(0, 0, 0, 83, 0.233028191045527)
(0, 0, 0, 84, 0.2928341425752408)
(0, 0, 0, 85, 0.22665156517487195)
(0, 0, 0, 86, 0.258507786879222)
(0, 0, 0, 87, 0.19778002221136293)
(0, 0, 0, 88, 0.22732946862722117)
(0, 0, 0, 89, 0.3820483880388446)
(0, 0, 0, 90, 0.1879547773863292)
(0, 0, 0, 91, 0.19182982712958246)
(0, 0, 0, 92, 0.2508907891122155)
(0, 0, 0, 93, 0.31208513280639166)
(0, 0, 0, 94, 0.23502260997041927)
(0, 0, 0, 95, 0.227820995619664)
(0, 0, 0, 96, 0.20288312812463632)
(0, 0, 0, 97, 0.24176440451885756)
(0, 0, 0, 98, 0.25302710865119343)
(0, 0, 0, 99, 0.34667206348877255)
(0, 0, 0, 100, 0.26425833309413294)
(0, 0, 0, 101, 0.2866248900069925)
(0, 0, 0, 102, 0.19025223235121283)
(0, 0, 0, 103, 0.26162943401379024)
(0, 0, 0, 104, 0.16863071096922105)
(0, 0, 0, 105, 0.16897946352023874)
(0, 0, 0, 106, 0.21708489276585224)
(0, 0, 0, 107, 0.18979273019325799)
(0, 0, 0, 108, 0.32709592744761)
(0, 0, 0, 109, 0.2009626259432781)
(0, 0, 0, 110, 0.26292606794250706)
(0, 0, 0, 111, 0.2406199591749012)
(0, 0, 0, 112, 0.2037302308841375)
(0, 0, 0, 113, 0.22031859528793044)
(0, 0, 0, 114, 0.23343478228097708)
(0, 0, 0, 115, 0.17387743952095105)
(0, 0, 0, 116, 0.1905004272852157)
(0, 0, 0, 117, 0.23637915260910458)
(0, 0, 0, 118, 0.34953677930854726)
(0, 0, 0, 119, 0.27654115304841737)
(0, 0, 0, 120, 0.18361717538167419)
(0, 0, 0, 121, 0.25144213523643927)
(0, 0, 0, 122, 0.2530853705652465)
(0, 0, 0, 123, 0.18499237045574896)
(0, 0, 0, 124, 0.29742220620270987)
(0, 0, 0, 125, 0.1966089532106126)
(0, 0, 0, 126, 0.32564414073573067)
(0, 0, 0, 127, 0.2346390605130956)
(0, 0, 0, 128, 0.182393971229488)
(0, 0, 0, 129, 0.27913221460614684)
(0, 0, 0, 130, 0.19285962607794352)
(0, 0, 0, 131, 0.20222295353010025)
(0, 0, 0, 132, 0.20805829768831435)
(0, 0, 0, 133, 0.22975544129013184)
(0, 0, 0, 134, 0.265429438501143)
(0, 0, 0, 135, 0.23680898765550493)
(0, 0, 0, 136, 0.24739100848551326)
(0, 0, 0, 137, 0.31490399610330294)
(0, 0, 0, 138, 0.20659511696062213)
(0, 0, 0, 139, 0.21420329540780841)
(0, 0, 0, 140, 0.1779691429895973)
(0, 0, 0, 141, 0.1946107402764437)
(0, 0, 0, 142, 0.18828742203092413)
(0, 0, 0, 143, 0.25195947617347936)
(0, 0, 0, 144, 0.2192158787336621)
(0, 0, 0, 145, 0.23338967240279224)
(0, 0, 0, 146, 0.2856651332316412)
(0, 0, 0, 147, 0.27481141408826676)
(0, 0, 0, 148, 0.20020583722991447)
(0, 0, 0, 149, 0.1984270998134164)
(0, 0, 0, 150, 0.1719540636714517)
(0, 0, 0, 151, 0.21790347364008936)
(0, 0, 0, 152, 0.3480555334359413)
(0, 0, 0, 153, 0.25892261701830993)
(0, 0, 0, 154, 0.2038676331579671)
(0, 0, 0, 155, 0.2507515960820493)
(0, 0, 0, 156, 0.29829470070290204)
(0, 0, 0, 157, 0.19600270640533088)
(0, 0, 0, 158, 0.24512882828531504)
(0, 0, 0, 159, 0.3139682800735601)
(0, 0, 0, 160, 0.2661625284500929)
(0, 0, 0, 161, 0.2016184353003014)
(0, 0, 0, 162, 0.2461376559333624)
(0, 0, 0, 163, 0.18781668956554584)
(0, 0, 0, 164, 0.22551611696687546)
(0, 0, 0, 165, 0.18892681715307957)
(0, 0, 0, 166, 0.2195027100981305)
(0, 0, 0, 167, 0.24004379697612163)
(0, 0, 0, 168, 0.32558836424350024)
(0, 0, 0, 169, 0.21292877679926958)
(0, 0, 0, 170, 0.23182301708507483)
(0, 0, 0, 171, 0.22078030615068883)
(0, 0, 0, 172, 0.20250978923914512)
(0, 0, 0, 173, 0.1668601088967369)
(0, 0, 0, 174, 0.2180254790996025)
(0, 0, 0, 175, 0.22344046046705865)
(0, 0, 0, 176, 0.19950100841993532)
(0, 0, 0, 177, 0.14587740404407462)
(0, 0, 0, 178, 0.19385058114118556)
(0, 0, 0, 179, 0.25928746060179014)
(0, 0, 0, 180, 0.3181531302311973)
(0, 0, 0, 181, 0.1810043375745305)
(0, 0, 0, 182, 0.18775692470131725)
(0, 0, 0, 183, 0.2090963709214581)
(0, 0, 0, 184, 0.19450535711615366)
(0, 0, 0, 185, 0.21005514825961652)
(0, 0, 0, 186, 0.27166609685272236)
(0, 0, 0, 187, 0.17913647631779758)
(0, 0, 0, 188, 0.17946395638919094)
(0, 0, 0, 189, 0.20893880975133913)
(0, 0, 0, 190, 0.18240334181900222)
(0, 0, 0, 191, 0.17925702442086766)
(0, 0, 0, 192, 0.21256605207696896)
(0, 0, 0, 193, 0.21061214176795945)
(0, 0, 0, 194, 0.19226266276671433)
(0, 0, 0, 195, 0.32619584459819473)
(0, 0, 0, 196, 0.31552376790462716)
(0, 0, 0, 197, 0.21545201292707367)
(0, 0, 0, 198, 0.2713903520511417)
(0, 0, 0, 199, 0.20155189183841468)
(0, 0, 0, 200, 0.2697362964265127)
(0, 0, 0, 201, 0.27363054633427797)
(0, 0, 0, 202, 0.3192289781612352)
(0, 0, 0, 203, 0.35480874774611926)
(0, 0, 0, 204, 0.24090303365118282)
(0, 0, 0, 205, 0.2655544849749621)
(0, 0, 0, 206, 0.29206284435995766)
(0, 0, 0, 207, 0.17939920769603085)
(0, 0, 0, 208, 0.19210975671503033)
(0, 0, 0, 209, 0.18527608688885133)
(0, 0, 0, 210, 0.17837720716241415)
(0, 0, 0, 211, 0.17902106566376716)
(0, 0, 0, 212, 0.22335530325862069)
(0, 0, 0, 213, 0.2772406136588774)
(0, 0, 0, 214, 0.25453094076215443)
(0, 0, 0, 215, 0.20554950777823505)
(0, 0, 0, 216, 0.21797530652857935)
(0, 0, 0, 217, 0.18384279410631577)
(0, 0, 0, 218, 0.19359076698658517)
(0, 0, 0, 219, 0.23124115283878338)
(0, 0, 0, 220, 0.1996355588416134)
(0, 0, 0, 221, 0.2629803814736663)
(0, 0, 0, 222, 0.2914388200446292)
(0, 0, 0, 223, 0.20953802221904982)
(0, 0, 0, 224, 0.25446000888172365)
(0, 0, 0, 225, 0.16856534897363445)
(0, 0, 0, 226, 0.2523518217518977)
(0, 0, 0, 227, 0.18372440090981235)
(0, 0, 0, 228, 0.21203500727581695)
(0, 0, 0, 229, 0.24635053298412188)
(0, 0, 0, 230, 0.32300359118945415)
(0, 0, 0, 231, 0.22958610214716577)
(0, 0, 0, 232, 0.2077941521071577)
(0, 0, 0, 233, 0.27397333912866767)
(0, 0, 0, 234, 0.22384289957726697)
(0, 0, 0, 235, 0.2227385450663127)
(0, 0, 0, 236, 0.19722147421617958)
(0, 0, 0, 237, 0.21453359735306002)
(0, 0, 0, 238, 0.21040582509545688)
(0, 0, 0, 239, 0.21591377931062186)
(0, 0, 0, 240, 0.19211973043213765)
(0, 0, 0, 241, 0.21914826529511797)
(0, 0, 0, 242, 0.21470210040400686)
(0, 0, 0, 243, 0.18986620339258448)
(0, 0, 0, 244, 0.24140738329745048)
(0, 0, 0, 245, 0.22020750231888375)
(0, 0, 0, 246, 0.21301488585559972)
(0, 0, 0, 247, 0.2855024926532517)
(0, 0, 0, 248, 0.18738362957072566)
(0, 0, 0, 249, 0.2239171840971073)
(0, 0, 1, 0, 0.1903647899326743)
(0, 0, 1, 1, 0.2334415435143875)
(0, 0, 1, 2, 0.20769507559058437)
(0, 0, 1, 3, 0.19776980248745674)
(0, 0, 1, 4, 0.23159368425270324)
(0, 0, 1, 5, 0.2105578964826346)
(0, 0, 1, 6, 0.19461263633177514)
(0, 0, 1, 7, 0.18824775305071492)
(0, 0, 1, 8, 0.23994621525337054)
(0, 0, 1, 9, 0.1962561869302479)
(0, 0, 1, 10, 0.18739953306151272)
(0, 0, 1, 11, 0.2161612892276829)
(0, 0, 1, 12, 0.26004073655659193)
(0, 0, 1, 13, 0.19884862248126123)
(0, 0, 1, 14, 0.20198926037134263)
(0, 0, 1, 15, 0.2048574246074324)
(0, 0, 1, 16, 0.19842637277236044)
(0, 0, 1, 17, 0.18766624922118275)
(0, 0, 1, 18, 0.2617019117579084)
(0, 0, 1, 19, 0.22032782736952888)
(0, 0, 1, 20, 0.2088373374370886)
(0, 0, 1, 21, 0.21110602615616447)
(0, 0, 1, 22, 0.20904900897856313)
(0, 0, 1, 23, 0.21034003796528647)
(0, 0, 1, 24, 0.1946013988808328)
(0, 0, 1, 25, 0.19251666122261618)
(0, 0, 1, 26, 0.2534750351370679)
(0, 0, 1, 27, 0.17428855523261658)
(0, 0, 1, 28, 0.19836282885776688)
(0, 0, 1, 29, 0.1987110988466803)
(0, 0, 1, 30, 0.24192618855695242)
(0, 0, 1, 31, 0.20792928119094578)
(0, 0, 1, 32, 0.18742199700085635)
(0, 0, 1, 33, 0.20876253750488735)
(0, 0, 1, 34, 0.1881697573889076)
(0, 0, 1, 35, 0.22479678883003953)
(0, 0, 1, 36, 0.20419195137810672)
(0, 0, 1, 37, 0.22628409127029048)
(0, 0, 1, 38, 0.1959097278429728)
(0, 0, 1, 39, 0.19076631126693963)
(0, 0, 1, 40, 0.1969217634008801)
(0, 0, 1, 41, 0.23409715660854752)
(0, 0, 1, 42, 0.20861550349944727)
(0, 0, 1, 43, 0.19972184590315356)
(0, 0, 1, 44, 0.20030690165126816)
(0, 0, 1, 45, 0.23891924801335174)
(0, 0, 1, 46, 0.2031980361760505)
(0, 0, 1, 47, 0.18707975130271315)
(0, 0, 1, 48, 0.2130021158768382)
(0, 0, 1, 49, 0.20044516921878539)
(0, 0, 1, 50, 0.20875971319525297)
(0, 0, 1, 51, 0.2545560355362139)
(0, 0, 1, 52, 0.22277273605957448)
(0, 0, 1, 53, 0.20097142018892164)
(0, 0, 1, 54, 0.19782544224925622)
(0, 0, 1, 55, 0.1869657471732168)
(0, 0, 1, 56, 0.18112916371317125)
(0, 0, 1, 57, 0.19599830114553085)
(0, 0, 1, 58, 0.20987974407866808)
(0, 0, 1, 59, 0.19416844132593955)
(0, 0, 1, 60, 0.19767081917313975)
(0, 0, 1, 61, 0.2150788063455781)
(0, 0, 1, 62, 0.22720096813042695)
(0, 0, 1, 63, 0.19589288812352706)
(0, 0, 1, 64, 0.19458088820213593)
(0, 0, 1, 65, 0.2129637887965285)
(0, 0, 1, 66, 0.21949583508563272)
(0, 0, 1, 67, 0.20474883683767436)
(0, 0, 1, 68, 0.18967480331543554)
(0, 0, 1, 69, 0.17695615874157533)
(0, 0, 1, 70, 0.20449454075430853)
(0, 0, 1, 71, 0.23283468503254434)
(0, 0, 1, 72, 0.19971963398222306)
(0, 0, 1, 73, 0.32064870215515756)
(0, 0, 1, 74, 0.1932658925312612)
(0, 0, 1, 75, 0.1955793652633981)
(0, 0, 1, 76, 0.17906736094117662)
(0, 0, 1, 77, 0.21303301335897792)
(0, 0, 1, 78, 0.1959732950112001)
(0, 0, 1, 79, 0.2333329672064375)
(0, 0, 1, 80, 0.21121987783037752)
(0, 0, 1, 81, 0.20003138558582323)
(0, 0, 1, 82, 0.1975922571904094)
(0, 0, 1, 83, 0.2159357977011005)
(0, 0, 1, 84, 0.24341603542419515)
(0, 0, 1, 85, 0.24070516356241203)
(0, 0, 1, 86, 0.192866262686686)
(0, 0, 1, 87, 0.1978494417138892)
(0, 0, 1, 88, 0.20400331779138448)
(0, 0, 1, 89, 0.2087073797136012)
(0, 0, 1, 90, 0.19529153748351838)
(0, 0, 1, 91, 0.20823280939705177)
(0, 0, 1, 92, 0.1916000161995483)
(0, 0, 1, 93, 0.23987083464525766)
(0, 0, 1, 94, 0.19367531907274352)
(0, 0, 1, 95, 0.19810157486580912)
(0, 0, 1, 96, 0.21204973586182996)
(0, 0, 1, 97, 0.2522874723017803)
(0, 0, 1, 98, 0.2038769800698135)
(0, 0, 1, 99, 0.2062016857928702)
(0, 0, 1, 100, 0.2020779873265488)
(0, 0, 1, 101, 0.19296941636736437)
(0, 0, 1, 102, 0.18541414316016475)
(0, 0, 1, 103, 0.19309041682923297)
(0, 0, 1, 104, 0.22940264023145282)
(0, 0, 1, 105, 0.26803755678413194)
(0, 0, 1, 106, 0.19801967678744434)
(0, 0, 1, 107, 0.1890870148278693)
(0, 0, 1, 108, 0.2364761932734451)
(0, 0, 1, 109, 0.1927240152932265)
(0, 0, 1, 110, 0.2046948554377943)
(0, 0, 1, 111, 0.2205448612665092)
(0, 0, 1, 112, 0.209726821407423)
(0, 0, 1, 113, 0.19253445703347236)
(0, 0, 1, 114, 0.18165496286867386)
(0, 0, 1, 115, 0.24851358473871693)
(0, 0, 1, 116, 0.1835752493671624)
(0, 0, 1, 117, 0.2232857413821919)
(0, 0, 1, 118, 0.19731211494686007)
(0, 0, 1, 119, 0.1906626147396297)
(0, 0, 1, 120, 0.2027175808516513)
(0, 0, 1, 121, 0.19680034815183606)
(0, 0, 1, 122, 0.2992229448209644)
(0, 0, 1, 123, 0.2053520365626102)
(0, 0, 1, 124, 0.19486144186859888)
(0, 0, 1, 125, 0.18886149100880592)
(0, 0, 1, 126, 0.18298490232280556)
(0, 0, 1, 127, 0.20403335872003323)
(0, 0, 1, 128, 0.1768461716919707)
(0, 0, 1, 129, 0.18238754927521386)
(0, 0, 1, 130, 0.22313553115178358)
(0, 0, 1, 131, 0.2025525069021356)
(0, 0, 1, 132, 0.20579780300552197)
(0, 0, 1, 133, 0.1951399516387348)
(0, 0, 1, 134, 0.19173830423361887)
(0, 0, 1, 135, 0.195580373100198)
(0, 0, 1, 136, 0.21981503279405576)
(0, 0, 1, 137, 0.1846176963271987)
(0, 0, 1, 138, 0.20248580189224386)
(0, 0, 1, 139, 0.1944291612244592)
(0, 0, 1, 140, 0.20326852675829998)
(0, 0, 1, 141, 0.22437825299486844)
(0, 0, 1, 142, 0.23294209811423758)
(0, 0, 1, 143, 0.1922050066304596)
(0, 0, 1, 144, 0.19039739235375644)
(0, 0, 1, 145, 0.20416416087500072)
(0, 0, 1, 146, 0.22189069439549158)
(0, 0, 1, 147, 0.19172223998222127)
(0, 0, 1, 148, 0.1919920876649993)
(0, 0, 1, 149, 0.19771917448456783)
(0, 0, 1, 150, 0.18356172005789817)
(0, 0, 1, 151, 0.19647009299908488)
(0, 0, 1, 152, 0.18383045729064637)
(0, 0, 1, 153, 0.1958148117109876)
(0, 0, 1, 154, 0.19168892831942533)
(0, 0, 1, 155, 0.20555640192513516)
(0, 0, 1, 156, 0.2225355953926184)
(0, 0, 1, 157, 0.1902389718719863)
(0, 0, 1, 158, 0.19729384370831232)
(0, 0, 1, 159, 0.22793526790854252)
(0, 0, 1, 160, 0.23065631920655955)
(0, 0, 1, 161, 0.19572328825309196)
(0, 0, 1, 162, 0.22602760059157675)
(0, 0, 1, 163, 0.22949492603476657)
(0, 0, 1, 164, 0.2039514771752617)
(0, 0, 1, 165, 0.19838355498389218)
(0, 0, 1, 166, 0.20371485359653482)
(0, 0, 1, 167, 0.21672008426164352)
(0, 0, 1, 168, 0.1965364350420859)
(0, 0, 1, 169, 0.23804391343378345)
(0, 0, 1, 170, 0.180012166562485)
(0, 0, 1, 171, 0.18429361182515372)
(0, 0, 1, 172, 0.22342539254795496)
(0, 0, 1, 173, 0.19716460389917587)
(0, 0, 1, 174, 0.197475282128257)
(0, 0, 1, 175, 0.1889674015393421)
(0, 0, 1, 176, 0.23199512556206173)
(0, 0, 1, 177, 0.1868257196068326)
(0, 0, 1, 178, 0.19791978414110956)
(0, 0, 1, 179, 0.1793164957123916)
(0, 0, 1, 180, 0.1887487030503334)
(0, 0, 1, 181, 0.21878224394079937)
(0, 0, 1, 182, 0.18935418929223244)
(0, 0, 1, 183, 0.33187458121210045)
(0, 0, 1, 184, 0.23733225515643447)
(0, 0, 1, 185, 0.20403495848720574)
(0, 0, 1, 186, 0.20994682278456264)
(0, 0, 1, 187, 0.22118806489510942)
(0, 0, 1, 188, 0.18913148094910573)
(0, 0, 1, 189, 0.21717011545187875)
(0, 0, 1, 190, 0.3114399785201732)
(0, 0, 1, 191, 0.23370530318886504)
(0, 0, 1, 192, 0.21556264842910255)
(0, 0, 1, 193, 0.2252755232573477)
(0, 0, 1, 194, 0.20264901494273593)
(0, 0, 1, 195, 0.18849473924618315)
(0, 0, 1, 196, 0.19299720094465764)
(0, 0, 1, 197, 0.20823510598213685)
(0, 0, 1, 198, 0.20404925489047496)
(0, 0, 1, 199, 0.20858981763146967)
(0, 0, 1, 200, 0.21431323349280237)
(0, 0, 1, 201, 0.24678821689704328)
(0, 0, 1, 202, 0.18447620689655064)
(0, 0, 1, 203, 0.18572814903776722)
(0, 0, 1, 204, 0.1833859516971725)
(0, 0, 1, 205, 0.21554750789073324)
(0, 0, 1, 206, 0.18758816742747572)
(0, 0, 1, 207, 0.23009805113338005)
(0, 0, 1, 208, 0.22371790651894252)
(0, 0, 1, 209, 0.21815819732729091)
(0, 0, 1, 210, 0.1859138938394667)
(0, 0, 1, 211, 0.17892426902484676)
(0, 0, 1, 212, 0.2091169321859403)
(0, 0, 1, 213, 0.2035046141891205)
(0, 0, 1, 214, 0.21568262784039083)
(0, 0, 1, 215, 0.17368562694512305)
(0, 0, 1, 216, 0.2073223060620785)
(0, 0, 1, 217, 0.1974270646879398)
(0, 0, 1, 218, 0.2477887197296498)
(0, 0, 1, 219, 0.21314430752527536)
(0, 0, 1, 220, 0.17715816964109896)
(0, 0, 1, 221, 0.1856693821964524)
(0, 0, 1, 222, 0.17999028816416568)
(0, 0, 1, 223, 0.21345488585505173)
(0, 0, 1, 224, 0.19655814709007455)
(0, 0, 1, 225, 0.18336661823594128)
(0, 0, 1, 226, 0.1938161226645105)
(0, 0, 1, 227, 0.21191649082649516)
(0, 0, 1, 228, 0.20034511826177742)
(0, 0, 1, 229, 0.21257989873763908)
(0, 0, 1, 230, 0.2037507851803816)
(0, 0, 1, 231, 0.18433448430647623)
(0, 0, 1, 232, 0.1926306036065656)
(0, 0, 1, 233, 0.2016702982573655)
(0, 0, 1, 234, 0.211985239402714)
(0, 0, 1, 235, 0.20852064997926412)
(0, 0, 1, 236, 0.19292024102027083)
(0, 0, 1, 237, 0.19236102879785907)
(0, 0, 1, 238, 0.1922409827229415)
(0, 0, 1, 239, 0.21927861569327906)
(0, 0, 1, 240, 0.19926196498852566)
(0, 0, 1, 241, 0.21776816028224869)
(0, 0, 1, 242, 0.20064197488994878)
(0, 0, 1, 243, 0.18769465960205045)
(0, 0, 1, 244, 0.19227976050053974)
(0, 0, 1, 245, 0.21748690765696782)
(0, 0, 1, 246, 0.18050033424648157)
(0, 0, 1, 247, 0.252858932690567)
(0, 0, 1, 248, 0.20147279660715217)
(0, 0, 1, 249, 0.1810663132633244)
(0, 1, 0, 0, 0.7229777566691505)
(0, 1, 0, 1, 0.727753231302007)
(0, 1, 0, 2, 0.43421106595103126)
(0, 1, 0, 3, 0.9289967662791923)
(0, 1, 0, 4, 0.4540371034943656)
(0, 1, 0, 5, 0.4770580998025276)
(0, 1, 0, 6, 0.6272888671604402)
(0, 1, 0, 7, 0.4726284858006107)
(0, 1, 0, 8, 0.5985872340444489)
(0, 1, 0, 9, 0.7868012287009457)
(0, 1, 0, 10, 0.4270659783193393)
(0, 1, 0, 11, 0.5433804563030926)
(0, 1, 0, 12, 0.5077600853969206)
(0, 1, 0, 13, 0.5365596369162567)
(0, 1, 0, 14, 0.4243275141390933)
(0, 1, 0, 15, 0.5792283264264192)
(0, 1, 0, 16, 0.5137141513327858)
(0, 1, 0, 17, 0.5407948388623129)
(0, 1, 0, 18, 0.5578913766610312)
(0, 1, 0, 19, 0.4258611311091323)
(0, 1, 0, 20, 0.4316417310531088)
(0, 1, 0, 21, 0.6281360401962417)
(0, 1, 0, 22, 0.5002093882746839)
(0, 1, 0, 23, 0.42744887056786074)
(0, 1, 0, 24, 0.4930376385255816)
(0, 1, 0, 25, 0.6315258375705585)
(0, 1, 0, 26, 0.6034643457321618)
(0, 1, 0, 27, 0.5371258711576938)
(0, 1, 0, 28, 0.46047123192713324)
(0, 1, 0, 29, 0.5184477550483428)
(0, 1, 0, 30, 0.4455925799841538)
(0, 1, 0, 31, 0.8313937311281819)
(0, 1, 0, 32, 0.6100474321334866)
(0, 1, 0, 33, 0.5237810659861987)
(0, 1, 0, 34, 0.45173655471272234)
(0, 1, 0, 35, 0.45692463370590103)
(0, 1, 0, 36, 0.4906883992060685)
(0, 1, 0, 37, 0.4963597371359482)
(0, 1, 0, 38, 0.4285035219906747)
(0, 1, 0, 39, 0.4714689843827429)
(0, 1, 0, 40, 0.5460641303710774)
(0, 1, 0, 41, 0.4566756666801291)
(0, 1, 0, 42, 0.4504839249795418)
(0, 1, 0, 43, 0.7386855288707523)
(0, 1, 0, 44, 0.4777058347338933)
(0, 1, 0, 45, 0.5645948291695534)
(0, 1, 0, 46, 0.524271844245888)
(0, 1, 0, 47, 0.6610233877049103)
(0, 1, 0, 48, 0.6228422333069193)
(0, 1, 0, 49, 0.5129950539543671)
(0, 1, 0, 50, 0.8583470817934042)
(0, 1, 0, 51, 0.6755465409872572)
(0, 1, 0, 52, 0.45418672347155953)
(0, 1, 0, 53, 0.7465678948713406)
(0, 1, 0, 54, 0.4446140629495724)
(0, 1, 0, 55, 0.4838752209382736)
(0, 1, 0, 56, 0.5270969211437724)
(0, 1, 0, 57, 0.49299509166506883)
(0, 1, 0, 58, 0.4442264202226391)
(0, 1, 0, 59, 0.5341494867889978)
(0, 1, 0, 60, 0.6016254692728915)
(0, 1, 0, 61, 0.7859252302527753)
(0, 1, 0, 62, 0.4415924895343951)
(0, 1, 0, 63, 0.4254994600153897)
(0, 1, 0, 64, 0.4574959660151048)
(0, 1, 0, 65, 0.6758546204939233)
(0, 1, 0, 66, 0.5386063293170172)
(0, 1, 0, 67, 0.41827829856161963)
(0, 1, 0, 68, 0.5482844594014838)
(0, 1, 0, 69, 0.6005070830303992)
(0, 1, 0, 70, 0.4695724846171802)
(0, 1, 0, 71, 0.6649923222369144)
(0, 1, 0, 72, 0.4360868123122275)
(0, 1, 0, 73, 0.5419400861623105)
(0, 1, 0, 74, 0.4619754862435154)
(0, 1, 0, 75, 0.5870744527310031)
(0, 1, 0, 76, 0.48717437237906186)
(0, 1, 0, 77, 0.5108418786929322)
(0, 1, 0, 78, 0.5982469116804073)
(0, 1, 0, 79, 0.5125314724340393)
(0, 1, 0, 80, 0.5820628741882514)
(0, 1, 0, 81, 0.4114852874950409)
(0, 1, 0, 82, 0.6717787934234167)
(0, 1, 0, 83, 0.4055569214926949)
(0, 1, 0, 84, 0.42628081973393583)
(0, 1, 0, 85, 0.674717770036012)
(0, 1, 0, 86, 0.4100583408557096)
(0, 1, 0, 87, 0.44379960506660904)
(0, 1, 0, 88, 0.47924420639446125)
(0, 1, 0, 89, 0.5756772961208104)
(0, 1, 0, 90, 0.43315502769235165)
(0, 1, 0, 91, 0.4378014659015141)
(0, 1, 0, 92, 0.43880012518554395)
(0, 1, 0, 93, 0.5247407140356661)
(0, 1, 0, 94, 0.5529958573347302)
(0, 1, 0, 95, 0.5452449957539791)
(0, 1, 0, 96, 0.4268337268015832)
(0, 1, 0, 97, 0.9129571227883788)
(0, 1, 0, 98, 0.5112414407535353)
(0, 1, 0, 99, 0.45856538166761135)
(0, 1, 0, 100, 0.47681591572938165)
(0, 1, 0, 101, 0.5883326611923396)
(0, 1, 0, 102, 0.4464412906173247)
(0, 1, 0, 103, 0.491499940844929)
(0, 1, 0, 104, 0.4369380051105358)
(0, 1, 0, 105, 0.5450472699295236)
(0, 1, 0, 106, 0.43207755512664864)
(0, 1, 0, 107, 0.4201502678543362)
(0, 1, 0, 108, 0.9763407543857127)
(0, 1, 0, 109, 0.5051916764500383)
(0, 1, 0, 110, 0.4458199212337995)
(0, 1, 0, 111, 0.6930607784208977)
(0, 1, 0, 112, 0.4509194932618631)
(0, 1, 0, 113, 0.42959976738521266)
(0, 1, 0, 114, 0.8398933997750658)
(0, 1, 0, 115, 0.5348190554973767)
(0, 1, 0, 116, 0.49665911965611254)
(0, 1, 0, 117, 0.4380105819896534)
(0, 1, 0, 118, 0.9757691546593209)
(0, 1, 0, 119, 0.5527904844551771)
(0, 1, 0, 120, 0.5467658682417091)
(0, 1, 0, 121, 0.49538757910639114)
(0, 1, 0, 122, 0.5543194949259808)
(0, 1, 0, 123, 0.4570518894439736)
(0, 1, 0, 124, 0.44724262007245097)
(0, 1, 0, 125, 0.45384271216238586)
(0, 1, 0, 126, 0.5662834640446128)
(0, 1, 0, 127, 0.4890609265205216)
(0, 1, 0, 128, 0.45401400348788107)
(0, 1, 0, 129, 0.5332085205575183)
(0, 1, 0, 130, 0.45410639225960037)
(0, 1, 0, 131, 0.5138065528944852)
(0, 1, 0, 132, 0.41890974639833206)
(0, 1, 0, 133, 0.6411353139493641)
(0, 1, 0, 134, 0.8365250772589058)
(0, 1, 0, 135, 0.4087119143979135)
(0, 1, 0, 136, 0.7531379262156289)
(0, 1, 0, 137, 0.560138731795551)
(0, 1, 0, 138, 0.4639803150744598)
(0, 1, 0, 139, 0.5069367825935068)
(0, 1, 0, 140, 0.5203646143575221)
(0, 1, 0, 141, 0.3640142630776621)
(0, 1, 0, 142, 0.5233847020935777)
(0, 1, 0, 143, 0.7947241054833541)
(0, 1, 0, 144, 0.7901824361841909)
(0, 1, 0, 145, 0.47954957379816904)
(0, 1, 0, 146, 0.5703006728641846)
(0, 1, 0, 147, 0.4668979322586748)
(0, 1, 0, 148, 0.3937308160096593)
(0, 1, 0, 149, 0.4301052781469167)
(0, 1, 0, 150, 0.39265045834679163)
(0, 1, 0, 151, 0.45394369308521326)
(0, 1, 0, 152, 0.5223277634098149)
(0, 1, 0, 153, 0.4551813189509848)
(0, 1, 0, 154, 0.46044292766701034)
(0, 1, 0, 155, 0.4782669792164714)
(0, 1, 0, 156, 0.5777673511156313)
(0, 1, 0, 157, 0.40466819944918947)
(0, 1, 0, 158, 0.5294632464242163)
(0, 1, 0, 159, 0.5533917158682822)
(0, 1, 0, 160, 0.4372502733212312)
(0, 1, 0, 161, 0.40563762328262815)
(0, 1, 0, 162, 0.5153540306313095)
(0, 1, 0, 163, 0.5127516169281775)
(0, 1, 0, 164, 0.41697302558456867)
(0, 1, 0, 165, 0.6078431875052119)
(0, 1, 0, 166, 0.35495334543335166)
(0, 1, 0, 167, 0.6459910642771894)
(0, 1, 0, 168, 0.5985778667425629)
(0, 1, 0, 169, 0.45630718681737514)
(0, 1, 0, 170, 0.5498648819691769)
(0, 1, 0, 171, 0.47575824933282784)
(0, 1, 0, 172, 0.42854931468735163)
(0, 1, 0, 173, 0.4722335093231505)
(0, 1, 0, 174, 0.5242987485054127)
(0, 1, 0, 175, 0.6591929341188895)
(0, 1, 0, 176, 0.3825122060950466)
(0, 1, 0, 177, 0.7069643758585318)
(0, 1, 0, 178, 0.526151812751051)
(0, 1, 0, 179, 0.4738515172186074)
(0, 1, 0, 180, 0.5610794749199143)
(0, 1, 0, 181, 0.5874546305595932)
(0, 1, 0, 182, 0.3744955557687939)
(0, 1, 0, 183, 0.44755242650093463)
(0, 1, 0, 184, 0.45689290458039383)
(0, 1, 0, 185, 0.6897389722841722)
(0, 1, 0, 186, 0.4719705597172335)
(0, 1, 0, 187, 0.45967505903560585)
(0, 1, 0, 188, 0.45615649035011074)
(0, 1, 0, 189, 0.6279252079441506)
(0, 1, 0, 190, 0.579779341648044)
(0, 1, 0, 191, 0.5297291594371312)
(0, 1, 0, 192, 0.5531531527766721)
(0, 1, 0, 193, 0.41884776183220757)
(0, 1, 0, 194, 0.8426965822868488)
(0, 1, 0, 195, 0.71702731785773)
(0, 1, 0, 196, 0.9872835359991066)
(0, 1, 0, 197, 0.6131952804223093)
(0, 1, 0, 198, 0.8574842111623681)
(0, 1, 0, 199, 0.876934539135189)
(0, 1, 0, 200, 0.518943794373617)
(0, 1, 0, 201, 0.7926318829914936)
(0, 1, 0, 202, 0.6024419158227462)
(0, 1, 0, 203, 0.507626156196138)
(0, 1, 0, 204, 0.48938722967788273)
(0, 1, 0, 205, 0.47362988323706984)
(0, 1, 0, 206, 0.501274474695979)
(0, 1, 0, 207, 0.5130950339590665)
(0, 1, 0, 208, 0.49115000282779003)
(0, 1, 0, 209, 0.45966527190525946)
(0, 1, 0, 210, 0.4663869445132925)
(0, 1, 0, 211, 0.7819448496923935)
(0, 1, 0, 212, 0.5143601394861681)
(0, 1, 0, 213, 0.5022089045072996)
(0, 1, 0, 214, 0.5174016381822463)
(0, 1, 0, 215, 0.5032670147252711)
(0, 1, 0, 216, 0.5016144548596808)
(0, 1, 0, 217, 0.43870275141810167)
(0, 1, 0, 218, 0.4344745226912704)
(0, 1, 0, 219, 0.47599266549176605)
(0, 1, 0, 220, 0.8250523647000566)
(0, 1, 0, 221, 0.6070292761624065)
(0, 1, 0, 222, 0.678872986413698)
(0, 1, 0, 223, 0.4243828295152332)
(0, 1, 0, 224, 0.4264471621000717)
(0, 1, 0, 225, 0.41246063979848574)
(0, 1, 0, 226, 0.6005452545164452)
(0, 1, 0, 227, 0.47092898653124754)
(0, 1, 0, 228, 0.4172567065280711)
(0, 1, 0, 229, 0.6633135520787273)
(0, 1, 0, 230, 0.5347675817030906)
(0, 1, 0, 231, 0.5215989680172967)
(0, 1, 0, 232, 0.4246298162301968)
(0, 1, 0, 233, 0.7188806580063257)
(0, 1, 0, 234, 0.5926236304902708)
(0, 1, 0, 235, 0.4776482524791972)
(0, 1, 0, 236, 0.4918765822937798)
(0, 1, 0, 237, 0.46369922841001576)
(0, 1, 0, 238, 0.3826230747634316)
(0, 1, 0, 239, 0.5378903053695079)
(0, 1, 0, 240, 0.4324569860911817)
(0, 1, 0, 241, 0.4504027869876317)
(0, 1, 0, 242, 0.480358713705405)
(0, 1, 0, 243, 0.5289468637545663)
(0, 1, 0, 244, 0.4958560134242129)
(0, 1, 0, 245, 0.43388971396660225)
(0, 1, 0, 246, 0.471827968708652)
(0, 1, 0, 247, 0.8078315516194704)
(0, 1, 0, 248, 0.4298290846991791)
(0, 1, 0, 249, 0.8799239406807728)
(0, 1, 1, 0, 0.5086580497292648)
(0, 1, 1, 1, 0.6133798807134404)
(0, 1, 1, 2, 0.5362353107089992)
(0, 1, 1, 3, 0.6103833533516442)
(0, 1, 1, 4, 0.6048675323133329)
(0, 1, 1, 5, 0.5581100153619555)
(0, 1, 1, 6, 0.5693315329951634)
(0, 1, 1, 7, 0.5679386212444766)
(0, 1, 1, 8, 0.5596004606949939)
(0, 1, 1, 9, 0.6069935494811637)
(0, 1, 1, 10, 0.585845794940984)
(0, 1, 1, 11, 0.5677557799470333)
(0, 1, 1, 12, 0.5861973105638238)
(0, 1, 1, 13, 0.5648036294817885)
(0, 1, 1, 14, 0.5690706508393517)
(0, 1, 1, 15, 0.5882333004871904)
(0, 1, 1, 16, 0.5613059819802657)
(0, 1, 1, 17, 0.5776178874998376)
(0, 1, 1, 18, 0.5672899114511109)
(0, 1, 1, 19, 0.5444162632035348)
(0, 1, 1, 20, 0.5743642083580764)
(0, 1, 1, 21, 0.542508169992128)
(0, 1, 1, 22, 0.5272180678375399)
(0, 1, 1, 23, 0.5694396243165548)
(0, 1, 1, 24, 0.5451280017557069)
(0, 1, 1, 25, 0.554466237622468)
(0, 1, 1, 26, 0.6129702563073003)
(0, 1, 1, 27, 0.5585160330035346)
(0, 1, 1, 28, 0.5784298546718671)
(0, 1, 1, 29, 0.580238305088981)
(0, 1, 1, 30, 0.5784399605755361)
(0, 1, 1, 31, 0.571371873635941)
(0, 1, 1, 32, 0.5311543772894602)
(0, 1, 1, 33, 0.5913610683948007)
(0, 1, 1, 34, 0.5791749682075137)
(0, 1, 1, 35, 0.5677077291439626)
(0, 1, 1, 36, 0.5734430693586546)
(0, 1, 1, 37, 0.5624662245126466)
(0, 1, 1, 38, 0.5361779879781062)
(0, 1, 1, 39, 0.5631463724641249)
(0, 1, 1, 40, 0.5949613041367317)
(0, 1, 1, 41, 0.5908373565752704)
(0, 1, 1, 42, 0.559550453276511)
(0, 1, 1, 43, 0.5677514274889451)
(0, 1, 1, 44, 0.5948608961953763)
(0, 1, 1, 45, 0.5776353800049747)
(0, 1, 1, 46, 0.5789544264705851)
(0, 1, 1, 47, 0.5731088791375528)
(0, 1, 1, 48, 0.620639292073417)
(0, 1, 1, 49, 0.5666218904144827)
(0, 1, 1, 50, 0.5646439524077376)
(0, 1, 1, 51, 0.5692060432860363)
(0, 1, 1, 52, 0.571223778398518)
(0, 1, 1, 53, 0.5909093605254236)
(0, 1, 1, 54, 0.5385478493967236)
(0, 1, 1, 55, 0.6036063498079799)
(0, 1, 1, 56, 0.5572628560412934)
(0, 1, 1, 57, 0.5640519704095984)
(0, 1, 1, 58, 0.5905284213568008)
(0, 1, 1, 59, 0.5459576247883634)
(0, 1, 1, 60, 0.5977814058592247)
(0, 1, 1, 61, 0.571396523806173)
(0, 1, 1, 62, 0.5711148047114211)
(0, 1, 1, 63, 0.5672732027987106)
(0, 1, 1, 64, 0.5921913758722097)
(0, 1, 1, 65, 0.575340464302162)
(0, 1, 1, 66, 0.5706723058208476)
(0, 1, 1, 67, 0.5342099634835136)
(0, 1, 1, 68, 0.5885539829538682)
(0, 1, 1, 69, 0.5601413244451839)
(0, 1, 1, 70, 0.5592815734224988)
(0, 1, 1, 71, 0.5916227020289319)
(0, 1, 1, 72, 0.5814437468454972)
(0, 1, 1, 73, 0.5987786439281065)
(0, 1, 1, 74, 0.5627961610241121)
(0, 1, 1, 75, 0.5584288921022582)
(0, 1, 1, 76, 0.5994810962779697)
(0, 1, 1, 77, 0.5962220382890209)
(0, 1, 1, 78, 0.563495126043403)
(0, 1, 1, 79, 0.5611930854279663)
(0, 1, 1, 80, 0.572441163735758)
(0, 1, 1, 81, 0.5543342615537221)
(0, 1, 1, 82, 0.5966533144872407)
(0, 1, 1, 83, 0.5686444914702024)
(0, 1, 1, 84, 0.5880601183676831)
(0, 1, 1, 85, 0.5748588697119397)
(0, 1, 1, 86, 0.5569217553845582)
(0, 1, 1, 87, 0.5182516088726477)
(0, 1, 1, 88, 0.5598721708126977)
(0, 1, 1, 89, 0.5950239064803917)
(0, 1, 1, 90, 0.558066991959399)
(0, 1, 1, 91, 0.6126587021714768)
(0, 1, 1, 92, 0.5633861618710484)
(0, 1, 1, 93, 0.5769783960154373)
(0, 1, 1, 94, 0.5113804359599126)
(0, 1, 1, 95, 0.553789173295079)
(0, 1, 1, 96, 0.5857876252741234)
(0, 1, 1, 97, 0.5734145890775079)
(0, 1, 1, 98, 0.5672856576687222)
(0, 1, 1, 99, 0.5596312505340759)
(0, 1, 1, 100, 0.5832422488573732)
(0, 1, 1, 101, 0.5479025517629267)
(0, 1, 1, 102, 0.5767317693735722)
(0, 1, 1, 103, 0.562681972102282)
(0, 1, 1, 104, 0.554181538078206)
(0, 1, 1, 105, 0.6084612820039774)
(0, 1, 1, 106, 0.554999089117705)
(0, 1, 1, 107, 0.5541779055161343)
(0, 1, 1, 108, 0.60430498055617)
(0, 1, 1, 109, 0.5540673161026322)
(0, 1, 1, 110, 0.5609244086478693)
(0, 1, 1, 111, 0.5687111012445866)
(0, 1, 1, 112, 0.55902410249175)
(0, 1, 1, 113, 0.5546390248503323)
(0, 1, 1, 114, 0.5874757496811974)
(0, 1, 1, 115, 0.577022587903169)
(0, 1, 1, 116, 0.6083329188923903)
(0, 1, 1, 117, 0.5661787614613955)
(0, 1, 1, 118, 0.5639862168458227)
(0, 1, 1, 119, 0.531885221898128)
(0, 1, 1, 120, 0.5700521727619688)
(0, 1, 1, 121, 0.5634861499162838)
(0, 1, 1, 122, 0.6056418504756687)
(0, 1, 1, 123, 0.5561068645191561)
(0, 1, 1, 124, 0.553216388123284)
(0, 1, 1, 125, 0.5545718284800565)
(0, 1, 1, 126, 0.5541541896875939)
(0, 1, 1, 127, 0.609811173961426)
(0, 1, 1, 128, 0.563463588978647)
(0, 1, 1, 129, 0.5527473293653318)
(0, 1, 1, 130, 0.5782956517217985)
(0, 1, 1, 131, 0.5796088247053944)
(0, 1, 1, 132, 0.5642715659916024)
(0, 1, 1, 133, 0.5778492440109948)
(0, 1, 1, 134, 0.5614029185777435)
(0, 1, 1, 135, 0.5369635031423688)
(0, 1, 1, 136, 0.5530584588549449)
(0, 1, 1, 137, 0.5667815221858352)
(0, 1, 1, 138, 0.595285844702234)
(0, 1, 1, 139, 0.5532184280289293)
(0, 1, 1, 140, 0.5601609866361199)
(0, 1, 1, 141, 0.5954198910957517)
(0, 1, 1, 142, 0.6071229254692166)
(0, 1, 1, 143, 0.547106015763933)
(0, 1, 1, 144, 0.5663470729605682)
(0, 1, 1, 145, 0.5531927196964869)
(0, 1, 1, 146, 0.5661792217026094)
(0, 1, 1, 147, 0.570213874252441)
(0, 1, 1, 148, 0.5712634820832833)
(0, 1, 1, 149, 0.5781562146325561)
(0, 1, 1, 150, 0.5535375896359483)
(0, 1, 1, 151, 0.5685975910226831)
(0, 1, 1, 152, 0.5493057689332481)
(0, 1, 1, 153, 0.5702412673588035)
(0, 1, 1, 154, 0.553842821071038)
(0, 1, 1, 155, 0.5683098631573512)
(0, 1, 1, 156, 0.5561473311841519)
(0, 1, 1, 157, 0.5472479194447604)
(0, 1, 1, 158, 0.5695914057246159)
(0, 1, 1, 159, 0.5750841136973718)
(0, 1, 1, 160, 0.605267248695187)
(0, 1, 1, 161, 0.5383892772864224)
(0, 1, 1, 162, 0.5677402069139966)
(0, 1, 1, 163, 0.5702918158086399)
(0, 1, 1, 164, 0.5668381819974194)
(0, 1, 1, 165, 0.598183455684223)
(0, 1, 1, 166, 0.5759247602373779)
(0, 1, 1, 167, 0.5686047653246793)
(0, 1, 1, 168, 0.5991692567557996)
(0, 1, 1, 169, 0.554724823048206)
(0, 1, 1, 170, 0.5655052870413324)
(0, 1, 1, 171, 0.5944829424961727)
(0, 1, 1, 172, 0.5365154977237245)
(0, 1, 1, 173, 0.5584954884884319)
(0, 1, 1, 174, 0.5203145633512007)
(0, 1, 1, 175, 0.5616630748765109)
(0, 1, 1, 176, 0.5756511575253237)
(0, 1, 1, 177, 0.5675026718338473)
(0, 1, 1, 178, 0.5576629698234631)
(0, 1, 1, 179, 0.5630295087187803)
(0, 1, 1, 180, 0.5570940437742469)
(0, 1, 1, 181, 0.5628202664573572)
(0, 1, 1, 182, 0.6021817259256359)
(0, 1, 1, 183, 0.6010503129955804)
(0, 1, 1, 184, 0.5994357907496938)
(0, 1, 1, 185, 0.5750492735507869)
(0, 1, 1, 186, 0.5944683339391685)
(0, 1, 1, 187, 0.5937453939447669)
(0, 1, 1, 188, 0.5869143158690371)
(0, 1, 1, 189, 0.5702487538694722)
(0, 1, 1, 190, 0.5930929678863723)
(0, 1, 1, 191, 0.6089215873431426)
(0, 1, 1, 192, 0.578827112283575)
(0, 1, 1, 193, 0.5847761937897571)
(0, 1, 1, 194, 0.573039973091902)
(0, 1, 1, 195, 0.5551705429017917)
(0, 1, 1, 196, 0.5532227135213319)
(0, 1, 1, 197, 0.5989712198756709)
(0, 1, 1, 198, 0.590306514351382)
(0, 1, 1, 199, 0.5924108655460552)
(0, 1, 1, 200, 0.5902213133953943)
(0, 1, 1, 201, 0.5847315427484223)
(0, 1, 1, 202, 0.5781627439184869)
(0, 1, 1, 203, 0.5707049182123412)
(0, 1, 1, 204, 0.5544644735287849)
(0, 1, 1, 205, 0.5675317382252355)
(0, 1, 1, 206, 0.6001343996097407)
(0, 1, 1, 207, 0.5911451241938633)
(0, 1, 1, 208, 0.6091702536594394)
(0, 1, 1, 209, 0.5434621060284766)
(0, 1, 1, 210, 0.5558684061389092)
(0, 1, 1, 211, 0.5483543567861638)
(0, 1, 1, 212, 0.6125014734080688)
(0, 1, 1, 213, 0.576236897105978)
(0, 1, 1, 214, 0.5715008926291024)
(0, 1, 1, 215, 0.5542963473451601)
(0, 1, 1, 216, 0.5656469498664001)
(0, 1, 1, 217, 0.5907689257730349)
(0, 1, 1, 218, 0.5520776452811552)
(0, 1, 1, 219, 0.5923133874896542)
(0, 1, 1, 220, 0.5683931225404151)
(0, 1, 1, 221, 0.563719044913976)
(0, 1, 1, 222, 0.5592040018821304)
(0, 1, 1, 223, 0.5885930864629314)
(0, 1, 1, 224, 0.5807335924796148)
(0, 1, 1, 225, 0.554374301757218)
(0, 1, 1, 226, 0.5607229524196787)
(0, 1, 1, 227, 0.5850770022578788)
(0, 1, 1, 228, 0.5592165804484808)
(0, 1, 1, 229, 0.5920868286184767)
(0, 1, 1, 230, 0.5984853704521004)
(0, 1, 1, 231, 0.5513292914375912)
(0, 1, 1, 232, 0.5801897668965428)
(0, 1, 1, 233, 0.5760963947054604)
(0, 1, 1, 234, 0.5771226683698992)
(0, 1, 1, 235, 0.5858551513196559)
(0, 1, 1, 236, 0.5944316164173504)
(0, 1, 1, 237, 0.556522222241567)
(0, 1, 1, 238, 0.5580001669692405)
(0, 1, 1, 239, 0.6201155197607321)
(0, 1, 1, 240, 0.5745320345488754)
(0, 1, 1, 241, 0.6004610969588392)
(0, 1, 1, 242, 0.5608428763882167)
(0, 1, 1, 243, 0.5605072714250873)
(0, 1, 1, 244, 0.5736597105456659)
(0, 1, 1, 245, 0.5700896090096337)
(0, 1, 1, 246, 0.5526677065434723)
(0, 1, 1, 247, 0.5932697895278259)
(0, 1, 1, 248, 0.5609830918587555)
(0, 1, 1, 249, 0.5437545610700452)
(0, 2, 0, 0, 0.8613840353920598)
(0, 2, 0, 1, 0.8425703375354265)
(0, 2, 0, 2, 0.6992297470252783)
(0, 2, 0, 3, 0.9921353759445589)
(0, 2, 0, 4, 0.7702855484594563)
(0, 2, 0, 5, 0.7153908938825569)
(0, 2, 0, 6, 0.7979779529686393)
(0, 2, 0, 7, 0.6906498972358885)
(0, 2, 0, 8, 0.6920081128988543)
(0, 2, 0, 9, 1.0029896906525273)
(0, 2, 0, 10, 0.6898427240398071)
(0, 2, 0, 11, 0.641626748163999)
(0, 2, 0, 12, 0.6572313239234887)
(0, 2, 0, 13, 0.9490337892309)
(0, 2, 0, 14, 0.7495539536691554)
(0, 2, 0, 15, 0.6771731169023635)
(0, 2, 0, 16, 0.7240289020490296)
(0, 2, 0, 17, 0.7389369046651939)
(0, 2, 0, 18, 0.6982663524210647)
(0, 2, 0, 19, 0.6545224808885914)
(0, 2, 0, 20, 0.6944739105800801)
(0, 2, 0, 21, 1.0057602319420937)
(0, 2, 0, 22, 0.6190153114444613)
(0, 2, 0, 23, 0.8011333633803515)
(0, 2, 0, 24, 0.678308847034818)
(0, 2, 0, 25, 0.7326327582017416)
(0, 2, 0, 26, 0.7253556505058447)
(0, 2, 0, 27, 0.7114163364950022)
(0, 2, 0, 28, 0.7042008044691634)
(0, 2, 0, 29, 0.7498278701185026)
(0, 2, 0, 30, 0.6630309564248956)
(0, 2, 0, 31, 0.9464555417586858)
(0, 2, 0, 32, 0.7270277005694211)
(0, 2, 0, 33, 0.6941501961064676)
(0, 2, 0, 34, 0.7374368839737623)
(0, 2, 0, 35, 0.6264427813938598)
(0, 2, 0, 36, 0.7279102555967284)
(0, 2, 0, 37, 0.6265296952330673)
(0, 2, 0, 38, 0.6387992704913733)
(0, 2, 0, 39, 0.6235267205871322)
(0, 2, 0, 40, 0.941358151660576)
(0, 2, 0, 41, 0.7328666420896099)
(0, 2, 0, 42, 0.6663500462006445)
(0, 2, 0, 43, 0.8530672399804696)
(0, 2, 0, 44, 0.650903207484876)
(0, 2, 0, 45, 0.6417713192914823)
(0, 2, 0, 46, 0.7536499840135442)
(0, 2, 0, 47, 0.7677311900845581)
(0, 2, 0, 48, 0.7289294647586321)
(0, 2, 0, 49, 0.6712391457082275)
(0, 2, 0, 50, 0.9753035792372535)
(0, 2, 0, 51, 0.7277558234641546)
(0, 2, 0, 52, 0.7455488886851508)
(0, 2, 0, 53, 0.8368437770437339)
(0, 2, 0, 54, 0.684125017652817)
(0, 2, 0, 55, 0.7619956676316567)
(0, 2, 0, 56, 0.6902996921726192)
(0, 2, 0, 57, 0.6115545927155436)
(0, 2, 0, 58, 0.7628131068617671)
(0, 2, 0, 59, 1.0185475032309839)
(0, 2, 0, 60, 0.7211066645756017)
(0, 2, 0, 61, 0.8483299864052531)
(0, 2, 0, 62, 0.6581622754191849)
(0, 2, 0, 63, 0.6664546971912128)
(0, 2, 0, 64, 0.6872067740307679)
(0, 2, 0, 65, 0.7680636043260394)
(0, 2, 0, 66, 0.7018552978152092)
(0, 2, 0, 67, 0.6539753098395984)
(0, 2, 0, 68, 0.7054370307759362)
(0, 2, 0, 69, 1.0614856707518032)
(0, 2, 0, 70, 0.6019588644849782)
(0, 2, 0, 71, 0.7793965745341197)
(0, 2, 0, 72, 0.7419466019174591)
(0, 2, 0, 73, 0.7916559273440028)
(0, 2, 0, 74, 0.6866966150393287)
(0, 2, 0, 75, 0.7289493653004707)
(0, 2, 0, 76, 0.768702335987477)
(0, 2, 0, 77, 0.6412924783314145)
(0, 2, 0, 78, 0.7091559156415173)
(0, 2, 0, 79, 0.6832561537062984)
(0, 2, 0, 80, 0.7398803740360945)
(0, 2, 0, 81, 0.8101140269412681)
(0, 2, 0, 82, 1.038440983962534)
(0, 2, 0, 83, 0.6131778247261797)
(0, 2, 0, 84, 0.6433679859440407)
(0, 2, 0, 85, 0.8010699341355068)
(0, 2, 0, 86, 0.660091981847836)
(0, 2, 0, 87, 0.6970317894759546)
(0, 2, 0, 88, 0.6933481337131028)
(0, 2, 0, 89, 0.7093137614119188)
(0, 2, 0, 90, 0.7893687279803087)
(0, 2, 0, 91, 0.7650813179584227)
(0, 2, 0, 92, 0.6928573436350843)
(0, 2, 0, 93, 0.9402828510883712)
(0, 2, 0, 94, 0.7040875608110233)
(0, 2, 0, 95, 0.6650512142990578)
(0, 2, 0, 96, 0.6960407585753567)
(0, 2, 0, 97, 1.0081154888574158)
(0, 2, 0, 98, 0.6613549578670737)
(0, 2, 0, 99, 0.754380593199576)
(0, 2, 0, 100, 0.6378715139552389)
(0, 2, 0, 101, 0.8136229094123071)
(0, 2, 0, 102, 0.6034841801457906)
(0, 2, 0, 103, 0.7025724799194214)
(0, 2, 0, 104, 0.6349231944542854)
(0, 2, 0, 105, 0.622379535804962)
(0, 2, 0, 106, 0.7271294181040324)
(0, 2, 0, 107, 0.6636679561252431)
(0, 2, 0, 108, 1.0670514517858487)
(0, 2, 0, 109, 0.7141895679737164)
(0, 2, 0, 110, 0.772916518216198)
(0, 2, 0, 111, 0.8401807208214892)
(0, 2, 0, 112, 0.6059815926407006)
(0, 2, 0, 113, 0.6371754106071493)
(0, 2, 0, 114, 0.9844827902783422)
(0, 2, 0, 115, 0.6684585419136297)
(0, 2, 0, 116, 0.6028577896262222)
(0, 2, 0, 117, 0.619367077538551)
(0, 2, 0, 118, 1.064279535623096)
(0, 2, 0, 119, 0.6802579821391995)
(0, 2, 0, 120, 1.072793023239375)
(0, 2, 0, 121, 0.7302539452739623)
(0, 2, 0, 122, 0.7129351454737505)
(0, 2, 0, 123, 0.6957363112393142)
(0, 2, 0, 124, 0.6497982263728393)
(0, 2, 0, 125, 0.6320662652094221)
(0, 2, 0, 126, 0.7392780111080306)
(0, 2, 0, 127, 0.7003475209159393)
(0, 2, 0, 128, 0.6137773038627611)
(0, 2, 0, 129, 0.716275048857551)
(0, 2, 0, 130, 0.8188424858933745)
(0, 2, 0, 131, 0.7151888903454308)
(0, 2, 0, 132, 0.7590901346842255)
(0, 2, 0, 133, 0.8427855040166333)
(0, 2, 0, 134, 0.9415600506291774)
(0, 2, 0, 135, 0.6828126452390989)
(0, 2, 0, 136, 0.8843204651415963)
(0, 2, 0, 137, 0.6897239535115511)
(0, 2, 0, 138, 0.6800257446726328)
(0, 2, 0, 139, 0.6690922551691438)
(0, 2, 0, 140, 0.6840694458414115)
(0, 2, 0, 141, 0.639232225955224)
(0, 2, 0, 142, 0.7088709948181805)
(0, 2, 0, 143, 0.9832779427093568)
(0, 2, 0, 144, 0.8336833214044873)
(0, 2, 0, 145, 0.7289184053521649)
(0, 2, 0, 146, 0.7478509384848969)
(0, 2, 0, 147, 0.6704193755310618)
(0, 2, 0, 148, 0.6844090965062295)
(0, 2, 0, 149, 0.7724217332605464)
(0, 2, 0, 150, 0.6411468002386033)
(0, 2, 0, 151, 0.6903027525069075)
(0, 2, 0, 152, 0.835773952884584)
(0, 2, 0, 153, 0.7292642208560851)
(0, 2, 0, 154, 0.6334872889352571)
(0, 2, 0, 155, 0.6553431059159185)
(0, 2, 0, 156, 0.744009850943598)
(0, 2, 0, 157, 0.7474901159247248)
(0, 2, 0, 158, 0.6371106029052219)
(0, 2, 0, 159, 0.7998969828553347)
(0, 2, 0, 160, 0.6248506958701994)
(0, 2, 0, 161, 0.5993857979802758)
(0, 2, 0, 162, 0.7223120583871431)
(0, 2, 0, 163, 0.6327592070715612)
(0, 2, 0, 164, 0.6316773279537559)
(0, 2, 0, 165, 0.7677556034170381)
(0, 2, 0, 166, 0.625559327226402)
(0, 2, 0, 167, 1.0482371971493047)
(0, 2, 0, 168, 0.7351918264027146)
(0, 2, 0, 169, 0.726677401249132)
(0, 2, 0, 170, 0.9959982897881431)
(0, 2, 0, 171, 0.6695375169407602)
(0, 2, 0, 172, 0.664823412144683)
(0, 2, 0, 173, 0.6905907710290511)
(0, 2, 0, 174, 0.6896237345227526)
(0, 2, 0, 175, 0.823774540052617)
(0, 2, 0, 176, 0.6536233910254919)
(0, 2, 0, 177, 0.827256807095101)
(0, 2, 0, 178, 0.6930011015680031)
(0, 2, 0, 179, 0.7526402158249069)
(0, 2, 0, 180, 0.6955445345075325)
(0, 2, 0, 181, 0.7259286936235776)
(0, 2, 0, 182, 0.6529585120267144)
(0, 2, 0, 183, 0.5943116236486826)
(0, 2, 0, 184, 0.6631963469286292)
(0, 2, 0, 185, 0.793818734433899)
(0, 2, 0, 186, 0.6389208326673637)
(0, 2, 0, 187, 0.6391885750132594)
(0, 2, 0, 188, 0.6358694231475336)
(0, 2, 0, 189, 0.7669554552730524)
(0, 2, 0, 190, 0.7088843575580498)
(0, 2, 0, 191, 0.8139770595679247)
(0, 2, 0, 192, 0.7215189887258522)
(0, 2, 0, 193, 0.6520531486253586)
(0, 2, 0, 194, 0.9575238122403087)
(0, 2, 0, 195, 1.0735060820747035)
(0, 2, 0, 196, 1.067503039017258)
(0, 2, 0, 197, 0.6785233254405937)
(0, 2, 0, 198, 0.9388830420514169)
(0, 2, 0, 199, 1.00054135842383)
(0, 2, 0, 200, 0.7213329380684741)
(0, 2, 0, 201, 0.901332675072457)
(0, 2, 0, 202, 0.7344350417020377)
(0, 2, 0, 203, 0.6621630060529172)
(0, 2, 0, 204, 0.6602442751257863)
(0, 2, 0, 205, 0.7250035233162629)
(0, 2, 0, 206, 0.6498455789719615)
(0, 2, 0, 207, 0.6553370510164135)
(0, 2, 0, 208, 0.6680963772831753)
(0, 2, 0, 209, 0.7771379592365476)
(0, 2, 0, 210, 0.6636446200595394)
(0, 2, 0, 211, 0.844705806841198)
(0, 2, 0, 212, 0.6681436018227704)
(0, 2, 0, 213, 0.6722697611104086)
(0, 2, 0, 214, 0.7835137994426894)
(0, 2, 0, 215, 0.7317192470455777)
(0, 2, 0, 216, 0.6942287435931256)
(0, 2, 0, 217, 0.6872188589788367)
(0, 2, 0, 218, 0.6203002507917647)
(0, 2, 0, 219, 0.6631024539371101)
(0, 2, 0, 220, 0.8977877193694555)
(0, 2, 0, 221, 0.7894186412119455)
(0, 2, 0, 222, 0.7944736026658759)
(0, 2, 0, 223, 0.7086839964060931)
(0, 2, 0, 224, 0.6586028364988101)
(0, 2, 0, 225, 0.6595444660932747)
(0, 2, 0, 226, 0.9136658560528098)
(0, 2, 0, 227, 0.6746907274556017)
(0, 2, 0, 228, 0.5808145261986457)
(0, 2, 0, 229, 0.7879061383574232)
(0, 2, 0, 230, 0.7601874913757585)
(0, 2, 0, 231, 1.0080328247780308)
(0, 2, 0, 232, 0.6699897343349511)
(0, 2, 0, 233, 1.1215486762750697)
(0, 2, 0, 234, 0.6508564233979092)
(0, 2, 0, 235, 0.6625404260602157)
(0, 2, 0, 236, 0.7863564387461512)
(0, 2, 0, 237, 0.6644430158977395)
(0, 2, 0, 238, 0.6697018175144922)
(0, 2, 0, 239, 0.6816868882912785)
(0, 2, 0, 240, 0.6338759114832959)
(0, 2, 0, 241, 0.6520081290679207)
(0, 2, 0, 242, 0.7626921316497125)
(0, 2, 0, 243, 0.7448146022618659)
(0, 2, 0, 244, 0.6643631521760947)
(0, 2, 0, 245, 0.7137869468866531)
(0, 2, 0, 246, 0.7118999587651683)
(0, 2, 0, 247, 0.8768433835511018)
(0, 2, 0, 248, 0.6973970759927148)
(0, 2, 0, 249, 0.9725176695109741)
(0, 2, 1, 0, 0.6843010137272917)
(0, 2, 1, 1, 0.7869429369245994)
(0, 2, 1, 2, 0.7064020641902484)
(0, 2, 1, 3, 0.835514691667225)
(0, 2, 1, 4, 0.8967851687532634)
(0, 2, 1, 5, 0.7934013766629865)
(0, 2, 1, 6, 0.8366578196937883)
(0, 2, 1, 7, 0.8530334659682433)
(0, 2, 1, 8, 0.7560264806817409)
(0, 2, 1, 9, 0.8831963403382526)
(0, 2, 1, 10, 0.8121864338862629)
(0, 2, 1, 11, 0.7971930915928951)
(0, 2, 1, 12, 0.803660838215585)
(0, 2, 1, 13, 0.8204757455310039)
(0, 2, 1, 14, 0.8651500147015553)
(0, 2, 1, 15, 0.8822127441014215)
(0, 2, 1, 16, 0.8517057345457775)
(0, 2, 1, 17, 0.7150776532122882)
(0, 2, 1, 18, 0.7825643206108368)
(0, 2, 1, 19, 0.729121889632639)
(0, 2, 1, 20, 0.8389035920843337)
(0, 2, 1, 21, 0.7445625716173871)
(0, 2, 1, 22, 0.7534079201969929)
(0, 2, 1, 23, 0.8664726178753368)
(0, 2, 1, 24, 0.8270241288163978)
(0, 2, 1, 25, 0.7218327809844937)
(0, 2, 1, 26, 0.8753826153867477)
(0, 2, 1, 27, 0.7571070145692292)
(0, 2, 1, 28, 0.8197825338029243)
(0, 2, 1, 29, 0.8141826891854103)
(0, 2, 1, 30, 0.8009316750440985)
(0, 2, 1, 31, 0.7996901289764883)
(0, 2, 1, 32, 0.715433430513152)
(0, 2, 1, 33, 0.8251320260080902)
(0, 2, 1, 34, 0.8147913221433885)
(0, 2, 1, 35, 0.7547963698200247)
(0, 2, 1, 36, 0.7672436152283264)
(0, 2, 1, 37, 0.8573693155916163)
(0, 2, 1, 38, 0.7168369079440414)
(0, 2, 1, 39, 0.8285757972195561)
(0, 2, 1, 40, 0.8257154555585532)
(0, 2, 1, 41, 0.8974871039479031)
(0, 2, 1, 42, 0.7652905827264247)
(0, 2, 1, 43, 0.8170752515259024)
(0, 2, 1, 44, 0.8850843151824853)
(0, 2, 1, 45, 0.8081097270069728)
(0, 2, 1, 46, 0.7861820812017384)
(0, 2, 1, 47, 0.8729057330389933)
(0, 2, 1, 48, 0.8454505974289885)
(0, 2, 1, 49, 0.7120573309360609)
(0, 2, 1, 50, 0.7950887049456823)
(0, 2, 1, 51, 0.8410861674032972)
(0, 2, 1, 52, 0.8499335537576862)
(0, 2, 1, 53, 0.7965784907963847)
(0, 2, 1, 54, 0.7170838616338895)
(0, 2, 1, 55, 0.8318919404666653)
(0, 2, 1, 56, 0.8275885839434388)
(0, 2, 1, 57, 0.7963805591699544)
(0, 2, 1, 58, 0.8322517415621152)
(0, 2, 1, 59, 0.8495502345117594)
(0, 2, 1, 60, 0.8824524381350118)
(0, 2, 1, 61, 0.8127919184985541)
(0, 2, 1, 62, 0.7920760200766196)
(0, 2, 1, 63, 0.8200565710518378)
(0, 2, 1, 64, 0.804875271676004)
(0, 2, 1, 65, 0.8374952886872113)
(0, 2, 1, 66, 0.8104837484603661)
(0, 2, 1, 67, 0.7071948103504484)
(0, 2, 1, 68, 0.8442067316034585)
(0, 2, 1, 69, 0.8389955049742505)
(0, 2, 1, 70, 0.811051024271544)
(0, 2, 1, 71, 0.7857581932203024)
(0, 2, 1, 72, 0.8403532110628656)
(0, 2, 1, 73, 0.8556570762463371)
(0, 2, 1, 74, 0.7909326598996241)
(0, 2, 1, 75, 0.8544431891142459)
(0, 2, 1, 76, 0.7728597372534399)
(0, 2, 1, 77, 0.8644181694830898)
(0, 2, 1, 78, 0.8137450199839635)
(0, 2, 1, 79, 0.8406818509753208)
(0, 2, 1, 80, 0.6911365720431532)
(0, 2, 1, 81, 0.7474269645917038)
(0, 2, 1, 82, 0.8539800075695435)
(0, 2, 1, 83, 0.7764624223514422)
(0, 2, 1, 84, 0.8373056865638198)
(0, 2, 1, 85, 0.7903840864004219)
(0, 2, 1, 86, 0.862804520826966)
(0, 2, 1, 87, 0.7294693740988226)
(0, 2, 1, 88, 0.7962514705302178)
(0, 2, 1, 89, 0.815273687303091)
(0, 2, 1, 90, 0.7814705848389504)
(0, 2, 1, 91, 0.8432432214671315)
(0, 2, 1, 92, 0.7975017493680523)
(0, 2, 1, 93, 0.8268759233640328)
(0, 2, 1, 94, 0.7161612709067664)
(0, 2, 1, 95, 0.8314365088943855)
(0, 2, 1, 96, 0.8308294144681921)
(0, 2, 1, 97, 0.8102377734305339)
(0, 2, 1, 98, 0.8073601219270806)
(0, 2, 1, 99, 0.7686085252742589)
(0, 2, 1, 100, 0.8352181160270674)
(0, 2, 1, 101, 0.7156710020943794)
(0, 2, 1, 102, 0.8912137069752103)
(0, 2, 1, 103, 0.8488743418764292)
(0, 2, 1, 104, 0.8440801708177553)
(0, 2, 1, 105, 0.8183029865748997)
(0, 2, 1, 106, 0.831947164526636)
(0, 2, 1, 107, 0.74285826491345)
(0, 2, 1, 108, 0.8741335165451944)
(0, 2, 1, 109, 0.8394572309836837)
(0, 2, 1, 110, 0.7970935831287808)
(0, 2, 1, 111, 0.813941454999124)
(0, 2, 1, 112, 0.8585285552382401)
(0, 2, 1, 113, 0.7814557418334185)
(0, 2, 1, 114, 0.8444381005763559)
(0, 2, 1, 115, 0.8233744468700495)
(0, 2, 1, 116, 0.8629391816356508)
(0, 2, 1, 117, 0.8062770123315353)
(0, 2, 1, 118, 0.8008316304699886)
(0, 2, 1, 119, 0.8287625505183149)
(0, 2, 1, 120, 0.8373323195023415)
(0, 2, 1, 121, 0.7997875235266088)
(0, 2, 1, 122, 0.8311333045949615)
(0, 2, 1, 123, 0.8592237786202364)
(0, 2, 1, 124, 0.8411044958349632)
(0, 2, 1, 125, 0.7495240172975003)
(0, 2, 1, 126, 0.6982549304418288)
(0, 2, 1, 127, 0.835440873138804)
(0, 2, 1, 128, 0.781911801874017)
(0, 2, 1, 129, 0.8341531326563439)
(0, 2, 1, 130, 0.7765597174396885)
(0, 2, 1, 131, 0.8400401811207495)
(0, 2, 1, 132, 0.8501238843481982)
(0, 2, 1, 133, 0.7989752662869202)
(0, 2, 1, 134, 0.777974974942782)
(0, 2, 1, 135, 0.7468567088137702)
(0, 2, 1, 136, 0.8083437763312451)
(0, 2, 1, 137, 0.8475488069258748)
(0, 2, 1, 138, 0.7886702555213416)
(0, 2, 1, 139, 0.8136462695263211)
(0, 2, 1, 140, 0.8347133526062768)
(0, 2, 1, 141, 0.8655575218185511)
(0, 2, 1, 142, 0.8517586584505106)
(0, 2, 1, 143, 0.8429600231241815)
(0, 2, 1, 144, 0.8109141315336224)
(0, 2, 1, 145, 0.7914626166955883)
(0, 2, 1, 146, 0.7184016792981831)
(0, 2, 1, 147, 0.7420603431851132)
(0, 2, 1, 148, 0.8545489888658689)
(0, 2, 1, 149, 0.8036034755111389)
(0, 2, 1, 150, 0.7469756803486077)
(0, 2, 1, 151, 0.8269248678489163)
(0, 2, 1, 152, 0.8232706802823612)
(0, 2, 1, 153, 0.7969939585055463)
(0, 2, 1, 154, 0.7843856685114006)
(0, 2, 1, 155, 0.8127031206185934)
(0, 2, 1, 156, 0.7295137144258038)
(0, 2, 1, 157, 0.8380953251145031)
(0, 2, 1, 158, 0.8159455021512556)
(0, 2, 1, 159, 0.830449290629641)
(0, 2, 1, 160, 0.8489772395317928)
(0, 2, 1, 161, 0.8593525131636363)
(0, 2, 1, 162, 0.8751779078961102)
(0, 2, 1, 163, 0.8456567180113367)
(0, 2, 1, 164, 0.7519931521642681)
(0, 2, 1, 165, 0.8260606889584111)
(0, 2, 1, 166, 0.8254884918944112)
(0, 2, 1, 167, 0.7528134991700376)
(0, 2, 1, 168, 0.8983038574166158)
(0, 2, 1, 169, 0.7744495411914977)
(0, 2, 1, 170, 0.8253071932602872)
(0, 2, 1, 171, 0.8384099582558607)
(0, 2, 1, 172, 0.7181873370283449)
(0, 2, 1, 173, 0.8180231020084038)
(0, 2, 1, 174, 0.7363999654205738)
(0, 2, 1, 175, 0.8590746166831086)
(0, 2, 1, 176, 0.8368002748976512)
(0, 2, 1, 177, 0.8427243445377962)
(0, 2, 1, 178, 0.7693172231224421)
(0, 2, 1, 179, 0.7032858246276619)
(0, 2, 1, 180, 0.8599343746362946)
(0, 2, 1, 181, 0.8069982754989977)
(0, 2, 1, 182, 0.8311836850703321)
(0, 2, 1, 183, 0.827612311817272)
(0, 2, 1, 184, 0.8258823177779155)
(0, 2, 1, 185, 0.7994239225334393)
(0, 2, 1, 186, 0.7836130430986579)
(0, 2, 1, 187, 0.8445076856664577)
(0, 2, 1, 188, 0.8210986950298483)
(0, 2, 1, 189, 0.8391283721100304)
(0, 2, 1, 190, 0.7891697840055165)
(0, 2, 1, 191, 0.8220290384115512)
(0, 2, 1, 192, 0.8128329183321779)
(0, 2, 1, 193, 0.8084900866424415)
(0, 2, 1, 194, 0.8128714192893816)
(0, 2, 1, 195, 0.6931827527436337)
(0, 2, 1, 196, 0.7588447375477354)
(0, 2, 1, 197, 0.8561179937982595)
(0, 2, 1, 198, 0.8458289309319357)
(0, 2, 1, 199, 0.7898495390950436)
(0, 2, 1, 200, 0.8481355566320097)
(0, 2, 1, 201, 0.8719678705020592)
(0, 2, 1, 202, 0.8816874072493897)
(0, 2, 1, 203, 0.873553590208137)
(0, 2, 1, 204, 0.8409420995531784)
(0, 2, 1, 205, 0.8276364732822948)
(0, 2, 1, 206, 0.8304037567571235)
(0, 2, 1, 207, 0.8586209882026707)
(0, 2, 1, 208, 0.8299090729118741)
(0, 2, 1, 209, 0.7707159640981901)
(0, 2, 1, 210, 0.7599062971583457)
(0, 2, 1, 211, 0.7169250520848551)
(0, 2, 1, 212, 0.85224062049668)
(0, 2, 1, 213, 0.8480992131776481)
(0, 2, 1, 214, 0.850662773555322)
(0, 2, 1, 215, 0.8182949060776229)
(0, 2, 1, 216, 0.8363033715526009)
(0, 2, 1, 217, 0.8128322728030448)
(0, 2, 1, 218, 0.8161438905316201)
(0, 2, 1, 219, 0.8405872927689889)
(0, 2, 1, 220, 0.8615785296973981)
(0, 2, 1, 221, 0.8422574090618405)
(0, 2, 1, 222, 0.8577592720478062)
(0, 2, 1, 223, 0.839013367094823)
(0, 2, 1, 224, 0.8350892153145137)
(0, 2, 1, 225, 0.7916592105301812)
(0, 2, 1, 226, 0.7978587458078353)
(0, 2, 1, 227, 0.7696773682168834)
(0, 2, 1, 228, 0.825933969082175)
(0, 2, 1, 229, 0.7949589277925746)
(0, 2, 1, 230, 0.7798425928523937)
(0, 2, 1, 231, 0.8356632226683672)
(0, 2, 1, 232, 0.8694527885545841)
(0, 2, 1, 233, 0.7096173556094473)
(0, 2, 1, 234, 0.7717390177661874)
(0, 2, 1, 235, 0.8509916730230653)
(0, 2, 1, 236, 0.838892989120634)
(0, 2, 1, 237, 0.8422460569819562)
(0, 2, 1, 238, 0.8187216609509597)
(0, 2, 1, 239, 0.8214460895271772)
(0, 2, 1, 240, 0.8388928026271955)
(0, 2, 1, 241, 0.8318692390124542)
(0, 2, 1, 242, 0.8477659048735569)
(0, 2, 1, 243, 0.7317031196927188)
(0, 2, 1, 244, 0.8406054677234023)
(0, 2, 1, 245, 0.8548348897491246)
(0, 2, 1, 246, 0.7369889301288058)
(0, 2, 1, 247, 0.8399558284439232)
(0, 2, 1, 248, 0.7941211520527363)
(0, 2, 1, 249, 0.6808524443080298)
(0, 3, 0, 0, 0.7966547060389968)
(0, 3, 0, 1, 0.8282005760778228)
(0, 3, 0, 2, 0.7156299334911304)
(0, 3, 0, 3, 1.0425642690627792)
(0, 3, 0, 4, 0.6958707681775407)
(0, 3, 0, 5, 0.7608544886664531)
(0, 3, 0, 6, 0.9411781178178553)
(0, 3, 0, 7, 0.7681217081820485)
(0, 3, 0, 8, 1.03858249773098)
(0, 3, 0, 9, 0.9955468197969847)
(0, 3, 0, 10, 0.7413650516615761)
(0, 3, 0, 11, 0.9373279265869117)
(0, 3, 0, 12, 0.8326318817951258)
(0, 3, 0, 13, 0.7577488030849143)
(0, 3, 0, 14, 0.7911479689285325)
(0, 3, 0, 15, 1.0034511960258727)
(0, 3, 0, 16, 0.7874520179001767)
(0, 3, 0, 17, 1.0445890330687084)
(0, 3, 0, 18, 1.0350720782911886)
(0, 3, 0, 19, 0.7067195989779557)
(0, 3, 0, 20, 0.6932642138668091)
(0, 3, 0, 21, 0.8169661118630622)
(0, 3, 0, 22, 0.7817085901681425)
(0, 3, 0, 23, 0.8119238484239085)
(0, 3, 0, 24, 0.7271194814929294)
(0, 3, 0, 25, 0.7757309024707535)
(0, 3, 0, 26, 1.0543738232159783)
(0, 3, 0, 27, 0.7926294497040896)
(0, 3, 0, 28, 0.6843711911972692)
(0, 3, 0, 29, 0.7040043371004329)
(0, 3, 0, 30, 0.6996510418844429)
(0, 3, 0, 31, 0.9502432736716135)
(0, 3, 0, 32, 0.7382956698071084)
(0, 3, 0, 33, 0.7736058217114582)
(0, 3, 0, 34, 0.7689524408994887)
(0, 3, 0, 35, 0.7732775497379828)
(0, 3, 0, 36, 0.8071490972389516)
(0, 3, 0, 37, 0.7131209324336181)
(0, 3, 0, 38, 0.7662042983907288)
(0, 3, 0, 39, 0.9695561032064939)
(0, 3, 0, 40, 0.7907416740895432)
(0, 3, 0, 41, 0.6963620819533997)
(0, 3, 0, 42, 0.7301384883918008)
(0, 3, 0, 43, 0.9763560255580707)
(0, 3, 0, 44, 0.7928608254619242)
(0, 3, 0, 45, 0.7045987391960244)
(0, 3, 0, 46, 0.8178326581379362)
(0, 3, 0, 47, 0.8018243276020326)
(0, 3, 0, 48, 0.8069260537217098)
(0, 3, 0, 49, 0.7244584718848635)
(0, 3, 0, 50, 0.9904911024599503)
(0, 3, 0, 51, 0.8077398953435581)
(0, 3, 0, 52, 0.6798050521514667)
(0, 3, 0, 53, 0.8882701541946276)
(0, 3, 0, 54, 0.7016506295750143)
(0, 3, 0, 55, 0.7900599230289211)
(0, 3, 0, 56, 0.7390925966358989)
(0, 3, 0, 57, 0.961727604445232)
(0, 3, 0, 58, 0.7374585408243052)
(0, 3, 0, 59, 0.7656905534883988)
(0, 3, 0, 60, 1.0734761213038015)
(0, 3, 0, 61, 0.8947109637975748)
(0, 3, 0, 62, 0.7029129613742969)
(0, 3, 0, 63, 0.8033957730854093)
(0, 3, 0, 64, 0.8405122706810816)
(0, 3, 0, 65, 1.0141148042132535)
(0, 3, 0, 66, 0.7346734322071182)
(0, 3, 0, 67, 0.7273661173561146)
(0, 3, 0, 68, 0.8363750537095092)
(0, 3, 0, 69, 0.8463832980397538)
(0, 3, 0, 70, 0.7261244042598599)
(0, 3, 0, 71, 0.843667187750654)
(0, 3, 0, 72, 0.8204747335149796)
(0, 3, 0, 73, 0.818206967454865)
(0, 3, 0, 74, 0.7412401194863311)
(0, 3, 0, 75, 1.0808878189622582)
(0, 3, 0, 76, 0.7432621438334793)
(0, 3, 0, 77, 0.9547343868139174)
(0, 3, 0, 78, 1.023979644937042)
(0, 3, 0, 79, 0.7933041214540661)
(0, 3, 0, 80, 0.9281718249800908)
(0, 3, 0, 81, 0.7417279782885845)
(0, 3, 0, 82, 0.8604941660074786)
(0, 3, 0, 83, 0.693707105774778)
(0, 3, 0, 84, 0.8041218651626753)
(0, 3, 0, 85, 0.7471580037079703)
(0, 3, 0, 86, 0.811279113454093)
(0, 3, 0, 87, 0.7296752269296746)
(0, 3, 0, 88, 0.9537964949840922)
(0, 3, 0, 89, 0.7217007834208264)
(0, 3, 0, 90, 0.7575120829578967)
(0, 3, 0, 91, 0.7373429311062881)
(0, 3, 0, 92, 0.686294039960091)
(0, 3, 0, 93, 0.7744836121249045)
(0, 3, 0, 94, 0.8713694686705236)
(0, 3, 0, 95, 0.762795321854811)
(0, 3, 0, 96, 0.702678345127178)
(0, 3, 0, 97, 1.0531927192041244)
(0, 3, 0, 98, 0.9156321238395533)
(0, 3, 0, 99, 0.8487775021974697)
(0, 3, 0, 100, 0.7521893561174703)
(0, 3, 0, 101, 0.7436149571638988)
(0, 3, 0, 102, 0.7026561230587222)
(0, 3, 0, 103, 0.7598225426023463)
(0, 3, 0, 104, 0.7949953796741162)
(0, 3, 0, 105, 0.8544495240369593)
(0, 3, 0, 106, 0.8128019498262862)
(0, 3, 0, 107, 0.7351905119836315)
(0, 3, 0, 108, 1.0690211715197966)
(0, 3, 0, 109, 0.7864506575221082)
(0, 3, 0, 110, 0.6752872870977474)
(0, 3, 0, 111, 0.7884169606308172)
(0, 3, 0, 112, 0.7217841573967484)
(0, 3, 0, 113, 0.7106439821297487)
(0, 3, 0, 114, 0.9776117996668655)
(0, 3, 0, 115, 1.0141669357821825)
(0, 3, 0, 116, 0.709606059712033)
(0, 3, 0, 117, 0.7440460350560674)
(0, 3, 0, 118, 1.0709074481787666)
(0, 3, 0, 119, 0.7643596026593377)
(0, 3, 0, 120, 0.8344401144480864)
(0, 3, 0, 121, 0.9223731321370807)
(0, 3, 0, 122, 0.6966123706515387)
(0, 3, 0, 123, 0.8027773044758405)
(0, 3, 0, 124, 0.7278434498467683)
(0, 3, 0, 125, 0.6675733905746153)
(0, 3, 0, 126, 0.7934638886738735)
(0, 3, 0, 127, 0.7497157641977382)
(0, 3, 0, 128, 0.7640101317458576)
(0, 3, 0, 129, 0.7170753115164344)
(0, 3, 0, 130, 0.7341557829369392)
(0, 3, 0, 131, 0.8010372557961072)
(0, 3, 0, 132, 0.7786347356469494)
(0, 3, 0, 133, 0.8288816429585286)
(0, 3, 0, 134, 0.9914788335036775)
(0, 3, 0, 135, 0.7464409620977506)
(0, 3, 0, 136, 0.8592436738698662)
(0, 3, 0, 137, 0.761405278785858)
(0, 3, 0, 138, 0.7273403451065945)
(0, 3, 0, 139, 0.9351709325050367)
(0, 3, 0, 140, 0.6566249356080416)
(0, 3, 0, 141, 0.7316888159589797)
(0, 3, 0, 142, 0.7916026633668635)
(0, 3, 0, 143, 0.9651142397486561)
(0, 3, 0, 144, 0.8921732967509831)
(0, 3, 0, 145, 0.6771898851239582)
(0, 3, 0, 146, 0.7378049313690506)
(0, 3, 0, 147, 0.8096960831223018)
(0, 3, 0, 148, 0.7234735371962692)
(0, 3, 0, 149, 0.6862916948349875)
(0, 3, 0, 150, 0.8172835736466794)
(0, 3, 0, 151, 0.7842322536769998)
(0, 3, 0, 152, 0.7928240698900948)
(0, 3, 0, 153, 0.7628171794300405)
(0, 3, 0, 154, 0.7410024102790601)
(0, 3, 0, 155, 0.7024465218246019)
(0, 3, 0, 156, 0.8627378619170631)
(0, 3, 0, 157, 0.7625441811328949)
(0, 3, 0, 158, 0.7167628575359993)
(0, 3, 0, 159, 0.7747946278489409)
(0, 3, 0, 160, 0.677236536565112)
(0, 3, 0, 161, 0.7149336079768025)
(0, 3, 0, 162, 0.7112886641028939)
(0, 3, 0, 163, 0.7766196211901037)
(0, 3, 0, 164, 0.7541150854470914)
(0, 3, 0, 165, 0.7453715626593798)
(0, 3, 0, 166, 0.7637581591070761)
(0, 3, 0, 167, 0.8223486093091918)
(0, 3, 0, 168, 0.8692607474739673)
(0, 3, 0, 169, 0.6792560631261719)
(0, 3, 0, 170, 0.8080928879238172)
(0, 3, 0, 171, 0.7472597822526368)
(0, 3, 0, 172, 0.7694080375427972)
(0, 3, 0, 173, 0.704292634758582)
(0, 3, 0, 174, 0.80530494619267)
(0, 3, 0, 175, 0.7884060233790529)
(0, 3, 0, 176, 0.7487474904623077)
(0, 3, 0, 177, 0.865458656099316)
(0, 3, 0, 178, 0.7733554276006569)
(0, 3, 0, 179, 0.6764311578766525)
(0, 3, 0, 180, 0.745937468353548)
(0, 3, 0, 181, 0.7221894701504614)
(0, 3, 0, 182, 0.717013754179188)
(0, 3, 0, 183, 0.6932391550704626)
(0, 3, 0, 184, 0.629445064399967)
(0, 3, 0, 185, 0.8004056847091457)
(0, 3, 0, 186, 0.8440536252159497)
(0, 3, 0, 187, 0.7607153431177957)
(0, 3, 0, 188, 0.6973097741581538)
(0, 3, 0, 189, 0.7989218347646001)
(0, 3, 0, 190, 0.7568280194048561)
(0, 3, 0, 191, 0.7242146022164386)
(0, 3, 0, 192, 0.9574065280132323)
(0, 3, 0, 193, 0.7933659633539567)
(0, 3, 0, 194, 0.9226402638715352)
(0, 3, 0, 195, 0.8708417291896499)
(0, 3, 0, 196, 1.0655602576218244)
(0, 3, 0, 197, 1.0389323862288113)
(0, 3, 0, 198, 1.0150580935980529)
(0, 3, 0, 199, 0.9863675000463875)
(0, 3, 0, 200, 0.9850728758923973)
(0, 3, 0, 201, 0.9032757006906414)
(0, 3, 0, 202, 0.7985927237894469)
(0, 3, 0, 203, 0.8735565188861585)
(0, 3, 0, 204, 0.8118416631324394)
(0, 3, 0, 205, 0.920014403339526)
(0, 3, 0, 206, 0.7574277984952483)
(0, 3, 0, 207, 0.7088784977190425)
(0, 3, 0, 208, 0.7952706696419825)
(0, 3, 0, 209, 0.7258990347610561)
(0, 3, 0, 210, 0.820863906709146)
(0, 3, 0, 211, 0.847372212131892)
(0, 3, 0, 212, 0.738779752202024)
(0, 3, 0, 213, 0.672017651075103)
(0, 3, 0, 214, 0.999135678775189)
(0, 3, 0, 215, 0.9909941541258669)
(0, 3, 0, 216, 0.7709929495362758)
(0, 3, 0, 217, 0.7149493034032154)
(0, 3, 0, 218, 0.732965863280538)
(0, 3, 0, 219, 0.7347069045665504)
(0, 3, 0, 220, 0.9779200435869871)
(0, 3, 0, 221, 0.832160762474583)
(0, 3, 0, 222, 0.7452645316278054)
(0, 3, 0, 223, 0.7314124088959344)
(0, 3, 0, 224, 0.7969390360302585)
(0, 3, 0, 225, 0.7608246277158607)
(0, 3, 0, 226, 0.7648466460362455)
(0, 3, 0, 227, 0.7910922030108758)
(0, 3, 0, 228, 0.7066381639000517)
(0, 3, 0, 229, 0.8025620828793528)
(0, 3, 0, 230, 0.7385841217471177)
(0, 3, 0, 231, 0.7903257201696537)
(0, 3, 0, 232, 0.8786190547851743)
(0, 3, 0, 233, 0.7671585285317916)
(0, 3, 0, 234, 0.813842332289176)
(0, 3, 0, 235, 0.751908987317064)
(0, 3, 0, 236, 0.7093700560596784)
(0, 3, 0, 237, 0.7244519110019851)
(0, 3, 0, 238, 0.75911977223212)
(0, 3, 0, 239, 0.7692830967455033)
(0, 3, 0, 240, 0.7152264066516912)
(0, 3, 0, 241, 0.9270413385767475)
(0, 3, 0, 242, 0.7302566708179279)
(0, 3, 0, 243, 0.8898337285985977)
(0, 3, 0, 244, 0.76396478088526)
(0, 3, 0, 245, 0.7632224684449374)
(0, 3, 0, 246, 0.8185534506296189)
(0, 3, 0, 247, 1.0209410903479883)
(0, 3, 0, 248, 0.7990076359948659)
(0, 3, 0, 249, 1.0043946101358854)
(0, 3, 1, 0, 1.0390749512345276)
(0, 3, 1, 1, 1.0998187099000478)
(0, 3, 1, 2, 1.030960493851899)
(0, 3, 1, 3, 1.0174056739463)
(0, 3, 1, 4, 1.0082519769185665)
(0, 3, 1, 5, 1.0560848014186084)
(0, 3, 1, 6, 1.0135129326321137)
(0, 3, 1, 7, 1.0347460310232344)
(0, 3, 1, 8, 1.0829292473075314)
(0, 3, 1, 9, 1.0382536182434907)
(0, 3, 1, 10, 1.015158592981008)
(0, 3, 1, 11, 1.0599694017077963)
(0, 3, 1, 12, 1.0817808773985458)
(0, 3, 1, 13, 1.0646344471657538)
(0, 3, 1, 14, 1.0486805798506171)
(0, 3, 1, 15, 1.021222774381749)
(0, 3, 1, 16, 1.061615932414854)
(0, 3, 1, 17, 1.02581761789169)
(0, 3, 1, 18, 1.0638338157248368)
(0, 3, 1, 19, 1.0704476628948767)
(0, 3, 1, 20, 1.013730902070644)
(0, 3, 1, 21, 1.0591706538891792)
(0, 3, 1, 22, 1.0607157789480879)
(0, 3, 1, 23, 1.0126776587642483)
(0, 3, 1, 24, 1.0371513431192503)
(0, 3, 1, 25, 1.0024387308745668)
(0, 3, 1, 26, 1.033597566966975)
(0, 3, 1, 27, 1.0926152034856946)
(0, 3, 1, 28, 1.0437835628761134)
(0, 3, 1, 29, 1.073305946687219)
(0, 3, 1, 30, 1.0739485140612737)
(0, 3, 1, 31, 1.062109645717696)
(0, 3, 1, 32, 1.0238603291089563)
(0, 3, 1, 33, 1.0697188155516189)
(0, 3, 1, 34, 1.0617950560985947)
(0, 3, 1, 35, 1.0937704067970222)
(0, 3, 1, 36, 1.0670415443565093)
(0, 3, 1, 37, 1.0442730541283312)
(0, 3, 1, 38, 1.0210621004073275)
(0, 3, 1, 39, 1.0184571800173299)
(0, 3, 1, 40, 1.004039609822177)
(0, 3, 1, 41, 1.0408711744044163)
(0, 3, 1, 42, 1.0500385268283727)
(0, 3, 1, 43, 1.055375160702749)
(0, 3, 1, 44, 0.9994401279659607)
(0, 3, 1, 45, 1.063115544840365)
(0, 3, 1, 46, 1.0602895380211748)
(0, 3, 1, 47, 1.0277558307392147)
(0, 3, 1, 48, 1.0160865163061994)
(0, 3, 1, 49, 1.0742255374591685)
(0, 3, 1, 50, 1.047763582931105)
(0, 3, 1, 51, 1.0407864093460202)
(0, 3, 1, 52, 1.011439952378962)
(0, 3, 1, 53, 1.0541213618881506)
(0, 3, 1, 54, 1.023721939631459)
(0, 3, 1, 55, 1.034108788442135)
(0, 3, 1, 56, 1.0185142185031384)
(0, 3, 1, 57, 1.0781831063413934)
(0, 3, 1, 58, 0.997625186965291)
(0, 3, 1, 59, 1.0330584927384747)
(0, 3, 1, 60, 1.0484089591245331)
(0, 3, 1, 61, 1.0662313939817532)
(0, 3, 1, 62, 1.0504047335836277)
(0, 3, 1, 63, 1.0331172149910166)
(0, 3, 1, 64, 1.07364454025813)
(0, 3, 1, 65, 1.0557793410474787)
(0, 3, 1, 66, 1.0693027083199316)
(0, 3, 1, 67, 1.037391799518444)
(0, 3, 1, 68, 1.042875967772003)
(0, 3, 1, 69, 1.070740053671178)
(0, 3, 1, 70, 1.0121262866971594)
(0, 3, 1, 71, 1.0751795049740571)
(0, 3, 1, 72, 1.0306016846119128)
(0, 3, 1, 73, 1.0425114688957149)
(0, 3, 1, 74, 1.0668659397195468)
(0, 3, 1, 75, 1.0251637541714498)
(0, 3, 1, 76, 1.0310335634800663)
(0, 3, 1, 77, 1.0389326254447164)
(0, 3, 1, 78, 1.0176726313237043)
(0, 3, 1, 79, 1.0012958676803745)
(0, 3, 1, 80, 1.071073545146289)
(0, 3, 1, 81, 1.0440271070082434)
(0, 3, 1, 82, 1.0064527993327679)
(0, 3, 1, 83, 1.0556363032262275)
(0, 3, 1, 84, 1.0276428021658384)
(0, 3, 1, 85, 1.0889923250442493)
(0, 3, 1, 86, 1.0255570608740665)
(0, 3, 1, 87, 1.0651776825890664)
(0, 3, 1, 88, 1.0314102281169923)
(0, 3, 1, 89, 1.0705457406006689)
(0, 3, 1, 90, 1.0455779241774332)
(0, 3, 1, 91, 1.0225938282762217)
(0, 3, 1, 92, 1.0642314659223753)
(0, 3, 1, 93, 1.0718804305620666)
(0, 3, 1, 94, 1.055795191960915)
(0, 3, 1, 95, 1.0063520838140096)
(0, 3, 1, 96, 1.0374504321804108)
(0, 3, 1, 97, 1.067049640874623)
(0, 3, 1, 98, 1.0770643921296097)
(0, 3, 1, 99, 1.0465793921199666)
(0, 3, 1, 100, 1.0141271980854114)
(0, 3, 1, 101, 1.0100363183970988)
(0, 3, 1, 102, 1.0228438690527277)
(0, 3, 1, 103, 1.051477359165659)
(0, 3, 1, 104, 1.0792759835680847)
(0, 3, 1, 105, 1.0870242354447404)
(0, 3, 1, 106, 0.9930985733533081)
(0, 3, 1, 107, 1.0214893029454999)
(0, 3, 1, 108, 1.0534998004467053)
(0, 3, 1, 109, 1.0749628536091573)
(0, 3, 1, 110, 1.0721898619445618)
(0, 3, 1, 111, 1.082869987395561)
(0, 3, 1, 112, 1.0313433879903573)
(0, 3, 1, 113, 1.0257269956021642)
(0, 3, 1, 114, 1.0316434710417606)
(0, 3, 1, 115, 1.0613642742518898)
(0, 3, 1, 116, 1.0198258465139414)
(0, 3, 1, 117, 1.0722792431721395)
(0, 3, 1, 118, 1.0632627916552921)
(0, 3, 1, 119, 1.0493541610534034)
(0, 3, 1, 120, 1.0754729395864804)
(0, 3, 1, 121, 1.0578358644387702)
(0, 3, 1, 122, 1.0548869360982032)
(0, 3, 1, 123, 1.0348369544054143)
(0, 3, 1, 124, 0.986519501083402)
(0, 3, 1, 125, 1.019952286817024)
(0, 3, 1, 126, 1.025021673127711)
(0, 3, 1, 127, 1.0276036994980149)
(0, 3, 1, 128, 1.0255175050658718)
(0, 3, 1, 129, 0.9987017101061466)
(0, 3, 1, 130, 1.080571481974296)
(0, 3, 1, 131, 1.0405150519847834)
(0, 3, 1, 132, 1.030514012950265)
(0, 3, 1, 133, 1.0408679667450338)
(0, 3, 1, 134, 1.0516978455877286)
(0, 3, 1, 135, 1.0499355026536015)
(0, 3, 1, 136, 1.0221203451535341)
(0, 3, 1, 137, 0.9609719692787503)
(0, 3, 1, 138, 1.0971660191311046)
(0, 3, 1, 139, 1.0027906133584958)
(0, 3, 1, 140, 1.011888700272814)
(0, 3, 1, 141, 1.0139247417639752)
(0, 3, 1, 142, 1.0086523277563195)
(0, 3, 1, 143, 1.0233919309883106)
(0, 3, 1, 144, 1.030438526423098)
(0, 3, 1, 145, 1.037742853421424)
(0, 3, 1, 146, 1.0754946455397405)
(0, 3, 1, 147, 0.9795046813270167)
(0, 3, 1, 148, 1.0174663146820075)
(0, 3, 1, 149, 1.064040858125198)
(0, 3, 1, 150, 1.084613552815571)
(0, 3, 1, 151, 1.0001337458636734)
(0, 3, 1, 152, 1.00995945064059)
(0, 3, 1, 153, 1.06550574032763)
(0, 3, 1, 154, 1.0363676371396384)
(0, 3, 1, 155, 1.0546079696516981)
(0, 3, 1, 156, 1.0090171346108552)
(0, 3, 1, 157, 1.0695640803317488)
(0, 3, 1, 158, 1.0279856300088277)
(0, 3, 1, 159, 0.9985123737295756)
(0, 3, 1, 160, 1.0257106320538174)
(0, 3, 1, 161, 1.039041895763143)
(0, 3, 1, 162, 1.0285415692589572)
(0, 3, 1, 163, 1.0195073840198756)
(0, 3, 1, 164, 1.0137747044500158)
(0, 3, 1, 165, 1.0429923498855473)
(0, 3, 1, 166, 1.014403628264158)
(0, 3, 1, 167, 1.0149972300142047)
(0, 3, 1, 168, 1.0076620543205506)
(0, 3, 1, 169, 1.0292414903210039)
(0, 3, 1, 170, 0.9930363264330732)
(0, 3, 1, 171, 1.0587965856867618)
(0, 3, 1, 172, 1.028871557396476)
(0, 3, 1, 173, 1.0151837718989272)
(0, 3, 1, 174, 1.045479564591347)
(0, 3, 1, 175, 1.0217640390473102)
(0, 3, 1, 176, 1.0051523686010948)
(0, 3, 1, 177, 1.0252431385956646)
(0, 3, 1, 178, 1.0364822322361502)
(0, 3, 1, 179, 1.071671777786063)
(0, 3, 1, 180, 1.0203593821913757)
(0, 3, 1, 181, 1.0181478911077928)
(0, 3, 1, 182, 1.0220238321599229)
(0, 3, 1, 183, 1.074295758276062)
(0, 3, 1, 184, 1.0529721917871226)
(0, 3, 1, 185, 1.0469925982637611)
(0, 3, 1, 186, 1.086193770764698)
(0, 3, 1, 187, 0.9982952922472584)
(0, 3, 1, 188, 0.9977191616121583)
(0, 3, 1, 189, 1.023793918398539)
(0, 3, 1, 190, 1.075102658419392)
(0, 3, 1, 191, 1.01689439141319)
(0, 3, 1, 192, 1.0407000953987275)
(0, 3, 1, 193, 1.0667348147569802)
(0, 3, 1, 194, 1.0689201042284746)
(0, 3, 1, 195, 1.0640295462004388)
(0, 3, 1, 196, 1.0340884220836686)
(0, 3, 1, 197, 1.0357720810203537)
(0, 3, 1, 198, 1.043680132967399)
(0, 3, 1, 199, 1.0230919243764591)
(0, 3, 1, 200, 1.0378831224519456)
(0, 3, 1, 201, 1.0168320492626837)
(0, 3, 1, 202, 1.0319771198985108)
(0, 3, 1, 203, 1.0161059168548612)
(0, 3, 1, 204, 1.0039848968365739)
(0, 3, 1, 205, 1.0111904059390018)
(0, 3, 1, 206, 1.0021550381974877)
(0, 3, 1, 207, 1.022382552272131)
(0, 3, 1, 208, 1.0042474104032515)
(0, 3, 1, 209, 1.0552046069947112)
(0, 3, 1, 210, 1.0897313663800354)
(0, 3, 1, 211, 1.074042735753865)
(0, 3, 1, 212, 1.031674978744645)
(0, 3, 1, 213, 1.0245316563084097)
(0, 3, 1, 214, 1.0756346073334622)
(0, 3, 1, 215, 1.019910370883022)
(0, 3, 1, 216, 1.0284297556329098)
(0, 3, 1, 217, 1.0702201328690266)
(0, 3, 1, 218, 0.9977252409730152)
(0, 3, 1, 219, 1.0524247460177418)
(0, 3, 1, 220, 1.0416757031427073)
(0, 3, 1, 221, 0.9982339367394141)
(0, 3, 1, 222, 1.05144282003823)
(0, 3, 1, 223, 1.080632284035176)
(0, 3, 1, 224, 1.0112303827739904)
(0, 3, 1, 225, 1.0782776537672631)
(0, 3, 1, 226, 1.0737212717954623)
(0, 3, 1, 227, 1.0943931168036574)
(0, 3, 1, 228, 1.0376713481661772)
(0, 3, 1, 229, 1.0453065425686634)
(0, 3, 1, 230, 1.053782343601842)
(0, 3, 1, 231, 1.0325526103485436)
(0, 3, 1, 232, 1.0447162607394351)
(0, 3, 1, 233, 1.0743947641764349)
(0, 3, 1, 234, 1.0638346742013474)
(0, 3, 1, 235, 1.0278812207515435)
(0, 3, 1, 236, 1.0701451163856588)
(0, 3, 1, 237, 1.0111802798751282)
(0, 3, 1, 238, 1.014779251518602)
(0, 3, 1, 239, 1.066986470211836)
(0, 3, 1, 240, 1.0136309180572105)
(0, 3, 1, 241, 1.082507229186378)
(0, 3, 1, 242, 1.0621357810786878)
(0, 3, 1, 243, 1.004342367567836)
(0, 3, 1, 244, 1.0177557849645087)
(0, 3, 1, 245, 1.1172922462904091)
(0, 3, 1, 246, 1.01979823574844)
(0, 3, 1, 247, 1.0210654695178445)
(0, 3, 1, 248, 1.0701427227074152)
(0, 3, 1, 249, 1.0631228853728631)
(0, 4, 0, 0, 0.9868686035962176)
(0, 4, 0, 1, 0.8553167170699245)
(0, 4, 0, 2, 0.856065681198795)
(0, 4, 0, 3, 1.067828672649641)
(0, 4, 0, 4, 1.0714928558551122)
(0, 4, 0, 5, 1.0036036084535636)
(0, 4, 0, 6, 0.8566131772551829)
(0, 4, 0, 7, 0.7812640563727128)
(0, 4, 0, 8, 0.7252535171045934)
(0, 4, 0, 9, 1.0263567398295228)
(0, 4, 0, 10, 0.7464107926994294)
(0, 4, 0, 11, 0.8731363456355452)
(0, 4, 0, 12, 0.7995492010863327)
(0, 4, 0, 13, 1.0372155255467899)
(0, 4, 0, 14, 1.0461510153644493)
(0, 4, 0, 15, 0.7531942843234504)
(0, 4, 0, 16, 1.0472661892947404)
(0, 4, 0, 17, 0.7837927122196666)
(0, 4, 0, 18, 0.897463918601637)
(0, 4, 0, 19, 0.8038702130548349)
(0, 4, 0, 20, 0.7486255891754634)
(0, 4, 0, 21, 1.0788469961353675)
(0, 4, 0, 22, 0.7806462677473677)
(0, 4, 0, 23, 0.8495531332962794)
(0, 4, 0, 24, 0.7835494872224509)
(0, 4, 0, 25, 0.8307253970027229)
(0, 4, 0, 26, 0.7972622163059243)
(0, 4, 0, 27, 0.7987396825787749)
(0, 4, 0, 28, 0.9814599874265288)
(0, 4, 0, 29, 1.0388174428408508)
(0, 4, 0, 30, 0.816652021882311)
(0, 4, 0, 31, 1.0073719483831767)
(0, 4, 0, 32, 0.8004178626051963)
(0, 4, 0, 33, 0.8703775922545289)
(0, 4, 0, 34, 1.0813792445133839)
(0, 4, 0, 35, 0.775632375598771)
(0, 4, 0, 36, 0.7211726631289437)
(0, 4, 0, 37, 0.8063213998953006)
(0, 4, 0, 38, 0.7881537292374772)
(0, 4, 0, 39, 0.8551176497434619)
(0, 4, 0, 40, 0.9199834424065619)
(0, 4, 0, 41, 0.9349385333761618)
(0, 4, 0, 42, 0.8242111680055108)
(0, 4, 0, 43, 1.0260504304364269)
(0, 4, 0, 44, 0.7791961106822831)
(0, 4, 0, 45, 0.7674546335686654)
(0, 4, 0, 46, 1.0489960934193299)
(0, 4, 0, 47, 0.8307184285413709)
(0, 4, 0, 48, 0.8370474682003892)
(0, 4, 0, 49, 0.8136457754350498)
(0, 4, 0, 50, 1.0371516167898907)
(0, 4, 0, 51, 0.7153332733940103)
(0, 4, 0, 52, 1.0105130429464528)
(0, 4, 0, 53, 0.8607839677748343)
(0, 4, 0, 54, 0.7275745514266785)
(0, 4, 0, 55, 0.8028532065247822)
(0, 4, 0, 56, 0.778301272158929)
(0, 4, 0, 57, 0.8079612966743076)
(0, 4, 0, 58, 1.0253810377267376)
(0, 4, 0, 59, 1.0199792059268291)
(0, 4, 0, 60, 0.7653531569604273)
(0, 4, 0, 61, 0.9396512317671724)
(0, 4, 0, 62, 0.7803846937472155)
(0, 4, 0, 63, 0.8042875892750433)
(0, 4, 0, 64, 0.845351725739858)
(0, 4, 0, 65, 0.7791208790635762)
(0, 4, 0, 66, 0.7395246172815514)
(0, 4, 0, 67, 0.807027735512261)
(0, 4, 0, 68, 0.7818394082832316)
(0, 4, 0, 69, 1.1000085686390413)
(0, 4, 0, 70, 0.745996197081597)
(0, 4, 0, 71, 0.7811464676573625)
(0, 4, 0, 72, 0.915971698990255)
(0, 4, 0, 73, 0.8896261316553536)
(0, 4, 0, 74, 0.7980081497759022)
(0, 4, 0, 75, 0.8085192637918108)
(0, 4, 0, 76, 1.0415190219836126)
(0, 4, 0, 77, 0.9158709917462468)
(0, 4, 0, 78, 0.8109876552920529)
(0, 4, 0, 79, 0.8279480101512131)
(0, 4, 0, 80, 0.7753727340006962)
(0, 4, 0, 81, 0.8786719835825205)
(0, 4, 0, 82, 1.0912636416156907)
(0, 4, 0, 83, 0.7653612130513652)
(0, 4, 0, 84, 0.6997947997575954)
(0, 4, 0, 85, 0.7884396419188834)
(0, 4, 0, 86, 0.7259992248293566)
(0, 4, 0, 87, 0.8274221188976262)
(0, 4, 0, 88, 0.7761804024906412)
(0, 4, 0, 89, 0.904860505575222)
(0, 4, 0, 90, 1.0646523968865773)
(0, 4, 0, 91, 0.7292266536407266)
(0, 4, 0, 92, 0.8419001866862058)
(0, 4, 0, 93, 0.9416419306557957)
(0, 4, 0, 94, 0.8791597505544866)
(0, 4, 0, 95, 0.775395383346303)
(0, 4, 0, 96, 0.7970436583335512)
(0, 4, 0, 97, 1.008025644535233)
(0, 4, 0, 98, 0.8312655222640004)
(0, 4, 0, 99, 0.8312437833797498)
(0, 4, 0, 100, 0.8148862463336688)
(0, 4, 0, 101, 1.0415628995359798)
(0, 4, 0, 102, 0.8274522531524707)
(0, 4, 0, 103, 0.8632176779963022)
(0, 4, 0, 104, 0.756375072328167)
(0, 4, 0, 105, 0.8015893610825275)
(0, 4, 0, 106, 0.7743910497215051)
(0, 4, 0, 107, 0.7886119838594812)
(0, 4, 0, 108, 1.090786751135796)
(0, 4, 0, 109, 0.7172213957820057)
(0, 4, 0, 110, 0.8328752675956914)
(0, 4, 0, 111, 0.7941092265191892)
(0, 4, 0, 112, 0.8003081457670798)
(0, 4, 0, 113, 0.8250300557122106)
(0, 4, 0, 114, 1.071853464452591)
(0, 4, 0, 115, 0.7261726251497138)
(0, 4, 0, 116, 0.695765445572065)
(0, 4, 0, 117, 0.8184711520541216)
(0, 4, 0, 118, 1.0983194400550482)
(0, 4, 0, 119, 0.8657568109570482)
(0, 4, 0, 120, 1.0998893690588383)
(0, 4, 0, 121, 1.0148618817429904)
(0, 4, 0, 122, 0.7333356484903775)
(0, 4, 0, 123, 0.7950547531467013)
(0, 4, 0, 124, 0.7821724531621306)
(0, 4, 0, 125, 0.7552064872884441)
(0, 4, 0, 126, 0.7997832051162838)
(0, 4, 0, 127, 0.7985284483178055)
(0, 4, 0, 128, 0.838957312119647)
(0, 4, 0, 129, 1.0597219461778145)
(0, 4, 0, 130, 0.8105646090456821)
(0, 4, 0, 131, 0.7500990127735511)
(0, 4, 0, 132, 0.7428145789284257)
(0, 4, 0, 133, 0.8058963918240131)
(0, 4, 0, 134, 0.9907996793227901)
(0, 4, 0, 135, 0.8879634274716899)
(0, 4, 0, 136, 0.9015301425426048)
(0, 4, 0, 137, 0.7454481130719249)
(0, 4, 0, 138, 0.8632585488520123)
(0, 4, 0, 139, 0.7699716987388294)
(0, 4, 0, 140, 0.8350566573865988)
(0, 4, 0, 141, 0.8115947804293716)
(0, 4, 0, 142, 0.7534892059907772)
(0, 4, 0, 143, 1.070553414867056)
(0, 4, 0, 144, 0.9404602254542465)
(0, 4, 0, 145, 1.063062188100793)
(0, 4, 0, 146, 0.9662004133967066)
(0, 4, 0, 147, 0.7453628258056207)
(0, 4, 0, 148, 1.0719201494603845)
(0, 4, 0, 149, 0.9473456416784093)
(0, 4, 0, 150, 0.8457938760697467)
(0, 4, 0, 151, 0.75756372314992)
(0, 4, 0, 152, 0.9143694333625627)
(0, 4, 0, 153, 0.7558918459717225)
(0, 4, 0, 154, 0.824474664497036)
(0, 4, 0, 155, 0.8420147418178627)
(0, 4, 0, 156, 0.8894395119283258)
(0, 4, 0, 157, 1.0559275899724796)
(0, 4, 0, 158, 0.7607182947964437)
(0, 4, 0, 159, 1.0982012423022902)
(0, 4, 0, 160, 0.7534686004435025)
(0, 4, 0, 161, 0.839309877805188)
(0, 4, 0, 162, 0.790728846810193)
(0, 4, 0, 163, 0.7759339935001872)
(0, 4, 0, 164, 0.865845973524134)
(0, 4, 0, 165, 0.7362197174691039)
(0, 4, 0, 166, 0.8410953118678799)
(0, 4, 0, 167, 1.099553058931874)
(0, 4, 0, 168, 0.7679847532358003)
(0, 4, 0, 169, 1.03033940106356)
(0, 4, 0, 170, 1.0237802139964145)
(0, 4, 0, 171, 0.9803511407751736)
(0, 4, 0, 172, 0.7787817626930168)
(0, 4, 0, 173, 0.8114580741799788)
(0, 4, 0, 174, 0.9013528786836841)
(0, 4, 0, 175, 0.766109401546263)
(0, 4, 0, 176, 0.7254610224250665)
(0, 4, 0, 177, 1.0632858660935836)
(0, 4, 0, 178, 0.7760875573820188)
(0, 4, 0, 179, 1.0540518838209794)
(0, 4, 0, 180, 0.7723459957858471)
(0, 4, 0, 181, 0.7769266154554597)
(0, 4, 0, 182, 0.7824635426149009)
(0, 4, 0, 183, 0.7569603827759341)
(0, 4, 0, 184, 0.8486535977844127)
(0, 4, 0, 185, 0.7786776144880945)
(0, 4, 0, 186, 0.6605437149901284)
(0, 4, 0, 187, 0.8038680845835713)
(0, 4, 0, 188, 0.7782120222468716)
(0, 4, 0, 189, 0.8369832245194119)
(0, 4, 0, 190, 0.7697007973404714)
(0, 4, 0, 191, 1.0636633768184325)
(0, 4, 0, 192, 0.7791589311650142)
(0, 4, 0, 193, 0.8072335757760138)
(0, 4, 0, 194, 0.9420802939343685)
(0, 4, 0, 195, 1.0920396305527553)
(0, 4, 0, 196, 1.105107926098354)
(0, 4, 0, 197, 0.8336747404844759)
(0, 4, 0, 198, 0.9886663126969085)
(0, 4, 0, 199, 1.0521314528393826)
(0, 4, 0, 200, 0.88624379832452)
(0, 4, 0, 201, 0.9855213204148767)
(0, 4, 0, 202, 0.8186289467210245)
(0, 4, 0, 203, 0.7714157991151872)
(0, 4, 0, 204, 0.7439420180525441)
(0, 4, 0, 205, 0.9894519519385389)
(0, 4, 0, 206, 0.7796476560869173)
(0, 4, 0, 207, 0.8006800250517132)
(0, 4, 0, 208, 0.9118188702885764)
(0, 4, 0, 209, 0.8417139591268474)
(0, 4, 0, 210, 0.7514300708247749)
(0, 4, 0, 211, 0.8447510611953463)
(0, 4, 0, 212, 0.772551539051748)
(0, 4, 0, 213, 0.8759500516110296)
(0, 4, 0, 214, 0.9067726318241898)
(0, 4, 0, 215, 0.8237695820900534)
(0, 4, 0, 216, 0.6966502033421219)
(0, 4, 0, 217, 0.8037541497733982)
(0, 4, 0, 218, 0.8575514431096908)
(0, 4, 0, 219, 0.9963726316776808)
(0, 4, 0, 220, 0.9448872179931295)
(0, 4, 0, 221, 0.8682554723962006)
(0, 4, 0, 222, 0.8099128664396824)
(0, 4, 0, 223, 0.7580273512969008)
(0, 4, 0, 224, 0.7790078149245401)
(0, 4, 0, 225, 0.7766441565945016)
(0, 4, 0, 226, 0.9230679423111631)
(0, 4, 0, 227, 0.9105784577528652)
(0, 4, 0, 228, 0.6847883571938912)
(0, 4, 0, 229, 0.8097374983790553)
(0, 4, 0, 230, 1.0362084105060656)
(0, 4, 0, 231, 1.0256611142483556)
(0, 4, 0, 232, 0.8262338781213326)
(0, 4, 0, 233, 1.0798955404529895)
(0, 4, 0, 234, 0.7860730013594083)
(0, 4, 0, 235, 0.9415542868933547)
(0, 4, 0, 236, 1.0990991288335112)
(0, 4, 0, 237, 0.8430581707569588)
(0, 4, 0, 238, 0.7945125065493785)
(0, 4, 0, 239, 0.7983107399702907)
(0, 4, 0, 240, 0.7723194137638463)
(0, 4, 0, 241, 0.7750173467548938)
(0, 4, 0, 242, 1.0833253631786888)
(0, 4, 0, 243, 0.8877669196405219)
(0, 4, 0, 244, 0.7578484823010898)
(0, 4, 0, 245, 0.910055572979804)
(0, 4, 0, 246, 0.8743918142721955)
(0, 4, 0, 247, 0.9764686398651297)
(0, 4, 0, 248, 0.7610972862115388)
(0, 4, 0, 249, 1.0203972448832521)
(0, 4, 1, 0, 1.1122545304575593)
(0, 4, 1, 1, 1.0581781829296688)
(0, 4, 1, 2, 1.1106049658098787)
(0, 4, 1, 3, 1.0912303448012353)
(0, 4, 1, 4, 1.100046412223124)
(0, 4, 1, 5, 1.0936622716970459)
(0, 4, 1, 6, 1.1024908502591435)
(0, 4, 1, 7, 1.1094374860198861)
(0, 4, 1, 8, 1.1153076778177107)
(0, 4, 1, 9, 1.1295720400978202)
(0, 4, 1, 10, 0.9912607599821028)
(0, 4, 1, 11, 1.1215768619219462)
(0, 4, 1, 12, 1.1331131213719765)
(0, 4, 1, 13, 1.1009801995236168)
(0, 4, 1, 14, 1.0690722528223717)
(0, 4, 1, 15, 1.1349468943436376)
(0, 4, 1, 16, 1.0729567851744686)
(0, 4, 1, 17, 1.0866622674271678)
(0, 4, 1, 18, 1.0935995618008238)
(0, 4, 1, 19, 1.0921049427051779)
(0, 4, 1, 20, 1.0673194967196695)
(0, 4, 1, 21, 1.1017166367323687)
(0, 4, 1, 22, 1.0044076458152467)
(0, 4, 1, 23, 1.134499504663182)
(0, 4, 1, 24, 1.0241259116667096)
(0, 4, 1, 25, 1.0850934427480396)
(0, 4, 1, 26, 1.1132802860978697)
(0, 4, 1, 27, 1.1251211418438205)
(0, 4, 1, 28, 1.103096854653297)
(0, 4, 1, 29, 1.0391786619957433)
(0, 4, 1, 30, 1.1002693872796778)
(0, 4, 1, 31, 1.0769422501875898)
(0, 4, 1, 32, 1.0751060482810744)
(0, 4, 1, 33, 1.0805688489121836)
(0, 4, 1, 34, 1.1062735552768137)
(0, 4, 1, 35, 1.1005207151021035)
(0, 4, 1, 36, 1.0680241558882737)
(0, 4, 1, 37, 1.1121019173778184)
(0, 4, 1, 38, 1.0711389875467208)
(0, 4, 1, 39, 1.1032838408499712)
(0, 4, 1, 40, 1.0684712351511645)
(0, 4, 1, 41, 1.0804505128207806)
(0, 4, 1, 42, 1.1094137527805465)
(0, 4, 1, 43, 1.0822767883018658)
(0, 4, 1, 44, 1.117726016308919)
(0, 4, 1, 45, 1.100822850533139)
(0, 4, 1, 46, 1.1014220991508041)
(0, 4, 1, 47, 1.090168025137401)
(0, 4, 1, 48, 1.1212360579488094)
(0, 4, 1, 49, 1.0614266533332397)
(0, 4, 1, 50, 1.0858602157521444)
(0, 4, 1, 51, 1.06417017521315)
(0, 4, 1, 52, 1.1112050189764149)
(0, 4, 1, 53, 1.1110061816849899)
(0, 4, 1, 54, 1.0814228966049082)
(0, 4, 1, 55, 1.114696101461713)
(0, 4, 1, 56, 1.0591031399616462)
(0, 4, 1, 57, 1.1109865545133621)
(0, 4, 1, 58, 1.0278351135111807)
(0, 4, 1, 59, 1.1103355359534057)
(0, 4, 1, 60, 1.108349889902723)
(0, 4, 1, 61, 1.1130395457487712)
(0, 4, 1, 62, 1.0838551243421921)
(0, 4, 1, 63, 1.1180740227703254)
(0, 4, 1, 64, 1.094059852114625)
(0, 4, 1, 65, 1.1273502082646585)
(0, 4, 1, 66, 1.113125471818508)
(0, 4, 1, 67, 1.0895266921954594)
(0, 4, 1, 68, 1.1086189364749333)
(0, 4, 1, 69, 1.0941035803644856)
(0, 4, 1, 70, 1.0733079526273914)
(0, 4, 1, 71, 1.0881732277530896)
(0, 4, 1, 72, 1.0944616086463705)
(0, 4, 1, 73, 1.1049385572204877)
(0, 4, 1, 74, 1.105212708814404)
(0, 4, 1, 75, 1.089177117615411)
(0, 4, 1, 76, 1.0782152515416037)
(0, 4, 1, 77, 1.1032337298237394)
(0, 4, 1, 78, 1.0619077135283428)
(0, 4, 1, 79, 1.1298583553384502)
(0, 4, 1, 80, 1.1072398133666308)
(0, 4, 1, 81, 1.1037168257277414)
(0, 4, 1, 82, 1.1132580901434108)
(0, 4, 1, 83, 1.095553238525227)
(0, 4, 1, 84, 1.1049186099551078)
(0, 4, 1, 85, 1.0911847945039017)
(0, 4, 1, 86, 1.0809596862219604)
(0, 4, 1, 87, 1.095500229519133)
(0, 4, 1, 88, 1.1161293305384006)
(0, 4, 1, 89, 1.0774012494358152)
(0, 4, 1, 90, 1.102084103881935)
(0, 4, 1, 91, 1.0630586356658687)
(0, 4, 1, 92, 1.0996111385461773)
(0, 4, 1, 93, 1.1148902517981227)
(0, 4, 1, 94, 1.0974907694544136)
(0, 4, 1, 95, 1.1315190912194957)
(0, 4, 1, 96, 1.0771356716952156)
(0, 4, 1, 97, 1.10505614440843)
(0, 4, 1, 98, 0.9916566401880538)
(0, 4, 1, 99, 1.081921599827025)
(0, 4, 1, 100, 1.1110734635794686)
(0, 4, 1, 101, 1.061654766563968)
(0, 4, 1, 102, 1.0709744532965213)
(0, 4, 1, 103, 1.0721726529120494)
(0, 4, 1, 104, 1.106001523985329)
(0, 4, 1, 105, 1.0766874920014338)
(0, 4, 1, 106, 1.1189950248226204)
(0, 4, 1, 107, 1.091822569493618)
(0, 4, 1, 108, 1.1028936446416104)
(0, 4, 1, 109, 1.114744856241482)
(0, 4, 1, 110, 1.1130021380557586)
(0, 4, 1, 111, 1.1201236105938785)
(0, 4, 1, 112, 1.1262856078162287)
(0, 4, 1, 113, 1.069949012921084)
(0, 4, 1, 114, 1.0915294889311569)
(0, 4, 1, 115, 1.086752701946707)
(0, 4, 1, 116, 1.1014133385410738)
(0, 4, 1, 117, 1.0960863523283575)
(0, 4, 1, 118, 1.110671658095771)
(0, 4, 1, 119, 1.0159141491265555)
(0, 4, 1, 120, 1.077859513786028)
(0, 4, 1, 121, 1.1106256834562644)
(0, 4, 1, 122, 1.114019457662073)
(0, 4, 1, 123, 1.0877549040639911)
(0, 4, 1, 124, 1.0935845173825447)
(0, 4, 1, 125, 1.068248756725581)
(0, 4, 1, 126, 1.0399569612005897)
(0, 4, 1, 127, 1.1209770317065006)
(0, 4, 1, 128, 1.0538202629387299)
(0, 4, 1, 129, 1.1050441546910876)
(0, 4, 1, 130, 1.0826893665187076)
(0, 4, 1, 131, 1.084467951011146)
(0, 4, 1, 132, 1.1179718412466177)
(0, 4, 1, 133, 1.1013979872637327)
(0, 4, 1, 134, 1.1109075858889754)
(0, 4, 1, 135, 1.081123564444492)
(0, 4, 1, 136, 1.120690724557665)
(0, 4, 1, 137, 1.0902764485015195)
(0, 4, 1, 138, 1.0956844399108783)
(0, 4, 1, 139, 1.0500737778858524)
(0, 4, 1, 140, 1.1058837952539566)
(0, 4, 1, 141, 1.0961124103676578)
(0, 4, 1, 142, 1.1172058171288193)
(0, 4, 1, 143, 1.1079976159370126)
(0, 4, 1, 144, 1.1208635824677167)
(0, 4, 1, 145, 1.0949314816511933)
(0, 4, 1, 146, 1.1264949719838462)
(0, 4, 1, 147, 1.0412065046301386)
(0, 4, 1, 148, 1.122333048267625)
(0, 4, 1, 149, 1.0527143228302356)
(0, 4, 1, 150, 1.0971319695992774)
(0, 4, 1, 151, 1.1065431491320576)
(0, 4, 1, 152, 1.1032830761926067)
(0, 4, 1, 153, 1.08818604757752)
(0, 4, 1, 154, 1.1358930885637757)
(0, 4, 1, 155, 1.1154515816701405)
(0, 4, 1, 156, 1.080991847455345)
(0, 4, 1, 157, 1.1135594456002484)
(0, 4, 1, 158, 1.1167512869982645)
(0, 4, 1, 159, 1.0894678598395768)
(0, 4, 1, 160, 1.083184240335698)
(0, 4, 1, 161, 1.103815612911372)
(0, 4, 1, 162, 1.1331557994354018)
(0, 4, 1, 163, 1.087004452225022)
(0, 4, 1, 164, 1.046586159238129)
(0, 4, 1, 165, 1.0773071508543106)
(0, 4, 1, 166, 1.083349953276073)
(0, 4, 1, 167, 1.1234385483696483)
(0, 4, 1, 168, 1.1157626960065878)
(0, 4, 1, 169, 1.075842404806651)
(0, 4, 1, 170, 1.116494901542134)
(0, 4, 1, 171, 1.0380327190070306)
(0, 4, 1, 172, 1.0635739583050008)
(0, 4, 1, 173, 1.0989333452743757)
(0, 4, 1, 174, 1.1252101322347676)
(0, 4, 1, 175, 1.1044099976127415)
(0, 4, 1, 176, 1.1137500936018692)
(0, 4, 1, 177, 1.1127359895131888)
(0, 4, 1, 178, 1.1186514460096382)
(0, 4, 1, 179, 1.1173231545898397)
(0, 4, 1, 180, 1.10969135997064)
(0, 4, 1, 181, 1.0150383350261256)
(0, 4, 1, 182, 1.1004966522119886)
(0, 4, 1, 183, 1.0972518708959234)
(0, 4, 1, 184, 1.115488124899168)
(0, 4, 1, 185, 1.0871119490304488)
(0, 4, 1, 186, 1.112902422138158)
(0, 4, 1, 187, 1.1208820260374732)
(0, 4, 1, 188, 1.070129132541443)
(0, 4, 1, 189, 1.126658574695345)
(0, 4, 1, 190, 1.1000778430139557)
(0, 4, 1, 191, 1.0946443754649524)
(0, 4, 1, 192, 1.1070896839839832)
(0, 4, 1, 193, 1.077651204215765)
(0, 4, 1, 194, 1.1128245173757185)
(0, 4, 1, 195, 1.1103976304035617)
(0, 4, 1, 196, 1.093625274361622)
(0, 4, 1, 197, 1.1044739662109737)
(0, 4, 1, 198, 1.126595077258804)
(0, 4, 1, 199, 1.102011871010496)
(0, 4, 1, 200, 1.1072619987979042)
(0, 4, 1, 201, 1.0931436661487643)
(0, 4, 1, 202, 1.098743706129477)
(0, 4, 1, 203, 1.0969191970489958)
(0, 4, 1, 204, 1.0968199414650432)
(0, 4, 1, 205, 1.0997774320453353)
(0, 4, 1, 206, 1.0712281775515466)
(0, 4, 1, 207, 1.0981636186730026)
(0, 4, 1, 208, 1.0667550389974636)
(0, 4, 1, 209, 1.1182796463652256)
(0, 4, 1, 210, 1.1005339912621241)
(0, 4, 1, 211, 1.1028702322873989)
(0, 4, 1, 212, 1.1129422998736085)
(0, 4, 1, 213, 1.087392188030415)
(0, 4, 1, 214, 1.1038517538932306)
(0, 4, 1, 215, 1.0794567128706514)
(0, 4, 1, 216, 1.1099339060237439)
(0, 4, 1, 217, 1.0616086070870452)
(0, 4, 1, 218, 1.0540956724177784)
(0, 4, 1, 219, 1.0574293752609467)
(0, 4, 1, 220, 1.111054363266021)
(0, 4, 1, 221, 1.1143803668775027)
(0, 4, 1, 222, 1.090936590272039)
(0, 4, 1, 223, 1.0680831586543604)
(0, 4, 1, 224, 1.0987632844330895)
(0, 4, 1, 225, 1.1087787971984813)
(0, 4, 1, 226, 1.1261420358605956)
(0, 4, 1, 227, 1.1247834574755855)
(0, 4, 1, 228, 1.117491513584917)
(0, 4, 1, 229, 1.0963247906736753)
(0, 4, 1, 230, 1.0981883838574047)
(0, 4, 1, 231, 1.1065081050485444)
(0, 4, 1, 232, 1.1218324892092357)
(0, 4, 1, 233, 1.1097292539934034)
(0, 4, 1, 234, 1.113551195115537)
(0, 4, 1, 235, 1.099887115296402)
(0, 4, 1, 236, 1.0766156751711937)
(0, 4, 1, 237, 1.136089093731507)
(0, 4, 1, 238, 1.106549351174779)
(0, 4, 1, 239, 1.0869240335476438)
(0, 4, 1, 240, 1.0913286541985856)
(0, 4, 1, 241, 1.0826331180289768)
(0, 4, 1, 242, 1.0823926588312263)
(0, 4, 1, 243, 1.0199985051230056)
(0, 4, 1, 244, 0.9828089786383756)
(0, 4, 1, 245, 1.0395589608502165)
(0, 4, 1, 246, 0.9944108660673133)
(0, 4, 1, 247, 1.057273567999052)
(0, 4, 1, 248, 1.133858841767148)
(0, 4, 1, 249, 1.1016653267102592)
