(0, 0, 0, 0, 652.985615275711)
(0, 0, 0, 1, 509.1272979145466)
(0, 0, 0, 2, 797.9998444297704)
(0, 0, 0, 3, 660.2846597163874)
(0, 0, 0, 4, 533.5193699261332)
(0, 0, 0, 5, 715.1168719987417)
(0, 0, 0, 6, 420.0603359284685)
(0, 0, 0, 7, 509.4222665479968)
(0, 0, 0, 8, 779.0945865331973)
(0, 0, 0, 9, 746.5055357219308)
(0, 0, 0, 10, 353.791523680986)
(0, 0, 0, 11, 623.2284011401698)
(0, 0, 0, 12, 691.7949877057171)
(0, 0, 0, 13, 896.8080871416333)
(0, 0, 0, 14, 963.2688066883228)
(0, 0, 0, 15, 744.5879566536548)
(0, 0, 0, 16, 672.455859748524)
(0, 0, 0, 17, 1006.8937741314164)
(0, 0, 0, 18, 671.560538442565)
(0, 0, 0, 19, 1050.593631387717)
(0, 0, 0, 20, 779.0232858137141)
(0, 0, 0, 21, 857.2255361055543)
(0, 0, 0, 22, 455.7719364209652)
(0, 0, 0, 23, 993.7453383751391)
(0, 0, 0, 24, 976.8065262536569)
(0, 0, 0, 25, 428.2213644240258)
(0, 0, 0, 26, 869.6280976766124)
(0, 0, 0, 27, 942.7701234517433)
(0, 0, 0, 28, 749.576590697734)
(0, 0, 0, 29, 452.7296924225127)
(0, 0, 0, 30, 822.5850856150228)
(0, 0, 0, 31, 654.0085270923078)
(0, 0, 0, 32, 590.9154127119783)
(0, 0, 0, 33, 695.0476395189985)
(0, 0, 0, 34, 318.1402367175783)
(0, 0, 0, 35, 429.53233963282446)
(0, 0, 0, 36, 862.0596712473613)
(0, 0, 0, 37, 550.4593038770304)
(0, 0, 0, 38, 500.6522501121025)
(0, 0, 0, 39, 687.6018076554623)
(0, 0, 0, 40, 772.0585365395527)
(0, 0, 0, 41, 819.5156012091297)
(0, 0, 0, 42, 913.8374341765649)
(0, 0, 0, 43, 793.70418143935)
(0, 0, 0, 44, 548.9213378197311)
(0, 0, 0, 45, 618.8079981493734)
(0, 0, 0, 46, 971.080476789168)
(0, 0, 0, 47, 735.5003093531496)
(0, 0, 0, 48, 701.8328295282787)
(0, 0, 0, 49, 660.066248650294)
(0, 0, 0, 50, 1073.6746966325468)
(0, 0, 0, 51, 500.72706037536705)
(0, 0, 0, 52, 788.8102800135513)
(0, 0, 0, 53, 778.8810438729798)
(0, 0, 0, 54, 748.7054289666681)
(0, 0, 0, 55, 753.4406355995402)
(0, 0, 0, 56, 778.2283449939683)
(0, 0, 0, 57, 796.3454530448789)
(0, 0, 0, 58, 747.3599268886042)
(0, 0, 0, 59, 716.171144771077)
(0, 0, 0, 60, 1114.5315265643)
(0, 0, 0, 61, 1261.582006925034)
(0, 0, 0, 62, 380.57589172858553)
(0, 0, 0, 63, 557.2354814284848)
(0, 0, 0, 64, 1111.2361081268293)
(0, 0, 0, 65, 799.0528529143135)
(0, 0, 0, 66, 695.0160548441893)
(0, 0, 0, 67, 794.9561930949477)
(0, 0, 0, 68, 634.186566149215)
(0, 0, 0, 69, 761.4918051806457)
(0, 0, 0, 70, 875.2710683478027)
(0, 0, 0, 71, 1071.9041247347084)
(0, 0, 0, 72, 1004.598167779508)
(0, 0, 0, 73, 670.2346226919806)
(0, 0, 0, 74, 521.0399478776412)
(0, 0, 0, 75, 504.6607997390731)
(0, 0, 0, 76, 517.8437028554182)
(0, 0, 0, 77, 916.94437371848)
(0, 0, 0, 78, 618.973760538514)
(0, 0, 0, 79, 828.07922871812)
(0, 0, 0, 80, 689.0468313536886)
(0, 0, 0, 81, 572.7288493389428)
(0, 0, 0, 82, 821.6292124956833)
(0, 0, 0, 83, 771.9588449244281)
(0, 0, 0, 84, 694.144009645443)
(0, 0, 0, 85, 492.4325666476565)
(0, 0, 0, 86, 541.739526250148)
(0, 0, 0, 87, 573.3558963190209)
(0, 0, 0, 88, 749.3241664759638)
(0, 0, 0, 89, 887.2706987509183)
(0, 0, 0, 90, 732.0518101169911)
(0, 0, 0, 91, 641.5834492567415)
(0, 0, 0, 92, 935.3607162367915)
(0, 0, 0, 93, 855.7283196643755)
(0, 0, 0, 94, 859.2036739168371)
(0, 0, 0, 95, 552.9453813827823)
(0, 0, 0, 96, 477.1589449847718)
(0, 0, 0, 97, 1098.2682053372534)
(0, 0, 0, 98, 825.7238758788869)
(0, 0, 0, 99, 872.9915285259858)
(0, 0, 0, 100, 738.3058732337887)
(0, 0, 0, 101, 1142.3936352756698)
(0, 0, 0, 102, 832.0062488787227)
(0, 0, 0, 103, 975.9123954966607)
(0, 0, 0, 104, 873.6215239380167)
(0, 0, 0, 105, 749.7139676466804)
(0, 0, 0, 106, 849.6808269396317)
(0, 0, 0, 107, 652.0491247903028)
(0, 0, 0, 108, 805.282314369207)
(0, 0, 0, 109, 892.646497836931)
(0, 0, 0, 110, 1053.905217279108)
(0, 0, 0, 111, 720.0991739556202)
(0, 0, 0, 112, 635.0335023522289)
(0, 0, 0, 113, 693.0136949993761)
(0, 0, 0, 114, 838.153073301042)
(0, 0, 0, 115, 691.2338293643566)
(0, 0, 0, 116, 596.4766352801228)
(0, 0, 0, 117, 743.2586268746551)
(0, 0, 0, 118, 843.656110791683)
(0, 0, 0, 119, 607.3739732204887)
(0, 0, 0, 120, 888.5645504147577)
(0, 0, 0, 121, 877.345852120063)
(0, 0, 0, 122, 834.7387672131957)
(0, 0, 0, 123, 835.1463451874005)
(0, 0, 0, 124, 528.2444568373905)
(0, 0, 0, 125, 651.8193643513428)
(0, 0, 0, 126, 811.7508406683768)
(0, 0, 0, 127, 662.5059242105486)
(0, 0, 0, 128, 762.6722944948704)
(0, 0, 0, 129, 764.9227971945969)
(0, 0, 0, 130, 917.4605823466874)
(0, 0, 0, 131, 480.3604967605703)
(0, 0, 0, 132, 504.5279967850586)
(0, 0, 0, 133, 689.0254985238362)
(0, 0, 0, 134, 966.409140697467)
(0, 0, 0, 135, 533.6585124911725)
(0, 0, 0, 136, 504.15928727727294)
(0, 0, 0, 137, 1005.2728478349263)
(0, 0, 0, 138, 544.8795088982735)
(0, 0, 0, 139, 891.0288702931043)
(0, 0, 0, 140, 638.5721418057727)
(0, 0, 0, 141, 793.1024420632685)
(0, 0, 0, 142, 803.6953459063091)
(0, 0, 0, 143, 752.0589614871693)
(0, 0, 0, 144, 484.2017492543632)
(0, 0, 0, 145, 630.1406788532631)
(0, 0, 0, 146, 623.4261690777499)
(0, 0, 0, 147, 359.2011548601741)
(0, 0, 0, 148, 743.0939610108861)
(0, 0, 0, 149, 218.88190180650108)
(0, 0, 0, 150, 649.0147432181941)
(0, 0, 0, 151, 447.25702410248397)
(0, 0, 0, 152, 726.559499588288)
(0, 0, 0, 153, 735.894585684501)
(0, 0, 0, 154, 584.1645259744552)
(0, 0, 0, 155, 731.5659244491683)
(0, 0, 0, 156, 828.6963806450084)
(0, 0, 0, 157, 880.7770340552636)
(0, 0, 0, 158, 606.8498662855785)
(0, 0, 0, 159, 1364.2338056977233)
(0, 0, 0, 160, 720.4085317686497)
(0, 0, 0, 161, 713.9698283395898)
(0, 0, 0, 162, 1048.1189198960717)
(0, 0, 0, 163, 840.0344890873992)
(0, 0, 0, 164, 649.7395047228463)
(0, 0, 0, 165, 1099.0795252445973)
(0, 0, 0, 166, 796.1470272205951)
(0, 0, 0, 167, 821.0001999392615)
(0, 0, 0, 168, 1031.8866797830524)
(0, 0, 0, 169, 837.0476600503102)
(0, 0, 0, 170, 810.0165884061735)
(0, 0, 0, 171, 610.1202466120308)
(0, 0, 0, 172, 1059.2115986572587)
(0, 0, 0, 173, 1009.729370968884)
(0, 0, 0, 174, 1233.0414037571563)
(0, 0, 0, 175, 955.0512339892134)
(0, 0, 0, 176, 632.9013960742507)
(0, 0, 0, 177, 439.90563884035004)
(0, 0, 0, 178, 527.80861625485)
(0, 0, 0, 179, 684.2234415420443)
(0, 0, 0, 180, 891.4599537128105)
(0, 0, 0, 181, 487.8585520533555)
(0, 0, 0, 182, 588.3962555150547)
(0, 0, 0, 183, 603.4929895955717)
(0, 0, 0, 184, 717.2433045986362)
(0, 0, 0, 185, 689.3339823413717)
(0, 0, 0, 186, 522.9188229180367)
(0, 0, 0, 187, 812.1926462645617)
(0, 0, 0, 188, 541.3400227597555)
(0, 0, 0, 189, 869.665594910642)
(0, 0, 0, 190, 502.8459173277922)
(0, 0, 0, 191, 580.5399289275905)
(0, 0, 0, 192, 727.6164698761313)
(0, 0, 0, 193, 836.3364919122323)
(0, 0, 0, 194, 639.9223681246749)
(0, 0, 0, 195, 867.6108724900776)
(0, 0, 0, 196, 776.9451127985749)
(0, 0, 0, 197, 520.1748649328703)
(0, 0, 0, 198, 561.0413334403197)
(0, 0, 0, 199, 699.7115747752232)
(0, 0, 0, 200, 901.2975219827854)
(0, 0, 0, 201, 653.9699616922733)
(0, 0, 0, 202, 985.5864719446884)
(0, 0, 0, 203, 815.9817885059897)
(0, 0, 0, 204, 689.9473207599133)
(0, 0, 0, 205, 510.33540387334364)
(0, 0, 0, 206, 443.5980575788608)
(0, 0, 0, 207, 1089.5023908875137)
(0, 0, 0, 208, 1237.8814625764544)
(0, 0, 0, 209, 771.8460875782181)
(0, 0, 0, 210, 713.5210302234063)
(0, 0, 0, 211, 551.5488966910316)
(0, 0, 0, 212, 644.2939604852407)
(0, 0, 0, 213, 609.166496574821)
(0, 0, 0, 214, 377.9132169714559)
(0, 0, 0, 215, 564.4147572467252)
(0, 0, 0, 216, 572.7126218164776)
(0, 0, 0, 217, 1147.5392012672141)
(0, 0, 0, 218, 853.007787357287)
(0, 0, 0, 219, 428.780116739139)
(0, 0, 0, 220, 489.2402236844457)
(0, 0, 0, 221, 765.1090868723414)
(0, 0, 0, 222, 758.503662166942)
(0, 0, 0, 223, 526.3641234213037)
(0, 0, 0, 224, 612.6573946184718)
(0, 0, 0, 225, 883.7650270054197)
(0, 0, 0, 226, 653.4398639651522)
(0, 0, 0, 227, 697.3757038033137)
(0, 0, 0, 228, 850.5126039306094)
(0, 0, 0, 229, 668.4107765408417)
(0, 0, 0, 230, 636.6752690037429)
(0, 0, 0, 231, 622.8351880833472)
(0, 0, 0, 232, 496.20634981156985)
(0, 0, 0, 233, 737.8824443787694)
(0, 0, 0, 234, 547.6286390707061)
(0, 0, 0, 235, 1173.9465547463428)
(0, 0, 0, 236, 801.4536988611002)
(0, 0, 0, 237, 1036.160709442791)
(0, 0, 0, 238, 958.1335318295231)
(0, 0, 0, 239, 767.2677366459606)
(0, 0, 0, 240, 664.0556905637835)
(0, 0, 0, 241, 538.1998198158441)
(0, 0, 0, 242, 662.2642859386887)
(0, 0, 0, 243, 782.7867441044149)
(0, 0, 0, 244, 572.6483647031854)
(0, 0, 0, 245, 530.5708820285988)
(0, 0, 0, 246, 858.8345187190694)
(0, 0, 0, 247, 689.4230627380032)
(0, 0, 0, 248, 516.6785187607215)
(0, 0, 0, 249, 575.5399156768397)
(0, 0, 1, 0, 1021.7601115149187)
(0, 0, 1, 1, 1282.1394038281398)
(0, 0, 1, 2, 1000.6387849272495)
(0, 0, 1, 3, 623.5097023928556)
(0, 0, 1, 4, 1368.0708067354608)
(0, 0, 1, 5, 825.1973387485173)
(0, 0, 1, 6, 1191.7091877449939)
(0, 0, 1, 7, 2233.1918919730947)
(0, 0, 1, 8, 1024.039896537545)
(0, 0, 1, 9, 888.241991747385)
(0, 0, 1, 10, 846.0230076295669)
(0, 0, 1, 11, 481.96040083574684)
(0, 0, 1, 12, 1174.8533255333348)
(0, 0, 1, 13, 1568.3620692229515)
(0, 0, 1, 14, 1146.4834442388271)
(0, 0, 1, 15, 1678.3230656572562)
(0, 0, 1, 16, 1561.2965333875516)
(0, 0, 1, 17, 1588.2898053041968)
(0, 0, 1, 18, 1807.1498548654993)
(0, 0, 1, 19, 1141.582163475976)
(0, 0, 1, 20, 1678.5311947835671)
(0, 0, 1, 21, 1534.2149221108748)
(0, 0, 1, 22, 626.6106334963473)
(0, 0, 1, 23, 1680.310290984484)
(0, 0, 1, 24, 1024.9922945236042)
(0, 0, 1, 25, 2391.1305844664016)
(0, 0, 1, 26, 1585.3545904073908)
(0, 0, 1, 27, 1130.1713206312131)
(0, 0, 1, 28, 1356.0342751616517)
(0, 0, 1, 29, 2314.84436140199)
(0, 0, 1, 30, 1747.6656100699413)
(0, 0, 1, 31, 1349.9317866441636)
(0, 0, 1, 32, 1859.8384114643773)
(0, 0, 1, 33, 3130.624343673186)
(0, 0, 1, 34, 1380.7807604675197)
(0, 0, 1, 35, 930.9776287361688)
(0, 0, 1, 36, 1966.1015472885695)
(0, 0, 1, 37, 1098.6155881627435)
(0, 0, 1, 38, 3131.291474137014)
(0, 0, 1, 39, 1277.498871933793)
(0, 0, 1, 40, 1958.5584377074008)
(0, 0, 1, 41, 2151.7653600587983)
(0, 0, 1, 42, 1766.2328795141316)
(0, 0, 1, 43, 801.3147921373082)
(0, 0, 1, 44, 2196.99472135703)
(0, 0, 1, 45, 2849.343349681264)
(0, 0, 1, 46, 1428.4683185144982)
(0, 0, 1, 47, 1260.2648744835942)
(0, 0, 1, 48, 1260.6982071623304)
(0, 0, 1, 49, 1265.4706644511118)
(0, 0, 1, 50, 1157.6665728726161)
(0, 0, 1, 51, 706.7553633886239)
(0, 0, 1, 52, 2423.6469108797933)
(0, 0, 1, 53, 3422.3217805406484)
(0, 0, 1, 54, 1616.9555050614638)
(0, 0, 1, 55, 751.8969227309763)
(0, 0, 1, 56, 2227.2097708822853)
(0, 0, 1, 57, 1759.1592160456266)
(0, 0, 1, 58, 846.0483011144988)
(0, 0, 1, 59, 1772.9315973753698)
(0, 0, 1, 60, 1148.866830867132)
(0, 0, 1, 61, 1073.8843289919703)
(0, 0, 1, 62, 1791.3558199994086)
(0, 0, 1, 63, 993.1123171675156)
(0, 0, 1, 64, 2303.5456777974505)
(0, 0, 1, 65, 1121.814334260829)
(0, 0, 1, 66, 1184.520693183025)
(0, 0, 1, 67, 2128.1642363101037)
(0, 0, 1, 68, 1140.182662335505)
(0, 0, 1, 69, 1684.9097865500462)
(0, 0, 1, 70, 1404.3839401193868)
(0, 0, 1, 71, 573.0284923289737)
(0, 0, 1, 72, 750.2850442161257)
(0, 0, 1, 73, 1652.2623758000248)
(0, 0, 1, 74, 1219.8079426035504)
(0, 0, 1, 75, 1259.758859844254)
(0, 0, 1, 76, 835.2240074262327)
(0, 0, 1, 77, 1315.4359443575745)
(0, 0, 1, 78, 816.7793242975512)
(0, 0, 1, 79, 1881.591489360176)
(0, 0, 1, 80, 1546.4399533164903)
(0, 0, 1, 81, 1504.6246735405282)
(0, 0, 1, 82, 1359.2329750269375)
(0, 0, 1, 83, 563.1336989568493)
(0, 0, 1, 84, 3078.454328982474)
(0, 0, 1, 85, 919.4436098558397)
(0, 0, 1, 86, 1665.9416778587076)
(0, 0, 1, 87, 2002.3703137379007)
(0, 0, 1, 88, 775.5977201877038)
(0, 0, 1, 89, 1269.0089005864977)
(0, 0, 1, 90, 1893.1426093495725)
(0, 0, 1, 91, 1392.9778202422121)
(0, 0, 1, 92, 1122.645341448742)
(0, 0, 1, 93, 1311.178277096911)
(0, 0, 1, 94, 1674.0693899328403)
(0, 0, 1, 95, 2791.4093693039176)
(0, 0, 1, 96, 892.2063060104795)
(0, 0, 1, 97, 1035.4794266264505)
(0, 0, 1, 98, 2610.587273908312)
(0, 0, 1, 99, 1363.3333506902486)
(0, 0, 1, 100, 1998.6457572858158)
(0, 0, 1, 101, 965.1057978593781)
(0, 0, 1, 102, 1292.3216120288282)
(0, 0, 1, 103, 1348.956449392757)
(0, 0, 1, 104, 1555.4085906272428)
(0, 0, 1, 105, 2127.1514616203904)
(0, 0, 1, 106, 1819.4894696718268)
(0, 0, 1, 107, 1063.6294370287912)
(0, 0, 1, 108, 1222.849089327627)
(0, 0, 1, 109, 725.6824729994389)
(0, 0, 1, 110, 2930.0592810868884)
(0, 0, 1, 111, 2796.3480564183096)
(0, 0, 1, 112, 901.992801552847)
(0, 0, 1, 113, 1527.5108990104354)
(0, 0, 1, 114, 1858.8814243979014)
(0, 0, 1, 115, 876.857609163652)
(0, 0, 1, 116, 1311.3778415251336)
(0, 0, 1, 117, 1225.5610292932547)
(0, 0, 1, 118, 1168.5334580363694)
(0, 0, 1, 119, 1879.6153208474677)
(0, 0, 1, 120, 1179.2827031098861)
(0, 0, 1, 121, 2139.543671809859)
(0, 0, 1, 122, 2067.6474731975)
(0, 0, 1, 123, 1131.313939467273)
(0, 0, 1, 124, 785.709236087811)
(0, 0, 1, 125, 1399.9392616211946)
(0, 0, 1, 126, 2328.6484386310713)
(0, 0, 1, 127, 1982.4161108727185)
(0, 0, 1, 128, 1148.3026376252737)
(0, 0, 1, 129, 1114.8848705492233)
(0, 0, 1, 130, 1105.3330938018582)
(0, 0, 1, 131, 2220.5126161080248)
(0, 0, 1, 132, 2115.065949174065)
(0, 0, 1, 133, 1536.0651916730837)
(0, 0, 1, 134, 1538.676591315626)
(0, 0, 1, 135, 1858.2904854000892)
(0, 0, 1, 136, 1410.6680236242046)
(0, 0, 1, 137, 2350.0992217702387)
(0, 0, 1, 138, 1671.094679973582)
(0, 0, 1, 139, 1061.6011470852463)
(0, 0, 1, 140, 1984.9022312104016)
(0, 0, 1, 141, 1192.5057982861738)
(0, 0, 1, 142, 1732.737025712117)
(0, 0, 1, 143, 1398.8140152247283)
(0, 0, 1, 144, 966.3117465607324)
(0, 0, 1, 145, 1343.029031509622)
(0, 0, 1, 146, 2018.0097959716138)
(0, 0, 1, 147, 2043.6442576647544)
(0, 0, 1, 148, 1721.919593769305)
(0, 0, 1, 149, 898.4638539814706)
(0, 0, 1, 150, 1839.6068283270447)
(0, 0, 1, 151, 2468.972143858007)
(0, 0, 1, 152, 1612.4801679606394)
(0, 0, 1, 153, 1235.3025571864255)
(0, 0, 1, 154, 1424.776042078957)
(0, 0, 1, 155, 1334.3385537649556)
(0, 0, 1, 156, 1441.3316074066147)
(0, 0, 1, 157, 2200.8093030220225)
(0, 0, 1, 158, 1020.8891116081456)
(0, 0, 1, 159, 956.082986194572)
(0, 0, 1, 160, 1234.644196333578)
(0, 0, 1, 161, 1669.5661504159657)
(0, 0, 1, 162, 1332.491760015256)
(0, 0, 1, 163, 1437.8735151520411)
(0, 0, 1, 164, 1800.4307764758862)
(0, 0, 1, 165, 1083.42167612813)
(0, 0, 1, 166, 1021.8493864368614)
(0, 0, 1, 167, 3437.749230818476)
(0, 0, 1, 168, 1240.624143940235)
(0, 0, 1, 169, 1299.1344749895472)
(0, 0, 1, 170, 860.1131090722401)
(0, 0, 1, 171, 504.1087301434568)
(0, 0, 1, 172, 819.6904064502338)
(0, 0, 1, 173, 1790.7033746253364)
(0, 0, 1, 174, 959.367010869057)
(0, 0, 1, 175, 1589.5777695335487)
(0, 0, 1, 176, 1316.3580074056758)
(0, 0, 1, 177, 973.2734943566531)
(0, 0, 1, 178, 1642.0892693212713)
(0, 0, 1, 179, 1010.9153294024875)
(0, 0, 1, 180, 1055.5882915567906)
(0, 0, 1, 181, 2167.8699505287746)
(0, 0, 1, 182, 1595.9013055237956)
(0, 0, 1, 183, 1956.9119091224277)
(0, 0, 1, 184, 1274.1346466868486)
(0, 0, 1, 185, 1453.301104668426)
(0, 0, 1, 186, 940.5770516056322)
(0, 0, 1, 187, 958.5456247996065)
(0, 0, 1, 188, 1032.960225178681)
(0, 0, 1, 189, 1209.2810326845763)
(0, 0, 1, 190, 1127.5310988112237)
(0, 0, 1, 191, 1663.349080826651)
(0, 0, 1, 192, 1223.4326347077756)
(0, 0, 1, 193, 1003.4871147465608)
(0, 0, 1, 194, 1007.9167150217834)
(0, 0, 1, 195, 1765.61309453463)
(0, 0, 1, 196, 1237.212446796401)
(0, 0, 1, 197, 1853.857950472605)
(0, 0, 1, 198, 666.2695466823706)
(0, 0, 1, 199, 2110.1387827519247)
(0, 0, 1, 200, 2068.413259700398)
(0, 0, 1, 201, 1150.9937564246018)
(0, 0, 1, 202, 1311.298310303111)
(0, 0, 1, 203, 1356.935884799862)
(0, 0, 1, 204, 701.0207087373066)
(0, 0, 1, 205, 2049.4668896939747)
(0, 0, 1, 206, 1403.4288824943476)
(0, 0, 1, 207, 652.9411970065829)
(0, 0, 1, 208, 2108.1158500668716)
(0, 0, 1, 209, 1705.3389397460319)
(0, 0, 1, 210, 1321.4740923471597)
(0, 0, 1, 211, 859.8614561367332)
(0, 0, 1, 212, 1834.8502254746713)
(0, 0, 1, 213, 2147.4887189597334)
(0, 0, 1, 214, 1012.3222568544744)
(0, 0, 1, 215, 1480.5182000758844)
(0, 0, 1, 216, 1719.2701527471663)
(0, 0, 1, 217, 1511.2822325632153)
(0, 0, 1, 218, 1563.6055166753401)
(0, 0, 1, 219, 3215.947333158803)
(0, 0, 1, 220, 3418.5162050005874)
(0, 0, 1, 221, 1886.7931965117514)
(0, 0, 1, 222, 1261.3977086672137)
(0, 0, 1, 223, 2045.0115715321444)
(0, 0, 1, 224, 1632.7629550947563)
(0, 0, 1, 225, 815.3215610281849)
(0, 0, 1, 226, 1452.526777472077)
(0, 0, 1, 227, 1114.620393272798)
(0, 0, 1, 228, 2156.3833333961284)
(0, 0, 1, 229, 1446.8956825777193)
(0, 0, 1, 230, 1291.1232497450046)
(0, 0, 1, 231, 884.8424299680779)
(0, 0, 1, 232, 1742.697276832114)
(0, 0, 1, 233, 874.502295286515)
(0, 0, 1, 234, 1365.7908280246484)
(0, 0, 1, 235, 1921.8045435365432)
(0, 0, 1, 236, 1498.7621227919851)
(0, 0, 1, 237, 953.0823611777965)
(0, 0, 1, 238, 995.1547922608306)
(0, 0, 1, 239, 1312.6549247358341)
(0, 0, 1, 240, 1955.393286470448)
(0, 0, 1, 241, 1523.2964531555244)
(0, 0, 1, 242, 1021.7723478632744)
(0, 0, 1, 243, 857.3333386072178)
(0, 0, 1, 244, 2223.298145678646)
(0, 0, 1, 245, 1715.8750049325033)
(0, 0, 1, 246, 1498.3559313054996)
(0, 0, 1, 247, 1088.7653078984413)
(0, 0, 1, 248, 612.2385248717801)
(0, 0, 1, 249, 759.917141241004)
(0, 1, 0, 0, 813.0060531275485)
(0, 1, 0, 1, 143.86932075347832)
(0, 1, 0, 2, 813.471825501814)
(0, 1, 0, 3, 119.51802078563979)
(0, 1, 0, 4, 337.2033973030587)
(0, 1, 0, 5, 1198.1362108059054)
(0, 1, 0, 6, 203.48383796552403)
(0, 1, 0, 7, 176.8486830225785)
(0, 1, 0, 8, 754.3932088638161)
(0, 1, 0, 9, 1749.4415958523596)
(0, 1, 0, 10, 132.25509017386497)
(0, 1, 0, 11, 1191.049817142638)
(0, 1, 0, 12, 248.98687730074425)
(0, 1, 0, 13, 704.0290310462876)
(0, 1, 0, 14, 596.3393368871161)
(0, 1, 0, 15, 294.4759333147595)
(0, 1, 0, 16, 760.1177902731038)
(0, 1, 0, 17, 757.5277114728857)
(0, 1, 0, 18, 862.5784891567478)
(0, 1, 0, 19, 647.8187220387953)
(0, 1, 0, 20, 575.2737503674949)
(0, 1, 0, 21, 507.62774062872705)
(0, 1, 0, 22, 338.7302518566675)
(0, 1, 0, 23, 254.34258465119473)
(0, 1, 0, 24, 110.60358760910715)
(0, 1, 0, 25, 933.5349957213567)
(0, 1, 0, 26, 210.48974860873335)
(0, 1, 0, 27, 647.8728078217154)
(0, 1, 0, 28, 181.55085162312048)
(0, 1, 0, 29, 193.4651037120626)
(0, 1, 0, 30, 287.4396155167173)
(0, 1, 0, 31, 981.8276752208691)
(0, 1, 0, 32, 922.1032074152022)
(0, 1, 0, 33, 707.0271153772693)
(0, 1, 0, 34, 171.659797081451)
(0, 1, 0, 35, 133.38358980847332)
(0, 1, 0, 36, 629.6034035854157)
(0, 1, 0, 37, 892.3127001471831)
(0, 1, 0, 38, 242.83988558777583)
(0, 1, 0, 39, 210.7659974852336)
(0, 1, 0, 40, 200.74686141492674)
(0, 1, 0, 41, 388.8037293279378)
(0, 1, 0, 42, 451.0070031498157)
(0, 1, 0, 43, 333.16001987818106)
(0, 1, 0, 44, 886.1068479266926)
(0, 1, 0, 45, 972.210883201471)
(0, 1, 0, 46, 562.2115446676992)
(0, 1, 0, 47, 815.1983634778401)
(0, 1, 0, 48, 1597.9523552945868)
(0, 1, 0, 49, 2369.8789040583183)
(0, 1, 0, 50, 737.5009560649721)
(0, 1, 0, 51, 826.4625256253166)
(0, 1, 0, 52, 572.9138810661038)
(0, 1, 0, 53, 1173.7183050292747)
(0, 1, 0, 54, 554.5417218825867)
(0, 1, 0, 55, 1583.2973597956595)
(0, 1, 0, 56, 1278.6328576233304)
(0, 1, 0, 57, 613.919950145276)
(0, 1, 0, 58, 371.0492468915482)
(0, 1, 0, 59, 512.4408317582249)
(0, 1, 0, 60, 271.71019530780626)
(0, 1, 0, 61, 757.9690707743092)
(0, 1, 0, 62, 765.0857792588807)
(0, 1, 0, 63, 180.21110462969745)
(0, 1, 0, 64, 471.89899041109567)
(0, 1, 0, 65, 612.2098936111211)
(0, 1, 0, 66, 708.3669243838843)
(0, 1, 0, 67, 377.32832949558446)
(0, 1, 0, 68, 207.27135718001796)
(0, 1, 0, 69, 187.64865670405854)
(0, 1, 0, 70, 837.5053936660297)
(0, 1, 0, 71, 228.3660310031571)
(0, 1, 0, 72, 2090.911484324728)
(0, 1, 0, 73, 706.5397303944294)
(0, 1, 0, 74, 480.578564932203)
(0, 1, 0, 75, 1884.7657864958258)
(0, 1, 0, 76, 414.5272920787749)
(0, 1, 0, 77, 848.8266080028807)
(0, 1, 0, 78, 546.5701149602994)
(0, 1, 0, 79, 1177.9711278362022)
(0, 1, 0, 80, 1775.5399114391662)
(0, 1, 0, 81, 203.96619875756744)
(0, 1, 0, 82, 372.34551419235794)
(0, 1, 0, 83, 770.7925501549572)
(0, 1, 0, 84, 618.6769636332612)
(0, 1, 0, 85, 498.49769711394293)
(0, 1, 0, 86, 1712.1013826072683)
(0, 1, 0, 87, 971.6497239820801)
(0, 1, 0, 88, 2024.6134073261815)
(0, 1, 0, 89, 1424.1197373961884)
(0, 1, 0, 90, 125.12927866521501)
(0, 1, 0, 91, 1078.1386343418878)
(0, 1, 0, 92, 943.1347828996962)
(0, 1, 0, 93, 333.27946733112475)
(0, 1, 0, 94, 1624.5869734977914)
(0, 1, 0, 95, 1610.6506571159755)
(0, 1, 0, 96, 407.020109229356)
(0, 1, 0, 97, 438.6344796184321)
(0, 1, 0, 98, 599.9832145996529)
(0, 1, 0, 99, 1389.1119482190625)
(0, 1, 0, 100, 1248.8686889394087)
(0, 1, 0, 101, 1328.4896583890493)
(0, 1, 0, 102, 918.2874038846733)
(0, 1, 0, 103, 1658.6195689577848)
(0, 1, 0, 104, 399.30711426506224)
(0, 1, 0, 105, 778.8055166753275)
(0, 1, 0, 106, 365.4413806066796)
(0, 1, 0, 107, 305.17988318782324)
(0, 1, 0, 108, 1330.8157386379853)
(0, 1, 0, 109, 1247.5372739452478)
(0, 1, 0, 110, 275.9107521142709)
(0, 1, 0, 111, 384.9488392165201)
(0, 1, 0, 112, 711.5162369556701)
(0, 1, 0, 113, 372.64223286588407)
(0, 1, 0, 114, 1311.4887191269088)
(0, 1, 0, 115, 695.5126753083696)
(0, 1, 0, 116, 506.5857075471087)
(0, 1, 0, 117, 672.1360725818462)
(0, 1, 0, 118, 691.5696873792575)
(0, 1, 0, 119, 1362.5226959132287)
(0, 1, 0, 120, 192.25045471771298)
(0, 1, 0, 121, 1389.1744049855913)
(0, 1, 0, 122, 1249.77142709324)
(0, 1, 0, 123, 125.20925179830779)
(0, 1, 0, 124, 712.5584039544467)
(0, 1, 0, 125, 581.1671893397511)
(0, 1, 0, 126, 174.63173462822937)
(0, 1, 0, 127, 1156.4625147258491)
(0, 1, 0, 128, 1016.8528293807577)
(0, 1, 0, 129, 632.1860231790757)
(0, 1, 0, 130, 674.9239780429116)
(0, 1, 0, 131, 413.68361789273627)
(0, 1, 0, 132, 807.218587278733)
(0, 1, 0, 133, 1317.771584697644)
(0, 1, 0, 134, 661.2926577477577)
(0, 1, 0, 135, 800.5249603536752)
(0, 1, 0, 136, 338.9923588046445)
(0, 1, 0, 137, 1275.0316558406948)
(0, 1, 0, 138, 821.4964157200823)
(0, 1, 0, 139, 948.7240665310801)
(0, 1, 0, 140, 393.72429314788286)
(0, 1, 0, 141, 537.7170451706882)
(0, 1, 0, 142, 449.68572628494934)
(0, 1, 0, 143, 1631.2278428031088)
(0, 1, 0, 144, 933.6243422211041)
(0, 1, 0, 145, 229.49420075384631)
(0, 1, 0, 146, 839.3985143133309)
(0, 1, 0, 147, 801.9020289147812)
(0, 1, 0, 148, 1039.8410257852377)
(0, 1, 0, 149, 1381.8289718338242)
(0, 1, 0, 150, 1720.8703146367454)
(0, 1, 0, 151, 247.4197121746126)
(0, 1, 0, 152, 390.53370545742683)
(0, 1, 0, 153, 1343.9661404586177)
(0, 1, 0, 154, 677.5552812884223)
(0, 1, 0, 155, 103.77766774820256)
(0, 1, 0, 156, 142.40210961832966)
(0, 1, 0, 157, 316.22564062505546)
(0, 1, 0, 158, 1163.0492342933471)
(0, 1, 0, 159, 235.6341869808827)
(0, 1, 0, 160, 663.3774029014756)
(0, 1, 0, 161, 302.25951385387185)
(0, 1, 0, 162, 850.1940688309236)
(0, 1, 0, 163, 349.68084588890713)
(0, 1, 0, 164, 447.6776155804285)
(0, 1, 0, 165, 151.52456515885592)
(0, 1, 0, 166, 301.35829527591034)
(0, 1, 0, 167, 925.401710217462)
(0, 1, 0, 168, 1421.3650148328359)
(0, 1, 0, 169, 341.22838999448453)
(0, 1, 0, 170, 494.0994949827308)
(0, 1, 0, 171, 626.7217651488276)
(0, 1, 0, 172, 586.3580938605845)
(0, 1, 0, 173, 227.86607726346602)
(0, 1, 0, 174, 559.2758756258091)
(0, 1, 0, 175, 1014.9568404365451)
(0, 1, 0, 176, 437.8413467924549)
(0, 1, 0, 177, 269.68779188348833)
(0, 1, 0, 178, 1094.695716745031)
(0, 1, 0, 179, 157.38593646094904)
(0, 1, 0, 180, 1167.0560867302543)
(0, 1, 0, 181, 908.7611347935174)
(0, 1, 0, 182, 214.11228155258289)
(0, 1, 0, 183, 268.90529885748856)
(0, 1, 0, 184, 691.383126453439)
(0, 1, 0, 185, 891.698328225509)
(0, 1, 0, 186, 233.2781476532364)
(0, 1, 0, 187, 644.9660216291143)
(0, 1, 0, 188, 1028.5843665653795)
(0, 1, 0, 189, 905.4399225661978)
(0, 1, 0, 190, 802.1485279137836)
(0, 1, 0, 191, 911.4581052950782)
(0, 1, 0, 192, 837.8966851503656)
(0, 1, 0, 193, 159.76723062881265)
(0, 1, 0, 194, 229.93816082271496)
(0, 1, 0, 195, 655.3816244646401)
(0, 1, 0, 196, 1249.883185882293)
(0, 1, 0, 197, 1368.4613243865342)
(0, 1, 0, 198, 987.817306038894)
(0, 1, 0, 199, 1387.6644762271599)
(0, 1, 0, 200, 656.0541926939818)
(0, 1, 0, 201, 447.17321631831044)
(0, 1, 0, 202, 931.8681291172472)
(0, 1, 0, 203, 275.1377126471717)
(0, 1, 0, 204, 500.67397237964997)
(0, 1, 0, 205, 199.26569295651814)
(0, 1, 0, 206, 945.4537938644331)
(0, 1, 0, 207, 259.686521004542)
(0, 1, 0, 208, 923.1097806826709)
(0, 1, 0, 209, 604.3633788584841)
(0, 1, 0, 210, 171.39677507729206)
(0, 1, 0, 211, 1236.2386499155234)
(0, 1, 0, 212, 460.06577855813)
(0, 1, 0, 213, 104.76849630771541)
(0, 1, 0, 214, 99.19552851668637)
(0, 1, 0, 215, 377.5250743059842)
(0, 1, 0, 216, 672.910063923075)
(0, 1, 0, 217, 606.955066071878)
(0, 1, 0, 218, 415.042336501984)
(0, 1, 0, 219, 641.8474283711788)
(0, 1, 0, 220, 305.4635957516163)
(0, 1, 0, 221, 1005.8977687253683)
(0, 1, 0, 222, 385.06146524299766)
(0, 1, 0, 223, 543.8048990064892)
(0, 1, 0, 224, 1461.5523541113319)
(0, 1, 0, 225, 650.295966255389)
(0, 1, 0, 226, 486.7865376080658)
(0, 1, 0, 227, 336.5389873794111)
(0, 1, 0, 228, 663.8675107369551)
(0, 1, 0, 229, 252.5393656277122)
(0, 1, 0, 230, 277.43888672100934)
(0, 1, 0, 231, 440.18429691248997)
(0, 1, 0, 232, 887.2843163648786)
(0, 1, 0, 233, 227.53481255508083)
(0, 1, 0, 234, 88.90481757131803)
(0, 1, 0, 235, 1743.1693231925522)
(0, 1, 0, 236, 379.3110337005558)
(0, 1, 0, 237, 978.6711342937334)
(0, 1, 0, 238, 461.8382010207384)
(0, 1, 0, 239, 1230.8996805996615)
(0, 1, 0, 240, 528.7319328281615)
(0, 1, 0, 241, 190.0429841367808)
(0, 1, 0, 242, 979.5017270769307)
(0, 1, 0, 243, 854.8662000679502)
(0, 1, 0, 244, 384.9387281895261)
(0, 1, 0, 245, 370.21348753129814)
(0, 1, 0, 246, 937.6322979503726)
(0, 1, 0, 247, 850.970898595238)
(0, 1, 0, 248, 274.23088030704065)
(0, 1, 0, 249, 87.48162382413915)
(0, 1, 1, 0, 1354.992762118877)
(0, 1, 1, 1, 2167.5040221954487)
(0, 1, 1, 2, 955.0812686632437)
(0, 1, 1, 3, 743.0905472343463)
(0, 1, 1, 4, 192.42463075470988)
(0, 1, 1, 5, 956.7104594887327)
(0, 1, 1, 6, 450.7558759503736)
(0, 1, 1, 7, 2822.0331486332607)
(0, 1, 1, 8, 1349.2938422130533)
(0, 1, 1, 9, 1223.8135977601928)
(0, 1, 1, 10, 1444.3330013429297)
(0, 1, 1, 11, 944.0157799936851)
(0, 1, 1, 12, 1559.9999227574124)
(0, 1, 1, 13, 2404.1972780026977)
(0, 1, 1, 14, 1023.046290283458)
(0, 1, 1, 15, 2005.2856012158759)
(0, 1, 1, 16, 2169.1847655936203)
(0, 1, 1, 17, 1402.424462852655)
(0, 1, 1, 18, 1990.25865599408)
(0, 1, 1, 19, 1778.4397437959865)
(0, 1, 1, 20, 2620.3421203862285)
(0, 1, 1, 21, 670.2978336503664)
(0, 1, 1, 22, 1105.875978220601)
(0, 1, 1, 23, 304.38751229856217)
(0, 1, 1, 24, 756.1228210592609)
(0, 1, 1, 25, 493.67861065389974)
(0, 1, 1, 26, 3590.5212147238394)
(0, 1, 1, 27, 342.2977883596193)
(0, 1, 1, 28, 1972.0873140936915)
(0, 1, 1, 29, 694.2514027000983)
(0, 1, 1, 30, 2016.028911319621)
(0, 1, 1, 31, 2394.8260363029044)
(0, 1, 1, 32, 2671.1058271854076)
(0, 1, 1, 33, 2397.7138174260003)
(0, 1, 1, 34, 1551.8569303099382)
(0, 1, 1, 35, 1355.7919741012136)
(0, 1, 1, 36, 1714.236561786228)
(0, 1, 1, 37, 234.28486986617418)
(0, 1, 1, 38, 1463.9917081348283)
(0, 1, 1, 39, 1372.2701029293303)
(0, 1, 1, 40, 2213.212450226516)
(0, 1, 1, 41, 1713.2182054832444)
(0, 1, 1, 42, 2349.595863142329)
(0, 1, 1, 43, 1052.4757190638086)
(0, 1, 1, 44, 3877.996713238529)
(0, 1, 1, 45, 1213.3798857562829)
(0, 1, 1, 46, 672.9720664086982)
(0, 1, 1, 47, 1080.8899836194905)
(0, 1, 1, 48, 1579.0818487217064)
(0, 1, 1, 49, 913.5071843727592)
(0, 1, 1, 50, 1143.3261323955157)
(0, 1, 1, 51, 221.69408979411173)
(0, 1, 1, 52, 1815.1779656692079)
(0, 1, 1, 53, 2586.133937619829)
(0, 1, 1, 54, 1609.986565430108)
(0, 1, 1, 55, 425.1049806805473)
(0, 1, 1, 56, 1095.6233178299863)
(0, 1, 1, 57, 299.21572024511187)
(0, 1, 1, 58, 538.8577144930539)
(0, 1, 1, 59, 1697.869184059426)
(0, 1, 1, 60, 1540.8197206382536)
(0, 1, 1, 61, 751.7464974413559)
(0, 1, 1, 62, 1560.4582085155396)
(0, 1, 1, 63, 985.2335815060708)
(0, 1, 1, 64, 3920.3240557276304)
(0, 1, 1, 65, 582.6312103241698)
(0, 1, 1, 66, 2382.4310886240764)
(0, 1, 1, 67, 1276.284368042205)
(0, 1, 1, 68, 489.37708335560484)
(0, 1, 1, 69, 1649.8843692957037)
(0, 1, 1, 70, 1044.9524037721255)
(0, 1, 1, 71, 714.3353111270143)
(0, 1, 1, 72, 784.497900826125)
(0, 1, 1, 73, 2926.5619134363014)
(0, 1, 1, 74, 1523.7839825201852)
(0, 1, 1, 75, 706.3468102545129)
(0, 1, 1, 76, 589.3667833845606)
(0, 1, 1, 77, 1044.2613113200105)
(0, 1, 1, 78, 1004.770760180915)
(0, 1, 1, 79, 3400.3160935097385)
(0, 1, 1, 80, 2477.15072245298)
(0, 1, 1, 81, 2849.3501995614565)
(0, 1, 1, 82, 2224.4687838598084)
(0, 1, 1, 83, 942.9425329553393)
(0, 1, 1, 84, 1610.2131062205326)
(0, 1, 1, 85, 1431.439346146203)
(0, 1, 1, 86, 544.5665999710991)
(0, 1, 1, 87, 2868.210298421732)
(0, 1, 1, 88, 780.188411147999)
(0, 1, 1, 89, 1333.3526172158588)
(0, 1, 1, 90, 1300.474497168659)
(0, 1, 1, 91, 1323.1864168864136)
(0, 1, 1, 92, 1509.2501078005228)
(0, 1, 1, 93, 736.8536786942688)
(0, 1, 1, 94, 829.3073309778708)
(0, 1, 1, 95, 1226.8661439226155)
(0, 1, 1, 96, 685.9368441597398)
(0, 1, 1, 97, 1252.0255120948566)
(0, 1, 1, 98, 804.1981019596642)
(0, 1, 1, 99, 576.320184005102)
(0, 1, 1, 100, 1817.5274691392212)
(0, 1, 1, 101, 470.0511598305103)
(0, 1, 1, 102, 1212.4747873781369)
(0, 1, 1, 103, 626.0888307086312)
(0, 1, 1, 104, 2633.1686422532207)
(0, 1, 1, 105, 3102.682564055052)
(0, 1, 1, 106, 1608.8551248303659)
(0, 1, 1, 107, 1671.115715387274)
(0, 1, 1, 108, 2071.3207769292026)
(0, 1, 1, 109, 1391.1949145618066)
(0, 1, 1, 110, 2460.3363311253)
(0, 1, 1, 111, 5724.733968174867)
(0, 1, 1, 112, 1093.4701971670715)
(0, 1, 1, 113, 1181.3585399699518)
(0, 1, 1, 114, 3834.184332437601)
(0, 1, 1, 115, 624.1039959348273)
(0, 1, 1, 116, 457.02831411094655)
(0, 1, 1, 117, 831.0062224204453)
(0, 1, 1, 118, 713.3608015967924)
(0, 1, 1, 119, 1913.7837401997813)
(0, 1, 1, 120, 486.7231291839089)
(0, 1, 1, 121, 1800.8300731958689)
(0, 1, 1, 122, 1287.1644251544626)
(0, 1, 1, 123, 646.3485286590133)
(0, 1, 1, 124, 547.9458330070096)
(0, 1, 1, 125, 870.3795295883215)
(0, 1, 1, 126, 386.77095599360376)
(0, 1, 1, 127, 865.5296580203884)
(0, 1, 1, 128, 1903.3011216310113)
(0, 1, 1, 129, 539.4527188396174)
(0, 1, 1, 130, 343.44928453888804)
(0, 1, 1, 131, 4543.318973450211)
(0, 1, 1, 132, 1281.9672120429518)
(0, 1, 1, 133, 405.42783325951206)
(0, 1, 1, 134, 619.0788044125785)
(0, 1, 1, 135, 964.0712561159033)
(0, 1, 1, 136, 2054.1218447011806)
(0, 1, 1, 137, 686.3405634923683)
(0, 1, 1, 138, 2492.476183984084)
(0, 1, 1, 139, 1559.0940939121485)
(0, 1, 1, 140, 1100.8512954797093)
(0, 1, 1, 141, 1932.8016513560372)
(0, 1, 1, 142, 915.0374526720966)
(0, 1, 1, 143, 968.8543840302816)
(0, 1, 1, 144, 1389.8136703488856)
(0, 1, 1, 145, 1157.2544630986226)
(0, 1, 1, 146, 706.4524666645311)
(0, 1, 1, 147, 1456.4902766398652)
(0, 1, 1, 148, 2489.140034879253)
(0, 1, 1, 149, 523.8917567870775)
(0, 1, 1, 150, 1997.5339382608786)
(0, 1, 1, 151, 3735.3949364215687)
(0, 1, 1, 152, 831.3143111475509)
(0, 1, 1, 153, 2474.083020850608)
(0, 1, 1, 154, 719.8384881261463)
(0, 1, 1, 155, 622.8212103073963)
(0, 1, 1, 156, 1275.0000160974876)
(0, 1, 1, 157, 954.2064883668122)
(0, 1, 1, 158, 442.7833984017413)
(0, 1, 1, 159, 1502.9666618401534)
(0, 1, 1, 160, 221.24382085349185)
(0, 1, 1, 161, 2764.761088481975)
(0, 1, 1, 162, 2188.98416690635)
(0, 1, 1, 163, 519.9754203262909)
(0, 1, 1, 164, 1041.6966990435724)
(0, 1, 1, 165, 1593.1291393839717)
(0, 1, 1, 166, 536.4719830416922)
(0, 1, 1, 167, 1444.1318571979625)
(0, 1, 1, 168, 827.1816450968967)
(0, 1, 1, 169, 1109.23047018272)
(0, 1, 1, 170, 1499.7281313508236)
(0, 1, 1, 171, 446.5110234868363)
(0, 1, 1, 172, 1304.0201065205974)
(0, 1, 1, 173, 1007.5033811533164)
(0, 1, 1, 174, 425.2217133341731)
(0, 1, 1, 175, 819.1084460851472)
(0, 1, 1, 176, 2197.2723329250657)
(0, 1, 1, 177, 1163.8499053467613)
(0, 1, 1, 178, 3075.742971534126)
(0, 1, 1, 179, 755.783334167812)
(0, 1, 1, 180, 864.2330179933912)
(0, 1, 1, 181, 1495.9507836400987)
(0, 1, 1, 182, 2107.4203324172086)
(0, 1, 1, 183, 915.9089442416665)
(0, 1, 1, 184, 670.3733900147483)
(0, 1, 1, 185, 2444.3486864632746)
(0, 1, 1, 186, 689.2125216831337)
(0, 1, 1, 187, 964.9639961226918)
(0, 1, 1, 188, 651.1993221129667)
(0, 1, 1, 189, 330.47488541800305)
(0, 1, 1, 190, 1735.2739301642032)
(0, 1, 1, 191, 980.8356565487782)
(0, 1, 1, 192, 2474.411384614925)
(0, 1, 1, 193, 1675.351098616177)
(0, 1, 1, 194, 644.2965515026392)
(0, 1, 1, 195, 1185.530390429686)
(0, 1, 1, 196, 739.37154064426)
(0, 1, 1, 197, 1040.771994713425)
(0, 1, 1, 198, 895.0473796201793)
(0, 1, 1, 199, 3452.1550665712407)
(0, 1, 1, 200, 3955.7354514241624)
(0, 1, 1, 201, 755.0028560530726)
(0, 1, 1, 202, 2079.888721649289)
(0, 1, 1, 203, 843.3451737863054)
(0, 1, 1, 204, 1176.3256627944265)
(0, 1, 1, 205, 1157.9743930926188)
(0, 1, 1, 206, 1947.5404537803581)
(0, 1, 1, 207, 890.6701068054026)
(0, 1, 1, 208, 2273.736647612086)
(0, 1, 1, 209, 1652.6419183443359)
(0, 1, 1, 210, 1402.7951241899755)
(0, 1, 1, 211, 318.33928694717275)
(0, 1, 1, 212, 1217.033788508607)
(0, 1, 1, 213, 4274.0259005426715)
(0, 1, 1, 214, 1728.5700401704778)
(0, 1, 1, 215, 850.3336857334974)
(0, 1, 1, 216, 1131.6833782135277)
(0, 1, 1, 217, 404.9198422534239)
(0, 1, 1, 218, 2315.064614311753)
(0, 1, 1, 219, 4177.607751344819)
(0, 1, 1, 220, 4136.755660492137)
(0, 1, 1, 221, 2457.180953568632)
(0, 1, 1, 222, 812.7426044640474)
(0, 1, 1, 223, 1715.9781952176054)
(0, 1, 1, 224, 968.9009079232927)
(0, 1, 1, 225, 641.7432073678283)
(0, 1, 1, 226, 1160.3219928090257)
(0, 1, 1, 227, 1739.7761512165375)
(0, 1, 1, 228, 1559.4708816827874)
(0, 1, 1, 229, 914.334606854147)
(0, 1, 1, 230, 1520.9070200882766)
(0, 1, 1, 231, 711.6573756356353)
(0, 1, 1, 232, 3089.7150812029017)
(0, 1, 1, 233, 901.0250163367267)
(0, 1, 1, 234, 772.3020811708604)
(0, 1, 1, 235, 1001.0499082786297)
(0, 1, 1, 236, 3258.4015654284267)
(0, 1, 1, 237, 1611.9961264476096)
(0, 1, 1, 238, 1688.871021700209)
(0, 1, 1, 239, 2269.054113007708)
(0, 1, 1, 240, 513.3950201241068)
(0, 1, 1, 241, 2603.4281821671493)
(0, 1, 1, 242, 737.1803162293826)
(0, 1, 1, 243, 858.8418809606824)
(0, 1, 1, 244, 1490.2499206561856)
(0, 1, 1, 245, 1528.9829753879612)
(0, 1, 1, 246, 2027.2046146072744)
(0, 1, 1, 247, 678.4615754593843)
(0, 1, 1, 248, 986.6949078871094)
(0, 1, 1, 249, 487.7885738938002)
