(0, 0, 0, 0, 116.76391586068594)
(0, 0, 0, 1, 291.87440900236595)
(0, 0, 0, 2, 155.90946236155835)
(0, 0, 0, 3, 137.80499525700642)
(0, 0, 0, 4, 118.46628632764136)
(0, 0, 0, 5, 143.44190525887856)
(0, 0, 0, 6, 254.09702658546092)
(0, 0, 0, 7, 208.58453502491747)
(0, 0, 0, 8, 213.93657561469018)
(0, 0, 0, 9, 121.15233979750501)
(0, 0, 0, 10, 130.6833632339608)
(0, 0, 0, 11, 260.71408137988414)
(0, 0, 0, 12, 202.64635542088877)
(0, 0, 0, 13, 207.2108682336194)
(0, 0, 0, 14, 279.32980759238166)
(0, 0, 0, 15, 301.2249323972788)
(0, 0, 0, 16, 180.73122086064316)
(0, 0, 0, 17, 213.94750573469355)
(0, 0, 0, 18, 252.2027060789739)
(0, 0, 0, 19, 194.05649039215436)
(0, 0, 0, 20, 140.90451877656486)
(0, 0, 0, 21, 177.39563069673943)
(0, 0, 0, 22, 183.7720786775471)
(0, 0, 0, 23, 205.4530449591148)
(0, 0, 0, 24, 141.094994788827)
(0, 0, 0, 25, 140.9671789957416)
(0, 0, 0, 26, 174.92299280024298)
(0, 0, 0, 27, 129.40514518357)
(0, 0, 0, 28, 234.65422099540714)
(0, 0, 0, 29, 200.30251382780318)
(0, 0, 0, 30, 117.48760102235397)
(0, 0, 0, 31, 202.066296186992)
(0, 0, 0, 32, 373.5568719441949)
(0, 0, 0, 33, 91.04518554675023)
(0, 0, 0, 34, 193.33017987788267)
(0, 0, 0, 35, 126.40978235290392)
(0, 0, 0, 36, 259.5846361477638)
(0, 0, 0, 37, 114.33654381398172)
(0, 0, 0, 38, 112.90850895581167)
(0, 0, 0, 39, 169.40249707249723)
(0, 0, 0, 40, 182.03198408103648)
(0, 0, 0, 41, 247.69032840602551)
(0, 0, 0, 42, 254.67292679400106)
(0, 0, 0, 43, 148.74948120430705)
(0, 0, 0, 44, 267.09627244576546)
(0, 0, 0, 45, 182.5796621006524)
(0, 0, 0, 46, 154.05983866321327)
(0, 0, 0, 47, 206.4239415317997)
(0, 0, 0, 48, 122.20018318520684)
(0, 0, 0, 49, 225.2112422169424)
(0, 0, 0, 50, 322.2172488466966)
(0, 0, 0, 51, 111.95705985521364)
(0, 0, 0, 52, 206.49389725565)
(0, 0, 0, 53, 225.499575854867)
(0, 0, 0, 54, 118.96550644915283)
(0, 0, 0, 55, 273.04795884059183)
(0, 0, 0, 56, 200.9579831586841)
(0, 0, 0, 57, 248.9564381088438)
(0, 0, 0, 58, 205.0675789966299)
(0, 0, 0, 59, 220.18539630927717)
(0, 0, 0, 60, 245.1557416316642)
(0, 0, 0, 61, 361.21586804539885)
(0, 0, 0, 62, 140.36749933216166)
(0, 0, 0, 63, 206.49546499471785)
(0, 0, 0, 64, 245.70369386878392)
(0, 0, 0, 65, 269.9689687406289)
(0, 0, 0, 66, 136.791286617686)
(0, 0, 0, 67, 202.63580182320345)
(0, 0, 0, 68, 193.45223268057555)
(0, 0, 0, 69, 98.50968671942502)
(0, 0, 0, 70, 225.9323377480443)
(0, 0, 0, 71, 362.08986225164506)
(0, 0, 0, 72, 256.65294783252705)
(0, 0, 0, 73, 190.89210935008074)
(0, 0, 0, 74, 162.60549920913527)
(0, 0, 0, 75, 163.41410055639554)
(0, 0, 0, 76, 180.47493347913328)
(0, 0, 0, 77, 183.26809518716766)
(0, 0, 0, 78, 282.7549685576956)
(0, 0, 0, 79, 193.8111419163705)
(0, 0, 0, 80, 204.59837409687066)
(0, 0, 0, 81, 155.78120234577483)
(0, 0, 0, 82, 145.71811961692782)
(0, 0, 0, 83, 171.33259821754214)
(0, 0, 0, 84, 279.1712065430689)
(0, 0, 0, 85, 155.45682916704027)
(0, 0, 0, 86, 276.28220280199736)
(0, 0, 0, 87, 150.6815702581842)
(0, 0, 0, 88, 343.319726411615)
(0, 0, 0, 89, 200.8245699436629)
(0, 0, 0, 90, 185.7130316219392)
(0, 0, 0, 91, 129.07337715004618)
(0, 0, 0, 92, 205.93224516071444)
(0, 0, 0, 93, 206.96223144694545)
(0, 0, 0, 94, 153.59087245410956)
(0, 0, 0, 95, 147.13686408206487)
(0, 0, 0, 96, 111.26185928991264)
(0, 0, 0, 97, 229.04699704818353)
(0, 0, 0, 98, 189.31250269871092)
(0, 0, 0, 99, 381.8020299501739)
(0, 0, 0, 100, 227.9170283524326)
(0, 0, 0, 101, 316.66286442654126)
(0, 0, 0, 102, 133.29813722617297)
(0, 0, 0, 103, 199.76580676961063)
(0, 0, 0, 104, 138.77496248340938)
(0, 0, 0, 105, 178.87093708203602)
(0, 0, 0, 106, 254.48120556506004)
(0, 0, 0, 107, 149.89731061436663)
(0, 0, 0, 108, 313.4621245577413)
(0, 0, 0, 109, 192.83010008664078)
(0, 0, 0, 110, 221.67985982817106)
(0, 0, 0, 111, 219.7001378277467)
(0, 0, 0, 112, 191.48711161766627)
(0, 0, 0, 113, 211.73432086077082)
(0, 0, 0, 114, 257.2341337088839)
(0, 0, 0, 115, 110.68012009812105)
(0, 0, 0, 116, 149.13125908685356)
(0, 0, 0, 117, 225.213943738943)
(0, 0, 0, 118, 273.7749110445082)
(0, 0, 0, 119, 245.86073683765358)
(0, 0, 0, 120, 134.42888352600147)
(0, 0, 0, 121, 262.3569406260444)
(0, 0, 0, 122, 314.6866834975068)
(0, 0, 0, 123, 104.99716350518581)
(0, 0, 0, 124, 288.3410882193203)
(0, 0, 0, 125, 181.74396386535057)
(0, 0, 0, 126, 318.69464731234564)
(0, 0, 0, 127, 146.2133119728555)
(0, 0, 0, 128, 162.34822874558333)
(0, 0, 0, 129, 292.336203306519)
(0, 0, 0, 130, 159.774694914548)
(0, 0, 0, 131, 128.48114824692277)
(0, 0, 0, 132, 129.08792602040143)
(0, 0, 0, 133, 151.24788417313914)
(0, 0, 0, 134, 194.71968392690644)
(0, 0, 0, 135, 186.7091133891756)
(0, 0, 0, 136, 138.9745179879535)
(0, 0, 0, 137, 255.34719640557614)
(0, 0, 0, 138, 177.35383470827188)
(0, 0, 0, 139, 178.92031331517867)
(0, 0, 0, 140, 126.4102066976065)
(0, 0, 0, 141, 138.3908396337387)
(0, 0, 0, 142, 141.32056048312927)
(0, 0, 0, 143, 212.2272664558625)
(0, 0, 0, 144, 216.38762100944749)
(0, 0, 0, 145, 167.72327204885448)
(0, 0, 0, 146, 231.35813026098566)
(0, 0, 0, 147, 242.21989276246052)
(0, 0, 0, 148, 168.94457730162307)
(0, 0, 0, 149, 101.42277244223281)
(0, 0, 0, 150, 140.08692977764417)
(0, 0, 0, 151, 162.15823579262374)
(0, 0, 0, 152, 354.90569514118755)
(0, 0, 0, 153, 209.20149740797135)
(0, 0, 0, 154, 125.27318753295815)
(0, 0, 0, 155, 246.59677133108346)
(0, 0, 0, 156, 160.94935728522617)
(0, 0, 0, 157, 182.53461074321686)
(0, 0, 0, 158, 190.150621584435)
(0, 0, 0, 159, 330.4821194325025)
(0, 0, 0, 160, 244.05258156663106)
(0, 0, 0, 161, 146.48438935841324)
(0, 0, 0, 162, 126.4194564950277)
(0, 0, 0, 163, 153.70448341523587)
(0, 0, 0, 164, 145.98188607652048)
(0, 0, 0, 165, 237.5327661056713)
(0, 0, 0, 166, 193.34841072507135)
(0, 0, 0, 167, 257.1110489066795)
(0, 0, 0, 168, 365.626992260494)
(0, 0, 0, 169, 139.03002371148492)
(0, 0, 0, 170, 225.4147427356252)
(0, 0, 0, 171, 179.5889829846014)
(0, 0, 0, 172, 217.94932297386976)
(0, 0, 0, 173, 144.15664485757162)
(0, 0, 0, 174, 145.56855347363293)
(0, 0, 0, 175, 135.78644757740787)
(0, 0, 0, 176, 126.82268222038643)
(0, 0, 0, 177, 102.4848509188199)
(0, 0, 0, 178, 177.40964206165899)
(0, 0, 0, 179, 247.91846558666174)
(0, 0, 0, 180, 310.387000696814)
(0, 0, 0, 181, 116.28527701841617)
(0, 0, 0, 182, 122.31857787779974)
(0, 0, 0, 183, 138.07340987406192)
(0, 0, 0, 184, 138.49578401563448)
(0, 0, 0, 185, 174.2760545074567)
(0, 0, 0, 186, 116.98960397094963)
(0, 0, 0, 187, 118.90090052712564)
(0, 0, 0, 188, 130.3876450500172)
(0, 0, 0, 189, 116.31259679718609)
(0, 0, 0, 190, 107.13762372573149)
(0, 0, 0, 191, 142.51318707881163)
(0, 0, 0, 192, 142.21474378865696)
(0, 0, 0, 193, 136.34344483458955)
(0, 0, 0, 194, 162.24371643495132)
(0, 0, 0, 195, 286.5431686307665)
(0, 0, 0, 196, 201.80009234976131)
(0, 0, 0, 197, 162.77034724217592)
(0, 0, 0, 198, 141.62594753866424)
(0, 0, 0, 199, 194.48883241899446)
(0, 0, 0, 200, 264.46573183854724)
(0, 0, 0, 201, 221.72980649259728)
(0, 0, 0, 202, 207.337863625379)
(0, 0, 0, 203, 331.8967973818945)
(0, 0, 0, 204, 229.41599841662304)
(0, 0, 0, 205, 195.78524867864368)
(0, 0, 0, 206, 249.95574781496944)
(0, 0, 0, 207, 192.03720721838263)
(0, 0, 0, 208, 192.6440102821662)
(0, 0, 0, 209, 158.2865626838805)
(0, 0, 0, 210, 139.53039081122552)
(0, 0, 0, 211, 120.44797581402969)
(0, 0, 0, 212, 120.4935380448692)
(0, 0, 0, 213, 284.15438967300247)
(0, 0, 0, 214, 197.37598372299283)
(0, 0, 0, 215, 164.55236009500862)
(0, 0, 0, 216, 180.26838461366316)
(0, 0, 0, 217, 160.82403790758588)
(0, 0, 0, 218, 174.23272382093344)
(0, 0, 0, 219, 184.31585370200222)
(0, 0, 0, 220, 175.1085969644109)
(0, 0, 0, 221, 196.2651118593708)
(0, 0, 0, 222, 164.07035374719038)
(0, 0, 0, 223, 224.46593360234593)
(0, 0, 0, 224, 325.93414407216596)
(0, 0, 0, 225, 186.55396357455513)
(0, 0, 0, 226, 181.97221900267584)
(0, 0, 0, 227, 129.98247707923645)
(0, 0, 0, 228, 176.90971150877795)
(0, 0, 0, 229, 171.6120652232768)
(0, 0, 0, 230, 224.949121304901)
(0, 0, 0, 231, 148.13551985922126)
(0, 0, 0, 232, 157.7283240987928)
(0, 0, 0, 233, 269.0519939603676)
(0, 0, 0, 234, 162.15772197096373)
(0, 0, 0, 235, 194.5854805838126)
(0, 0, 0, 236, 158.3213041296616)
(0, 0, 0, 237, 236.8381599412326)
(0, 0, 0, 238, 198.4472618651004)
(0, 0, 0, 239, 209.84857953583693)
(0, 0, 0, 240, 202.80483390746474)
(0, 0, 0, 241, 243.2103082181184)
(0, 0, 0, 242, 152.08260951261096)
(0, 0, 0, 243, 126.18212020968933)
(0, 0, 0, 244, 148.76659439209777)
(0, 0, 0, 245, 161.09969894522692)
(0, 0, 0, 246, 153.81595081139153)
(0, 0, 0, 247, 167.78448781599477)
(0, 0, 0, 248, 132.3739869147134)
(0, 0, 0, 249, 174.72008362079487)
(0, 0, 1, 0, 237.02253205281855)
(0, 0, 1, 1, 236.4849935563121)
(0, 0, 1, 2, 245.34266063883405)
(0, 0, 1, 3, 245.07718927381273)
(0, 0, 1, 4, 230.587691551103)
(0, 0, 1, 5, 245.39245004540453)
(0, 0, 1, 6, 277.5756219350081)
(0, 0, 1, 7, 252.05125911464495)
(0, 0, 1, 8, 242.4736072524901)
(0, 0, 1, 9, 233.32133011704815)
(0, 0, 1, 10, 279.7884956754079)
(0, 0, 1, 11, 249.36197617766743)
(0, 0, 1, 12, 216.5162240273584)
(0, 0, 1, 13, 290.2658045720014)
(0, 0, 1, 14, 253.31381582097939)
(0, 0, 1, 15, 224.30909575387744)
(0, 0, 1, 16, 259.52076654605224)
(0, 0, 1, 17, 226.68939060650746)
(0, 0, 1, 18, 205.05122839331034)
(0, 0, 1, 19, 213.66019527109648)
(0, 0, 1, 20, 246.41608747674462)
(0, 0, 1, 21, 255.35512593709572)
(0, 0, 1, 22, 261.3335951006555)
(0, 0, 1, 23, 257.1490323737956)
(0, 0, 1, 24, 278.60806087331093)
(0, 0, 1, 25, 233.95174753025856)
(0, 0, 1, 26, 218.8510397958424)
(0, 0, 1, 27, 247.54403323080027)
(0, 0, 1, 28, 254.82995949869544)
(0, 0, 1, 29, 302.02944311725537)
(0, 0, 1, 30, 204.21773943666508)
(0, 0, 1, 31, 248.9338987261492)
(0, 0, 1, 32, 221.63764175834086)
(0, 0, 1, 33, 256.94498275058595)
(0, 0, 1, 34, 247.7989068017982)
(0, 0, 1, 35, 217.11520949631895)
(0, 0, 1, 36, 255.92782377022112)
(0, 0, 1, 37, 223.69370161361297)
(0, 0, 1, 38, 259.83375087922764)
(0, 0, 1, 39, 252.37629112505152)
(0, 0, 1, 40, 258.9507953525674)
(0, 0, 1, 41, 229.50240160806194)
(0, 0, 1, 42, 251.7160036715869)
(0, 0, 1, 43, 269.35851727301343)
(0, 0, 1, 44, 283.97000913226606)
(0, 0, 1, 45, 215.9890905475857)
(0, 0, 1, 46, 276.7523178248875)
(0, 0, 1, 47, 263.2262551669058)
(0, 0, 1, 48, 265.96625861862924)
(0, 0, 1, 49, 257.1944500857616)
(0, 0, 1, 50, 234.89647593473347)
(0, 0, 1, 51, 240.16936275209855)
(0, 0, 1, 52, 220.99406553666438)
(0, 0, 1, 53, 267.76396051641535)
(0, 0, 1, 54, 232.8894321508084)
(0, 0, 1, 55, 281.9291849060848)
(0, 0, 1, 56, 239.6324879791725)
(0, 0, 1, 57, 269.0418431282869)
(0, 0, 1, 58, 250.5472391010961)
(0, 0, 1, 59, 241.02511943628144)
(0, 0, 1, 60, 262.42624181620806)
(0, 0, 1, 61, 268.5039198564948)
(0, 0, 1, 62, 219.002336656556)
(0, 0, 1, 63, 261.8079209877091)
(0, 0, 1, 64, 241.4410553096872)
(0, 0, 1, 65, 236.6106763604114)
(0, 0, 1, 66, 254.72344581427677)
(0, 0, 1, 67, 231.0602271296928)
(0, 0, 1, 68, 248.46929374167706)
(0, 0, 1, 69, 270.6392154295424)
(0, 0, 1, 70, 251.45995704692692)
(0, 0, 1, 71, 237.30442110671686)
(0, 0, 1, 72, 226.75887719158337)
(0, 0, 1, 73, 187.0268267880091)
(0, 0, 1, 74, 259.9999569334519)
(0, 0, 1, 75, 224.2517090812119)
(0, 0, 1, 76, 295.7212503651234)
(0, 0, 1, 77, 218.67266982605312)
(0, 0, 1, 78, 238.7405489413121)
(0, 0, 1, 79, 235.23925716225347)
(0, 0, 1, 80, 247.95761693526313)
(0, 0, 1, 81, 238.30787595942547)
(0, 0, 1, 82, 275.6245019259744)
(0, 0, 1, 83, 245.23301135814108)
(0, 0, 1, 84, 182.3779422410964)
(0, 0, 1, 85, 240.1978503393928)
(0, 0, 1, 86, 257.4399724221652)
(0, 0, 1, 87, 270.2363644879498)
(0, 0, 1, 88, 242.34011073251963)
(0, 0, 1, 89, 241.98558107655896)
(0, 0, 1, 90, 301.2858437025173)
(0, 0, 1, 91, 238.5944501660842)
(0, 0, 1, 92, 248.96198720503435)
(0, 0, 1, 93, 223.1422659037562)
(0, 0, 1, 94, 236.78262590532168)
(0, 0, 1, 95, 250.5981208782804)
(0, 0, 1, 96, 267.6831105904614)
(0, 0, 1, 97, 207.82778079196126)
(0, 0, 1, 98, 259.5669205002571)
(0, 0, 1, 99, 232.5172525330529)
(0, 0, 1, 100, 233.29479022521986)
(0, 0, 1, 101, 258.47386438403635)
(0, 0, 1, 102, 256.80465677297883)
(0, 0, 1, 103, 280.0606957141327)
(0, 0, 1, 104, 238.00702112856783)
(0, 0, 1, 105, 212.36027184372168)
(0, 0, 1, 106, 260.0619275942068)
(0, 0, 1, 107, 258.6282848034274)
(0, 0, 1, 108, 216.6472774197291)
(0, 0, 1, 109, 279.02193636570337)
(0, 0, 1, 110, 255.7388738436909)
(0, 0, 1, 111, 231.7476522957988)
(0, 0, 1, 112, 235.0220954788989)
(0, 0, 1, 113, 265.8417179378741)
(0, 0, 1, 114, 257.2548787771743)
(0, 0, 1, 115, 222.5460127561614)
(0, 0, 1, 116, 276.25492065436845)
(0, 0, 1, 117, 264.4625845952023)
(0, 0, 1, 118, 296.23758788375994)
(0, 0, 1, 119, 268.3964506664078)
(0, 0, 1, 120, 241.38501459757217)
(0, 0, 1, 121, 248.92956466106858)
(0, 0, 1, 122, 157.4389217220427)
(0, 0, 1, 123, 234.8039462185836)
(0, 0, 1, 124, 227.47894709098557)
(0, 0, 1, 125, 247.83736931635073)
(0, 0, 1, 126, 254.70544236035911)
(0, 0, 1, 127, 278.38493133799227)
(0, 0, 1, 128, 257.3337005025254)
(0, 0, 1, 129, 228.7567947024147)
(0, 0, 1, 130, 221.68152954882166)
(0, 0, 1, 131, 226.3735876140055)
(0, 0, 1, 132, 243.73177756103826)
(0, 0, 1, 133, 249.46649033261963)
(0, 0, 1, 134, 244.16054684578341)
(0, 0, 1, 135, 243.83682212646184)
(0, 0, 1, 136, 221.94390921898912)
(0, 0, 1, 137, 240.57047536509498)
(0, 0, 1, 138, 238.87093808423194)
(0, 0, 1, 139, 261.36192861188687)
(0, 0, 1, 140, 259.9079635971236)
(0, 0, 1, 141, 267.4989386373596)
(0, 0, 1, 142, 220.63759643119425)
(0, 0, 1, 143, 239.00124159233204)
(0, 0, 1, 144, 238.11619645204038)
(0, 0, 1, 145, 233.945554651935)
(0, 0, 1, 146, 243.96686465000113)
(0, 0, 1, 147, 245.7058639429582)
(0, 0, 1, 148, 241.28542058485766)
(0, 0, 1, 149, 253.29954183615118)
(0, 0, 1, 150, 275.4673733863692)
(0, 0, 1, 151, 262.018398791063)
(0, 0, 1, 152, 261.9363402315802)
(0, 0, 1, 153, 258.92221976519414)
(0, 0, 1, 154, 253.77960301970106)
(0, 0, 1, 155, 258.7847247235487)
(0, 0, 1, 156, 230.46784585084922)
(0, 0, 1, 157, 304.14136935423636)
(0, 0, 1, 158, 248.29904526131938)
(0, 0, 1, 159, 234.68908321577243)
(0, 0, 1, 160, 234.52563259196276)
(0, 0, 1, 161, 260.7510597376269)
(0, 0, 1, 162, 231.37216067565498)
(0, 0, 1, 163, 239.49160603668412)
(0, 0, 1, 164, 230.92246852371903)
(0, 0, 1, 165, 255.1941623436505)
(0, 0, 1, 166, 248.30798038524472)
(0, 0, 1, 167, 223.2178001088458)
(0, 0, 1, 168, 238.91434149383105)
(0, 0, 1, 169, 204.3824560175396)
(0, 0, 1, 170, 245.80930746799618)
(0, 0, 1, 171, 254.390984973155)
(0, 0, 1, 172, 210.56566125373286)
(0, 0, 1, 173, 240.12975305503983)
(0, 0, 1, 174, 272.88518893372344)
(0, 0, 1, 175, 253.54803861269875)
(0, 0, 1, 176, 223.78540943668392)
(0, 0, 1, 177, 245.98708026347288)
(0, 0, 1, 178, 260.50268311436207)
(0, 0, 1, 179, 265.25659129529714)
(0, 0, 1, 180, 264.8534186581395)
(0, 0, 1, 181, 209.82641917055034)
(0, 0, 1, 182, 257.95279931313854)
(0, 0, 1, 183, 173.3099805050577)
(0, 0, 1, 184, 219.19725505021236)
(0, 0, 1, 185, 244.58771391499127)
(0, 0, 1, 186, 261.85992257196557)
(0, 0, 1, 187, 234.65975900825143)
(0, 0, 1, 188, 241.64129803759914)
(0, 0, 1, 189, 238.70942858884038)
(0, 0, 1, 190, 181.3524627384719)
(0, 0, 1, 191, 240.91885989669905)
(0, 0, 1, 192, 212.10280470989287)
(0, 0, 1, 193, 239.24358189217776)
(0, 0, 1, 194, 260.326070817706)
(0, 0, 1, 195, 241.02951978095135)
(0, 0, 1, 196, 254.92470109248745)
(0, 0, 1, 197, 234.50001440077904)
(0, 0, 1, 198, 260.3849313841648)
(0, 0, 1, 199, 237.89804415640492)
(0, 0, 1, 200, 228.92443572321943)
(0, 0, 1, 201, 225.01264501286116)
(0, 0, 1, 202, 255.4376413738807)
(0, 0, 1, 203, 236.02499008414904)
(0, 0, 1, 204, 246.25564549537458)
(0, 0, 1, 205, 207.0027576022386)
(0, 0, 1, 206, 273.4871618993087)
(0, 0, 1, 207, 214.74421629014037)
(0, 0, 1, 208, 232.1290426197921)
(0, 0, 1, 209, 267.1330354524929)
(0, 0, 1, 210, 244.28491089330885)
(0, 0, 1, 211, 260.4967697229219)
(0, 0, 1, 212, 256.5568851895455)
(0, 0, 1, 213, 252.71407045328627)
(0, 0, 1, 214, 234.21098293053905)
(0, 0, 1, 215, 240.20441322775287)
(0, 0, 1, 216, 249.97447039585361)
(0, 0, 1, 217, 242.391918285941)
(0, 0, 1, 218, 216.4827630996515)
(0, 0, 1, 219, 251.42217352857742)
(0, 0, 1, 220, 301.29219697300306)
(0, 0, 1, 221, 262.8034016886106)
(0, 0, 1, 222, 277.84555980443304)
(0, 0, 1, 223, 267.37165101524255)
(0, 0, 1, 224, 246.65613654467657)
(0, 0, 1, 225, 275.2999761543745)
(0, 0, 1, 226, 248.49387041733618)
(0, 0, 1, 227, 226.98439809374312)
(0, 0, 1, 228, 253.59378458531108)
(0, 0, 1, 229, 204.95512052316388)
(0, 0, 1, 230, 244.2154173457688)
(0, 0, 1, 231, 244.86723669747053)
(0, 0, 1, 232, 250.00475429818513)
(0, 0, 1, 233, 248.9385834691535)
(0, 0, 1, 234, 265.3783466024363)
(0, 0, 1, 235, 247.77755202070097)
(0, 0, 1, 236, 293.96618706027084)
(0, 0, 1, 237, 240.92276534989531)
(0, 0, 1, 238, 252.3857397071853)
(0, 0, 1, 239, 204.50451539763827)
(0, 0, 1, 240, 265.74188352450227)
(0, 0, 1, 241, 289.8570897948668)
(0, 0, 1, 242, 288.611054742556)
(0, 0, 1, 243, 233.01895173905643)
(0, 0, 1, 244, 267.1130074861651)
(0, 0, 1, 245, 280.0018492923501)
(0, 0, 1, 246, 245.24411715487187)
(0, 0, 1, 247, 192.1999906163186)
(0, 0, 1, 248, 260.3976981232768)
(0, 0, 1, 249, 246.3528070013415)
(0, 1, 0, 0, 306.43641442677557)
(0, 1, 0, 1, 388.48590893851474)
(0, 1, 0, 2, 372.4646587703685)
(0, 1, 0, 3, 208.0771520221842)
(0, 1, 0, 4, 340.38173839302385)
(0, 1, 0, 5, 539.5418279478992)
(0, 1, 0, 6, 450.6966227146163)
(0, 1, 0, 7, 408.72801250509974)
(0, 1, 0, 8, 346.1664066093901)
(0, 1, 0, 9, 267.97526242683114)
(0, 1, 0, 10, 212.72723386338006)
(0, 1, 0, 11, 417.0683603361407)
(0, 1, 0, 12, 309.99968519699735)
(0, 1, 0, 13, 256.3460121900347)
(0, 1, 0, 14, 337.1014172755051)
(0, 1, 0, 15, 380.26688301432443)
(0, 1, 0, 16, 525.7601621069992)
(0, 1, 0, 17, 501.39223901432837)
(0, 1, 0, 18, 488.35471392928645)
(0, 1, 0, 19, 309.76766633079677)
(0, 1, 0, 20, 256.06971232459097)
(0, 1, 0, 21, 302.5544919575506)
(0, 1, 0, 22, 287.6104103374954)
(0, 1, 0, 23, 332.31913652139696)
(0, 1, 0, 24, 227.53492569988774)
(0, 1, 0, 25, 416.498608430108)
(0, 1, 0, 26, 255.5871312883952)
(0, 1, 0, 27, 342.6368187130978)
(0, 1, 0, 28, 380.2962054458576)
(0, 1, 0, 29, 300.1132542145782)
(0, 1, 0, 30, 249.5831958469606)
(0, 1, 0, 31, 457.8265353862247)
(0, 1, 0, 32, 517.0134030633295)
(0, 1, 0, 33, 262.8346558616235)
(0, 1, 0, 34, 290.61433621984463)
(0, 1, 0, 35, 241.08272697585292)
(0, 1, 0, 36, 421.29907863962876)
(0, 1, 0, 37, 220.04752305125442)
(0, 1, 0, 38, 337.39032176292153)
(0, 1, 0, 39, 417.2693431876567)
(0, 1, 0, 40, 240.03391456757836)
(0, 1, 0, 41, 373.2719694735715)
(0, 1, 0, 42, 432.7873366209071)
(0, 1, 0, 43, 377.1341357226201)
(0, 1, 0, 44, 439.16285997171354)
(0, 1, 0, 45, 456.1419500141853)
(0, 1, 0, 46, 542.0345946717349)
(0, 1, 0, 47, 304.19737393791246)
(0, 1, 0, 48, 298.1835119413706)
(0, 1, 0, 49, 254.72043264403956)
(0, 1, 0, 50, 514.0359607572422)
(0, 1, 0, 51, 280.15932472789314)
(0, 1, 0, 52, 408.239088785531)
(0, 1, 0, 53, 349.8530252243646)
(0, 1, 0, 54, 248.01486916747834)
(0, 1, 0, 55, 374.45783109515423)
(0, 1, 0, 56, 406.1113685928822)
(0, 1, 0, 57, 334.42562480048997)
(0, 1, 0, 58, 304.6748289894574)
(0, 1, 0, 59, 408.024057392286)
(0, 1, 0, 60, 456.90298293649505)
(0, 1, 0, 61, 474.4187813828654)
(0, 1, 0, 62, 264.36218184044554)
(0, 1, 0, 63, 260.64052482966036)
(0, 1, 0, 64, 478.5987059090417)
(0, 1, 0, 65, 595.1752993452557)
(0, 1, 0, 66, 411.28863811343325)
(0, 1, 0, 67, 347.75364999515847)
(0, 1, 0, 68, 457.75072508353674)
(0, 1, 0, 69, 212.6794007192572)
(0, 1, 0, 70, 463.86860482961316)
(0, 1, 0, 71, 478.54309609840357)
(0, 1, 0, 72, 404.46120674251256)
(0, 1, 0, 73, 325.3410041271897)
(0, 1, 0, 74, 213.29296758655968)
(0, 1, 0, 75, 214.53914367187016)
(0, 1, 0, 76, 281.92245643191734)
(0, 1, 0, 77, 539.5467658047747)
(0, 1, 0, 78, 397.44438956385943)
(0, 1, 0, 79, 340.55511651161225)
(0, 1, 0, 80, 374.8557060280604)
(0, 1, 0, 81, 285.78316885395174)
(0, 1, 0, 82, 230.90935879578902)
(0, 1, 0, 83, 307.6619811324486)
(0, 1, 0, 84, 386.8908093453178)
(0, 1, 0, 85, 301.22372414004786)
(0, 1, 0, 86, 387.86686443264665)
(0, 1, 0, 87, 309.91899936985544)
(0, 1, 0, 88, 472.30477786999387)
(0, 1, 0, 89, 556.8183156238385)
(0, 1, 0, 90, 296.23563074579016)
(0, 1, 0, 91, 291.04013496883573)
(0, 1, 0, 92, 466.15659961943925)
(0, 1, 0, 93, 315.34735945515865)
(0, 1, 0, 94, 476.04160062836587)
(0, 1, 0, 95, 264.6809928597198)
(0, 1, 0, 96, 308.1684304565399)
(0, 1, 0, 97, 415.6940382082527)
(0, 1, 0, 98, 420.2106344767172)
(0, 1, 0, 99, 459.53688440769827)
(0, 1, 0, 100, 416.07293974876666)
(0, 1, 0, 101, 623.2767192927066)
(0, 1, 0, 102, 349.1832957792709)
(0, 1, 0, 103, 337.8190971660254)
(0, 1, 0, 104, 250.79439188406712)
(0, 1, 0, 105, 541.0506040882689)
(0, 1, 0, 106, 376.6021371591431)
(0, 1, 0, 107, 268.74349190540534)
(0, 1, 0, 108, 367.49122039387936)
(0, 1, 0, 109, 400.08973747656705)
(0, 1, 0, 110, 430.7613260319796)
(0, 1, 0, 111, 337.8984733421788)
(0, 1, 0, 112, 289.60325122781063)
(0, 1, 0, 113, 331.34138225760194)
(0, 1, 0, 114, 488.44933836089626)
(0, 1, 0, 115, 292.0377685081338)
(0, 1, 0, 116, 329.71550365644873)
(0, 1, 0, 117, 320.6843153730284)
(0, 1, 0, 118, 543.3699302821877)
(0, 1, 0, 119, 378.1168632837077)
(0, 1, 0, 120, 253.71059306363045)
(0, 1, 0, 121, 552.2763134328617)
(0, 1, 0, 122, 529.7844507640931)
(0, 1, 0, 123, 298.7778959369311)
(0, 1, 0, 124, 393.0983771437295)
(0, 1, 0, 125, 352.51218665619416)
(0, 1, 0, 126, 450.2578568845996)
(0, 1, 0, 127, 301.4472608227632)
(0, 1, 0, 128, 360.4030178840378)
(0, 1, 0, 129, 482.5811133221546)
(0, 1, 0, 130, 220.64264768509776)
(0, 1, 0, 131, 244.65502185505156)
(0, 1, 0, 132, 241.84385812645243)
(0, 1, 0, 133, 366.23841074690904)
(0, 1, 0, 134, 372.7457671177781)
(0, 1, 0, 135, 319.3524013998929)
(0, 1, 0, 136, 280.50683676218364)
(0, 1, 0, 137, 504.21642369455674)
(0, 1, 0, 138, 363.8212520920736)
(0, 1, 0, 139, 479.6477958472242)
(0, 1, 0, 140, 342.0620165110382)
(0, 1, 0, 141, 317.5915505097931)
(0, 1, 0, 142, 267.5310572245127)
(0, 1, 0, 143, 382.3591412258136)
(0, 1, 0, 144, 365.19963870300927)
(0, 1, 0, 145, 275.5374299180086)
(0, 1, 0, 146, 369.2534383729645)
(0, 1, 0, 147, 339.3652833344603)
(0, 1, 0, 148, 393.4779019045683)
(0, 1, 0, 149, 222.66301523960914)
(0, 1, 0, 150, 306.0227086912828)
(0, 1, 0, 151, 216.62412610771236)
(0, 1, 0, 152, 486.05030031461075)
(0, 1, 0, 153, 338.5973673774709)
(0, 1, 0, 154, 316.190838870247)
(0, 1, 0, 155, 454.67400006221476)
(0, 1, 0, 156, 485.9390121660399)
(0, 1, 0, 157, 317.8516782130193)
(0, 1, 0, 158, 271.4588123274006)
(0, 1, 0, 159, 447.9796597902302)
(0, 1, 0, 160, 336.6689283817189)
(0, 1, 0, 161, 279.68443218001806)
(0, 1, 0, 162, 333.2433677772295)
(0, 1, 0, 163, 281.4244155137143)
(0, 1, 0, 164, 266.1067371911536)
(0, 1, 0, 165, 439.741260970471)
(0, 1, 0, 166, 313.40453993280505)
(0, 1, 0, 167, 368.57267417495524)
(0, 1, 0, 168, 670.5329808595933)
(0, 1, 0, 169, 404.02911820976504)
(0, 1, 0, 170, 329.1864521065826)
(0, 1, 0, 171, 316.74520531014366)
(0, 1, 0, 172, 449.88325528650654)
(0, 1, 0, 173, 356.68430952094036)
(0, 1, 0, 174, 248.63439575540835)
(0, 1, 0, 175, 459.1645358632932)
(0, 1, 0, 176, 259.02321774477616)
(0, 1, 0, 177, 218.01665274486604)
(0, 1, 0, 178, 442.9471305355029)
(0, 1, 0, 179, 434.91667278885524)
(0, 1, 0, 180, 537.5949780735234)
(0, 1, 0, 181, 271.90470200574794)
(0, 1, 0, 182, 258.0314617217927)
(0, 1, 0, 183, 260.9320894320686)
(0, 1, 0, 184, 365.3253068902266)
(0, 1, 0, 185, 304.72517911588)
(0, 1, 0, 186, 209.60542066380523)
(0, 1, 0, 187, 270.1070772892445)
(0, 1, 0, 188, 318.6335316472771)
(0, 1, 0, 189, 367.1026202012273)
(0, 1, 0, 190, 319.0565218729302)
(0, 1, 0, 191, 259.75231309923396)
(0, 1, 0, 192, 385.4717339473649)
(0, 1, 0, 193, 265.27822162749914)
(0, 1, 0, 194, 449.4744502148091)
(0, 1, 0, 195, 442.6638811546311)
(0, 1, 0, 196, 344.07787285071356)
(0, 1, 0, 197, 317.4756060346014)
(0, 1, 0, 198, 254.8345697281503)
(0, 1, 0, 199, 415.4727547691513)
(0, 1, 0, 200, 551.2259179763062)
(0, 1, 0, 201, 378.1382485950337)
(0, 1, 0, 202, 450.92694148287507)
(0, 1, 0, 203, 499.24243328104484)
(0, 1, 0, 204, 437.891384794416)
(0, 1, 0, 205, 313.32076817071135)
(0, 1, 0, 206, 375.8579231184578)
(0, 1, 0, 207, 394.136192577724)
(0, 1, 0, 208, 511.5314196442073)
(0, 1, 0, 209, 286.0198247211431)
(0, 1, 0, 210, 306.6547764972651)
(0, 1, 0, 211, 353.1100914533471)
(0, 1, 0, 212, 290.28261154161675)
(0, 1, 0, 213, 447.95893755503005)
(0, 1, 0, 214, 353.7528747318912)
(0, 1, 0, 215, 408.88538405615276)
(0, 1, 0, 216, 397.7240418445836)
(0, 1, 0, 217, 359.44829556120317)
(0, 1, 0, 218, 410.09447224830956)
(0, 1, 0, 219, 294.5233165189236)
(0, 1, 0, 220, 286.392377719963)
(0, 1, 0, 221, 305.6343730429279)
(0, 1, 0, 222, 434.9212024558579)
(0, 1, 0, 223, 354.2299612395843)
(0, 1, 0, 224, 392.4728008193647)
(0, 1, 0, 225, 365.7518241221075)
(0, 1, 0, 226, 298.38003030758927)
(0, 1, 0, 227, 282.56409124731715)
(0, 1, 0, 228, 322.12648587930346)
(0, 1, 0, 229, 434.4596072860841)
(0, 1, 0, 230, 358.8277432679741)
(0, 1, 0, 231, 253.04550597647895)
(0, 1, 0, 232, 276.24072563794533)
(0, 1, 0, 233, 321.9169261477274)
(0, 1, 0, 234, 287.43451021670353)
(0, 1, 0, 235, 400.627671689279)
(0, 1, 0, 236, 381.62148792723895)
(0, 1, 0, 237, 540.9971139476717)
(0, 1, 0, 238, 387.3955030051698)
(0, 1, 0, 239, 478.23240198934064)
(0, 1, 0, 240, 395.1447210221694)
(0, 1, 0, 241, 350.4407754004914)
(0, 1, 0, 242, 330.89799137790544)
(0, 1, 0, 243, 369.3256044554549)
(0, 1, 0, 244, 371.6594677072671)
(0, 1, 0, 245, 325.283190681241)
(0, 1, 0, 246, 319.925443205467)
(0, 1, 0, 247, 418.5626808317038)
(0, 1, 0, 248, 299.674019658093)
(0, 1, 0, 249, 242.2935256878403)
(0, 1, 1, 0, 422.228284697808)
(0, 1, 1, 1, 395.2837810187091)
(0, 1, 1, 2, 382.90121101912115)
(0, 1, 1, 3, 551.8537428590485)
(0, 1, 1, 4, 366.6143157497288)
(0, 1, 1, 5, 448.7289541365219)
(0, 1, 1, 6, 500.293225636534)
(0, 1, 1, 7, 506.9439159347677)
(0, 1, 1, 8, 347.4608436017537)
(0, 1, 1, 9, 460.05478300974175)
(0, 1, 1, 10, 557.8334301556444)
(0, 1, 1, 11, 388.5745894923788)
(0, 1, 1, 12, 310.5244780130956)
(0, 1, 1, 13, 535.646962922889)
(0, 1, 1, 14, 467.8992688116039)
(0, 1, 1, 15, 375.1208356776888)
(0, 1, 1, 16, 477.713660392096)
(0, 1, 1, 17, 488.7927937595033)
(0, 1, 1, 18, 429.1499731049666)
(0, 1, 1, 19, 404.3121087714699)
(0, 1, 1, 20, 424.55820401852736)
(0, 1, 1, 21, 491.845235246714)
(0, 1, 1, 22, 454.26514479306053)
(0, 1, 1, 23, 458.9957147845529)
(0, 1, 1, 24, 559.9432855801518)
(0, 1, 1, 25, 400.5158473417013)
(0, 1, 1, 26, 406.72744231640553)
(0, 1, 1, 27, 556.350973574694)
(0, 1, 1, 28, 543.3198784834976)
(0, 1, 1, 29, 601.209797968559)
(0, 1, 1, 30, 398.98312294053073)
(0, 1, 1, 31, 450.41129057973313)
(0, 1, 1, 32, 371.0468843645657)
(0, 1, 1, 33, 510.5576749781407)
(0, 1, 1, 34, 486.6971561705433)
(0, 1, 1, 35, 372.93320355513447)
(0, 1, 1, 36, 470.1120412333283)
(0, 1, 1, 37, 390.13943381731747)
(0, 1, 1, 38, 478.92598946542745)
(0, 1, 1, 39, 441.7317007881278)
(0, 1, 1, 40, 538.8699132782352)
(0, 1, 1, 41, 351.1166559741349)
(0, 1, 1, 42, 427.8048977665946)
(0, 1, 1, 43, 512.5718197245742)
(0, 1, 1, 44, 501.02790103469033)
(0, 1, 1, 45, 340.57877556802765)
(0, 1, 1, 46, 581.859282455077)
(0, 1, 1, 47, 503.5157405174068)
(0, 1, 1, 48, 462.69165392807554)
(0, 1, 1, 49, 482.09603401228327)
(0, 1, 1, 50, 416.50735204064483)
(0, 1, 1, 51, 326.7815648182913)
(0, 1, 1, 52, 386.0360957874951)
(0, 1, 1, 53, 531.5717797027211)
(0, 1, 1, 54, 450.2015710584238)
(0, 1, 1, 55, 607.6963820073286)
(0, 1, 1, 56, 442.4066032059489)
(0, 1, 1, 57, 539.8053630957533)
(0, 1, 1, 58, 460.0512521208414)
(0, 1, 1, 59, 427.5831470489432)
(0, 1, 1, 60, 493.3435324535986)
(0, 1, 1, 61, 438.2543095398292)
(0, 1, 1, 62, 374.40493547769483)
(0, 1, 1, 63, 509.99719555870615)
(0, 1, 1, 64, 486.46011816828917)
(0, 1, 1, 65, 401.6073315264345)
(0, 1, 1, 66, 465.97621248652615)
(0, 1, 1, 67, 356.98172824886416)
(0, 1, 1, 68, 541.8939721945053)
(0, 1, 1, 69, 557.7866785632165)
(0, 1, 1, 70, 457.64203629994705)
(0, 1, 1, 71, 449.3456995285225)
(0, 1, 1, 72, 402.43979015062496)
(0, 1, 1, 73, 304.4711055458456)
(0, 1, 1, 74, 567.1544979615082)
(0, 1, 1, 75, 475.53845373731997)
(0, 1, 1, 76, 624.6940299669326)
(0, 1, 1, 77, 377.5835588785226)
(0, 1, 1, 78, 454.7778803753829)
(0, 1, 1, 79, 430.28256418240545)
(0, 1, 1, 80, 497.1483768350584)
(0, 1, 1, 81, 406.7480552651314)
(0, 1, 1, 82, 491.51522172003405)
(0, 1, 1, 83, 420.41429946988757)
(0, 1, 1, 84, 346.0936367433061)
(0, 1, 1, 85, 393.61722640300076)
(0, 1, 1, 86, 428.04519557026146)
(0, 1, 1, 87, 524.3571824673139)
(0, 1, 1, 88, 422.09584102737495)
(0, 1, 1, 89, 511.9983243927536)
(0, 1, 1, 90, 550.673242142358)
(0, 1, 1, 91, 438.06818267002416)
(0, 1, 1, 92, 496.6892652644149)
(0, 1, 1, 93, 503.3467047218909)
(0, 1, 1, 94, 518.0227720275682)
(0, 1, 1, 95, 458.56622490331)
(0, 1, 1, 96, 513.1483622247671)
(0, 1, 1, 97, 351.4682920032566)
(0, 1, 1, 98, 528.628593759448)
(0, 1, 1, 99, 433.60210376855144)
(0, 1, 1, 100, 418.7625545007782)
(0, 1, 1, 101, 515.4978344415738)
(0, 1, 1, 102, 483.09586356932317)
(0, 1, 1, 103, 512.0378383346233)
(0, 1, 1, 104, 422.6235277970332)
(0, 1, 1, 105, 340.04367459136375)
(0, 1, 1, 106, 421.31759405089883)
(0, 1, 1, 107, 450.50967578344563)
(0, 1, 1, 108, 325.6824901868238)
(0, 1, 1, 109, 458.1370101134722)
(0, 1, 1, 110, 482.0628840044549)
(0, 1, 1, 111, 436.89538766552084)
(0, 1, 1, 112, 398.83382116382194)
(0, 1, 1, 113, 485.35152500472367)
(0, 1, 1, 114, 593.069768202365)
(0, 1, 1, 115, 362.34502031101846)
(0, 1, 1, 116, 540.1322481783993)
(0, 1, 1, 117, 450.6713012500999)
(0, 1, 1, 118, 525.7832368276888)
(0, 1, 1, 119, 541.9309709987413)
(0, 1, 1, 120, 506.5119240706238)
(0, 1, 1, 121, 472.6454674349256)
(0, 1, 1, 122, 278.2850886028304)
(0, 1, 1, 123, 396.2060788334351)
(0, 1, 1, 124, 416.39801135892884)
(0, 1, 1, 125, 447.8788786743196)
(0, 1, 1, 126, 448.2717902496022)
(0, 1, 1, 127, 547.0109169184697)
(0, 1, 1, 128, 498.38375279567805)
(0, 1, 1, 129, 459.76666775857217)
(0, 1, 1, 130, 396.34848164060554)
(0, 1, 1, 131, 387.6129402661132)
(0, 1, 1, 132, 462.6204059251101)
(0, 1, 1, 133, 506.44439140431064)
(0, 1, 1, 134, 460.6441294549)
(0, 1, 1, 135, 430.18083854496444)
(0, 1, 1, 136, 355.7735141045023)
(0, 1, 1, 137, 453.6860334569501)
(0, 1, 1, 138, 435.8916035935228)
(0, 1, 1, 139, 399.1664787179459)
(0, 1, 1, 140, 427.68475409395137)
(0, 1, 1, 141, 441.74653373078377)
(0, 1, 1, 142, 346.1836588626551)
(0, 1, 1, 143, 496.8343166694434)
(0, 1, 1, 144, 461.49665923395924)
(0, 1, 1, 145, 409.93414162002864)
(0, 1, 1, 146, 477.57421166830267)
(0, 1, 1, 147, 420.1428145713815)
(0, 1, 1, 148, 405.87164195027344)
(0, 1, 1, 149, 515.1947543637688)
(0, 1, 1, 150, 517.2044452372443)
(0, 1, 1, 151, 496.41194299785076)
(0, 1, 1, 152, 479.08074510256284)
(0, 1, 1, 153, 506.3458686147218)
(0, 1, 1, 154, 479.01417478579106)
(0, 1, 1, 155, 365.72551504602717)
(0, 1, 1, 156, 394.63343662450563)
(0, 1, 1, 157, 492.2548673291787)
(0, 1, 1, 158, 485.0943376443777)
(0, 1, 1, 159, 397.320296280085)
(0, 1, 1, 160, 404.29461779005896)
(0, 1, 1, 161, 500.0659099102092)
(0, 1, 1, 162, 368.5475310216933)
(0, 1, 1, 163, 366.6162582083624)
(0, 1, 1, 164, 395.57774088783464)
(0, 1, 1, 165, 426.5823717642398)
(0, 1, 1, 166, 409.12327565289684)
(0, 1, 1, 167, 359.066079386074)
(0, 1, 1, 168, 475.22155608866154)
(0, 1, 1, 169, 297.4432362239599)
(0, 1, 1, 170, 460.8576043161758)
(0, 1, 1, 171, 566.070408253274)
(0, 1, 1, 172, 384.842545756397)
(0, 1, 1, 173, 416.3317748402478)
(0, 1, 1, 174, 449.7891889561372)
(0, 1, 1, 175, 469.356587310244)
(0, 1, 1, 176, 359.2449963440264)
(0, 1, 1, 177, 506.83353333134613)
(0, 1, 1, 178, 437.80327640590093)
(0, 1, 1, 179, 732.3880006253933)
(0, 1, 1, 180, 503.39655841358206)
(0, 1, 1, 181, 439.0307180507756)
(0, 1, 1, 182, 544.8897389886995)
(0, 1, 1, 183, 324.99982825306023)
(0, 1, 1, 184, 358.4354278911388)
(0, 1, 1, 185, 466.8049356557791)
(0, 1, 1, 186, 479.3767494411578)
(0, 1, 1, 187, 359.6142855549237)
(0, 1, 1, 188, 421.4389222649317)
(0, 1, 1, 189, 469.0514280075765)
(0, 1, 1, 190, 314.01180106583314)
(0, 1, 1, 191, 370.9513418127707)
(0, 1, 1, 192, 381.68362133003967)
(0, 1, 1, 193, 477.5328589417735)
(0, 1, 1, 194, 456.30929311577415)
(0, 1, 1, 195, 493.00316185146755)
(0, 1, 1, 196, 421.7491146511946)
(0, 1, 1, 197, 403.736490583271)
(0, 1, 1, 198, 472.6121962632515)
(0, 1, 1, 199, 443.4028091671177)
(0, 1, 1, 200, 399.8867292827068)
(0, 1, 1, 201, 341.1452574744414)
(0, 1, 1, 202, 489.8740324714391)
(0, 1, 1, 203, 417.7277788678829)
(0, 1, 1, 204, 436.25394570767264)
(0, 1, 1, 205, 348.2400520101265)
(0, 1, 1, 206, 500.18024423172864)
(0, 1, 1, 207, 343.66075932993346)
(0, 1, 1, 208, 444.945887172941)
(0, 1, 1, 209, 446.93499438491983)
(0, 1, 1, 210, 437.4286444566445)
(0, 1, 1, 211, 583.2971500970347)
(0, 1, 1, 212, 478.95791375654636)
(0, 1, 1, 213, 438.0186891602232)
(0, 1, 1, 214, 487.5044522311602)
(0, 1, 1, 215, 520.5176623370893)
(0, 1, 1, 216, 464.53668441913396)
(0, 1, 1, 217, 511.42085233044406)
(0, 1, 1, 218, 398.69116153855487)
(0, 1, 1, 219, 458.1554291096771)
(0, 1, 1, 220, 666.1195914855231)
(0, 1, 1, 221, 526.8553477018154)
(0, 1, 1, 222, 541.8188127669447)
(0, 1, 1, 223, 500.4261904378474)
(0, 1, 1, 224, 440.39799463112325)
(0, 1, 1, 225, 576.0983050024595)
(0, 1, 1, 226, 513.5061891464793)
(0, 1, 1, 227, 426.26188049514104)
(0, 1, 1, 228, 480.5444473234913)
(0, 1, 1, 229, 366.535683370772)
(0, 1, 1, 230, 479.1128402437302)
(0, 1, 1, 231, 496.8872619342657)
(0, 1, 1, 232, 474.5564861875282)
(0, 1, 1, 233, 491.72764642746955)
(0, 1, 1, 234, 511.0377721523946)
(0, 1, 1, 235, 438.8795620176054)
(0, 1, 1, 236, 579.748690891288)
(0, 1, 1, 237, 455.03436730396476)
(0, 1, 1, 238, 449.11749058628845)
(0, 1, 1, 239, 353.0701029102315)
(0, 1, 1, 240, 474.2738025696065)
(0, 1, 1, 241, 481.01605586650004)
(0, 1, 1, 242, 472.0205222739479)
(0, 1, 1, 243, 446.9956171793456)
(0, 1, 1, 244, 643.6944256158902)
(0, 1, 1, 245, 542.7443625593298)
(0, 1, 1, 246, 458.97462161459043)
(0, 1, 1, 247, 300.49221716718324)
(0, 1, 1, 248, 478.91591048811347)
(0, 1, 1, 249, 474.2365213588101)
(0, 2, 0, 0, 411.85175049757635)
(0, 2, 0, 1, 545.415788056631)
(0, 2, 0, 2, 537.8733067945702)
(0, 2, 0, 3, 422.27281902572383)
(0, 2, 0, 4, 532.9751347630748)
(0, 2, 0, 5, 630.4936290527792)
(0, 2, 0, 6, 455.06603724511604)
(0, 2, 0, 7, 492.6338244471128)
(0, 2, 0, 8, 539.1824821137142)
(0, 2, 0, 9, 445.5228258134551)
(0, 2, 0, 10, 298.67324054748946)
(0, 2, 0, 11, 466.210226922259)
(0, 2, 0, 12, 594.7243337780773)
(0, 2, 0, 13, 345.0044301018068)
(0, 2, 0, 14, 471.4259247728707)
(0, 2, 0, 15, 485.4798017536373)
(0, 2, 0, 16, 736.7293551236587)
(0, 2, 0, 17, 826.1853658726225)
(0, 2, 0, 18, 797.3930371932233)
(0, 2, 0, 19, 516.5165738211323)
(0, 2, 0, 20, 412.6149809510794)
(0, 2, 0, 21, 529.5459249880166)
(0, 2, 0, 22, 303.442939311248)
(0, 2, 0, 23, 455.445543418329)
(0, 2, 0, 24, 428.8545174670975)
(0, 2, 0, 25, 513.9277888962437)
(0, 2, 0, 26, 447.81863296650346)
(0, 2, 0, 27, 487.96691471163564)
(0, 2, 0, 28, 601.5616943080448)
(0, 2, 0, 29, 547.0580769805263)
(0, 2, 0, 30, 405.7752200222817)
(0, 2, 0, 31, 652.9943677699824)
(0, 2, 0, 32, 799.6573222612429)
(0, 2, 0, 33, 394.23952253118983)
(0, 2, 0, 34, 455.3357179147572)
(0, 2, 0, 35, 474.8253700210372)
(0, 2, 0, 36, 405.0071113769956)
(0, 2, 0, 37, 379.42055471417825)
(0, 2, 0, 38, 494.7074714136058)
(0, 2, 0, 39, 462.53443255910815)
(0, 2, 0, 40, 486.5178601652713)
(0, 2, 0, 41, 574.0008104768066)
(0, 2, 0, 42, 598.6185015292265)
(0, 2, 0, 43, 623.5381252679292)
(0, 2, 0, 44, 504.2354266619642)
(0, 2, 0, 45, 568.3604543538893)
(0, 2, 0, 46, 710.5811674814111)
(0, 2, 0, 47, 470.9970097840534)
(0, 2, 0, 48, 344.25824077815105)
(0, 2, 0, 49, 364.33196497845034)
(0, 2, 0, 50, 868.624356356225)
(0, 2, 0, 51, 424.2685357394138)
(0, 2, 0, 52, 549.6228429767549)
(0, 2, 0, 53, 503.6050334498126)
(0, 2, 0, 54, 337.6670333493696)
(0, 2, 0, 55, 444.7710580932824)
(0, 2, 0, 56, 603.017646339043)
(0, 2, 0, 57, 448.984104208032)
(0, 2, 0, 58, 494.22583777140056)
(0, 2, 0, 59, 659.3682682396785)
(0, 2, 0, 60, 844.728827076002)
(0, 2, 0, 61, 640.407085458463)
(0, 2, 0, 62, 416.44430349528665)
(0, 2, 0, 63, 474.1295554240141)
(0, 2, 0, 64, 652.1828849779752)
(0, 2, 0, 65, 667.8282933104689)
(0, 2, 0, 66, 358.4779806099972)
(0, 2, 0, 67, 547.3550293902864)
(0, 2, 0, 68, 593.7418756437262)
(0, 2, 0, 69, 352.91040070364835)
(0, 2, 0, 70, 631.390536143356)
(0, 2, 0, 71, 666.966676390075)
(0, 2, 0, 72, 658.1131422456276)
(0, 2, 0, 73, 545.3252127982208)
(0, 2, 0, 74, 418.12079414473453)
(0, 2, 0, 75, 457.6921644498347)
(0, 2, 0, 76, 338.21850036881386)
(0, 2, 0, 77, 679.2345468489127)
(0, 2, 0, 78, 574.1975320555831)
(0, 2, 0, 79, 512.0238323526846)
(0, 2, 0, 80, 575.237234660255)
(0, 2, 0, 81, 504.3604545005253)
(0, 2, 0, 82, 280.6175645502423)
(0, 2, 0, 83, 526.5572035867065)
(0, 2, 0, 84, 462.5174843286048)
(0, 2, 0, 85, 528.7903966455236)
(0, 2, 0, 86, 578.1183116508645)
(0, 2, 0, 87, 525.0669729013596)
(0, 2, 0, 88, 812.7243065076835)
(0, 2, 0, 89, 672.2269781688321)
(0, 2, 0, 90, 455.48190449155214)
(0, 2, 0, 91, 424.1020983116593)
(0, 2, 0, 92, 550.2015887110953)
(0, 2, 0, 93, 518.2494672626403)
(0, 2, 0, 94, 686.5060931632814)
(0, 2, 0, 95, 359.03991958082383)
(0, 2, 0, 96, 386.6254554261641)
(0, 2, 0, 97, 700.7745958651653)
(0, 2, 0, 98, 561.6220273322489)
(0, 2, 0, 99, 657.6653885118449)
(0, 2, 0, 100, 847.8409207926212)
(0, 2, 0, 101, 867.356330389822)
(0, 2, 0, 102, 482.6660962335244)
(0, 2, 0, 103, 379.27630787320425)
(0, 2, 0, 104, 596.8394717265003)
(0, 2, 0, 105, 674.5845467756109)
(0, 2, 0, 106, 655.2666733998564)
(0, 2, 0, 107, 575.4573815852774)
(0, 2, 0, 108, 612.7043078494961)
(0, 2, 0, 109, 604.0722666257963)
(0, 2, 0, 110, 701.8487073125359)
(0, 2, 0, 111, 519.330428624596)
(0, 2, 0, 112, 338.78595153595205)
(0, 2, 0, 113, 501.4532795509011)
(0, 2, 0, 114, 625.5249759661203)
(0, 2, 0, 115, 570.2643554006586)
(0, 2, 0, 116, 524.7299781161214)
(0, 2, 0, 117, 472.7361579603257)
(0, 2, 0, 118, 674.9347440729706)
(0, 2, 0, 119, 512.8137726097651)
(0, 2, 0, 120, 475.22816754859684)
(0, 2, 0, 121, 776.9618880643418)
(0, 2, 0, 122, 692.1752527492927)
(0, 2, 0, 123, 336.5384466384767)
(0, 2, 0, 124, 537.3591162307351)
(0, 2, 0, 125, 506.9256038702701)
(0, 2, 0, 126, 667.1922780269181)
(0, 2, 0, 127, 472.3859319158274)
(0, 2, 0, 128, 589.1135985892288)
(0, 2, 0, 129, 622.5872920618554)
(0, 2, 0, 130, 426.90913091495946)
(0, 2, 0, 131, 352.18241610374474)
(0, 2, 0, 132, 329.5556834982503)
(0, 2, 0, 133, 577.7682928649485)
(0, 2, 0, 134, 616.3083544959659)
(0, 2, 0, 135, 399.01862247958076)
(0, 2, 0, 136, 525.4144349523555)
(0, 2, 0, 137, 653.4352734050442)
(0, 2, 0, 138, 567.158229169959)
(0, 2, 0, 139, 644.8752684719581)
(0, 2, 0, 140, 444.2498170460701)
(0, 2, 0, 141, 531.1991043804163)
(0, 2, 0, 142, 409.13417697647543)
(0, 2, 0, 143, 552.8723417971362)
(0, 2, 0, 144, 528.4893540999685)
(0, 2, 0, 145, 369.088599090813)
(0, 2, 0, 146, 556.553077302317)
(0, 2, 0, 147, 533.1496458612486)
(0, 2, 0, 148, 547.4650405135612)
(0, 2, 0, 149, 311.82137838575755)
(0, 2, 0, 150, 504.09005866115086)
(0, 2, 0, 151, 407.6405552896183)
(0, 2, 0, 152, 654.476360214832)
(0, 2, 0, 153, 478.794857681602)
(0, 2, 0, 154, 435.47464234574846)
(0, 2, 0, 155, 703.1343778014702)
(0, 2, 0, 156, 560.1140466406575)
(0, 2, 0, 157, 519.2173444899571)
(0, 2, 0, 158, 298.7354908142145)
(0, 2, 0, 159, 748.0787101700595)
(0, 2, 0, 160, 524.8836569482652)
(0, 2, 0, 161, 499.3326271887182)
(0, 2, 0, 162, 571.9718211399394)
(0, 2, 0, 163, 431.3037490454633)
(0, 2, 0, 164, 459.8382932820417)
(0, 2, 0, 165, 798.6116254407897)
(0, 2, 0, 166, 401.04344844863624)
(0, 2, 0, 167, 370.1899422467649)
(0, 2, 0, 168, 805.7658062808329)
(0, 2, 0, 169, 551.152941673329)
(0, 2, 0, 170, 404.3989883878128)
(0, 2, 0, 171, 401.00611493224886)
(0, 2, 0, 172, 764.2901567366231)
(0, 2, 0, 173, 436.14008736260064)
(0, 2, 0, 174, 397.40818054419884)
(0, 2, 0, 175, 670.4399920472464)
(0, 2, 0, 176, 451.90709373789525)
(0, 2, 0, 177, 234.48421713817572)
(0, 2, 0, 178, 518.3510859020244)
(0, 2, 0, 179, 593.2369364222777)
(0, 2, 0, 180, 794.5578552208061)
(0, 2, 0, 181, 382.4298569148465)
(0, 2, 0, 182, 475.094107719431)
(0, 2, 0, 183, 390.25682600492803)
(0, 2, 0, 184, 670.5584674786661)
(0, 2, 0, 185, 458.7667346603798)
(0, 2, 0, 186, 321.8317352637835)
(0, 2, 0, 187, 431.88997376376085)
(0, 2, 0, 188, 507.8770933967141)
(0, 2, 0, 189, 470.46897769408776)
(0, 2, 0, 190, 513.5581519724228)
(0, 2, 0, 191, 503.40353774529)
(0, 2, 0, 192, 426.252774265928)
(0, 2, 0, 193, 378.3628540789159)
(0, 2, 0, 194, 792.8795604535787)
(0, 2, 0, 195, 549.4958033301697)
(0, 2, 0, 196, 541.89119102175)
(0, 2, 0, 197, 358.76159642479075)
(0, 2, 0, 198, 398.9953733296998)
(0, 2, 0, 199, 561.740035909348)
(0, 2, 0, 200, 854.8875667523789)
(0, 2, 0, 201, 470.3000653544408)
(0, 2, 0, 202, 599.229601962735)
(0, 2, 0, 203, 533.7259915306516)
(0, 2, 0, 204, 651.9542930706331)
(0, 2, 0, 205, 403.51613944166394)
(0, 2, 0, 206, 474.6392973419169)
(0, 2, 0, 207, 555.477534536797)
(0, 2, 0, 208, 671.4640373690285)
(0, 2, 0, 209, 434.11544598723225)
(0, 2, 0, 210, 557.7460354354841)
(0, 2, 0, 211, 331.8659830566692)
(0, 2, 0, 212, 240.39894070263756)
(0, 2, 0, 213, 509.40463447346343)
(0, 2, 0, 214, 618.9878868542279)
(0, 2, 0, 215, 617.8826724889844)
(0, 2, 0, 216, 477.3338763976544)
(0, 2, 0, 217, 672.3432469433591)
(0, 2, 0, 218, 494.9770007251447)
(0, 2, 0, 219, 366.57684631617406)
(0, 2, 0, 220, 589.6038870589389)
(0, 2, 0, 221, 415.16736961886403)
(0, 2, 0, 222, 548.1796110144791)
(0, 2, 0, 223, 551.9715447018615)
(0, 2, 0, 224, 460.5644951101142)
(0, 2, 0, 225, 665.3553079369026)
(0, 2, 0, 226, 438.011083250237)
(0, 2, 0, 227, 423.8281107503089)
(0, 2, 0, 228, 506.58523733409385)
(0, 2, 0, 229, 667.3765111963544)
(0, 2, 0, 230, 444.6245952148656)
(0, 2, 0, 231, 413.02577242223657)
(0, 2, 0, 232, 369.29968327172094)
(0, 2, 0, 233, 434.7645484811481)
(0, 2, 0, 234, 403.98616237633047)
(0, 2, 0, 235, 588.5852225413888)
(0, 2, 0, 236, 584.1134502949469)
(0, 2, 0, 237, 769.5359167990088)
(0, 2, 0, 238, 602.5183408577147)
(0, 2, 0, 239, 626.8262152197354)
(0, 2, 0, 240, 576.8943370593846)
(0, 2, 0, 241, 536.4662415232922)
(0, 2, 0, 242, 599.4869226402842)
(0, 2, 0, 243, 489.4640371078209)
(0, 2, 0, 244, 598.0895817591897)
(0, 2, 0, 245, 544.2871533593088)
(0, 2, 0, 246, 529.7725249840666)
(0, 2, 0, 247, 552.7314341412456)
(0, 2, 0, 248, 373.8464594180869)
(0, 2, 0, 249, 398.30493520980286)
(0, 2, 1, 0, 663.3324335339502)
(0, 2, 1, 1, 696.5606216402671)
(0, 2, 1, 2, 608.9479920664414)
(0, 2, 1, 3, 984.2491564761202)
(0, 2, 1, 4, 874.7877990836366)
(0, 2, 1, 5, 781.0887272997008)
(0, 2, 1, 6, 1179.0161394393983)
(0, 2, 1, 7, 1197.1649195023983)
(0, 2, 1, 8, 616.2431348942473)
(0, 2, 1, 9, 990.6679033254401)
(0, 2, 1, 10, 1249.0275314263044)
(0, 2, 1, 11, 822.9049671708434)
(0, 2, 1, 12, 758.633734748748)
(0, 2, 1, 13, 1085.5948672567026)
(0, 2, 1, 14, 994.1743118842492)
(0, 2, 1, 15, 986.40519385268)
(0, 2, 1, 16, 1281.951382697454)
(0, 2, 1, 17, 564.5677379035485)
(0, 2, 1, 18, 471.7512478017835)
(0, 2, 1, 19, 566.4541242227816)
(0, 2, 1, 20, 997.4234663560652)
(0, 2, 1, 21, 715.9828934681387)
(0, 2, 1, 22, 657.079947593643)
(0, 2, 1, 23, 865.552135472292)
(0, 2, 1, 24, 1171.889452751664)
(0, 2, 1, 25, 690.3426034491933)
(0, 2, 1, 26, 609.1284687822706)
(0, 2, 1, 27, 921.8914413812212)
(0, 2, 1, 28, 1108.975212855032)
(0, 2, 1, 29, 1094.0774091577782)
(0, 2, 1, 30, 657.1058542650038)
(0, 2, 1, 31, 775.1628502315543)
(0, 2, 1, 32, 605.7667949152502)
(0, 2, 1, 33, 834.6110130900021)
(0, 2, 1, 34, 1012.3840772359492)
(0, 2, 1, 35, 602.0967971781896)
(0, 2, 1, 36, 743.9024214145148)
(0, 2, 1, 37, 840.3841711211783)
(0, 2, 1, 38, 718.1303414514168)
(0, 2, 1, 39, 1176.9344983768024)
(0, 2, 1, 40, 1262.2821538681299)
(0, 2, 1, 41, 1024.9786562646318)
(0, 2, 1, 42, 704.0341106226302)
(0, 2, 1, 43, 829.6195481213475)
(0, 2, 1, 44, 1295.9316785043213)
(0, 2, 1, 45, 742.9723153647974)
(0, 2, 1, 46, 732.085125755974)
(0, 2, 1, 47, 1246.2854585544355)
(0, 2, 1, 48, 828.4976730086239)
(0, 2, 1, 49, 624.6799932103562)
(0, 2, 1, 50, 631.0504714087043)
(0, 2, 1, 51, 642.7702059415597)
(0, 2, 1, 52, 936.8761234762864)
(0, 2, 1, 53, 747.9569179148572)
(0, 2, 1, 54, 621.271280342658)
(0, 2, 1, 55, 1076.6536338376402)
(0, 2, 1, 56, 977.913698422394)
(0, 2, 1, 57, 1066.009108109312)
(0, 2, 1, 58, 945.1399050984288)
(0, 2, 1, 59, 1144.4065988371915)
(0, 2, 1, 60, 986.8502240933641)
(0, 2, 1, 61, 866.1356793987728)
(0, 2, 1, 62, 788.0444120398452)
(0, 2, 1, 63, 1068.2496989752465)
(0, 2, 1, 64, 1009.9635213136909)
(0, 2, 1, 65, 712.607235635287)
(0, 2, 1, 66, 983.7359487220454)
(0, 2, 1, 67, 529.8770453127015)
(0, 2, 1, 68, 1320.7692637294692)
(0, 2, 1, 69, 1373.246469792396)
(0, 2, 1, 70, 836.4081994893869)
(0, 2, 1, 71, 592.6395093269018)
(0, 2, 1, 72, 853.9989922041303)
(0, 2, 1, 73, 425.27307903235095)
(0, 2, 1, 74, 1080.8070396034136)
(0, 2, 1, 75, 980.0103496325573)
(0, 2, 1, 76, 927.1684530255451)
(0, 2, 1, 77, 871.4720661013511)
(0, 2, 1, 78, 742.9313469460342)
(0, 2, 1, 79, 847.8937928209991)
(0, 2, 1, 80, 506.34199387677046)
(0, 2, 1, 81, 772.6652142646473)
(0, 2, 1, 82, 949.1839737559044)
(0, 2, 1, 83, 775.6372267860828)
(0, 2, 1, 84, 604.0194055610368)
(0, 2, 1, 85, 628.023847533866)
(0, 2, 1, 86, 1158.177160988681)
(0, 2, 1, 87, 767.8842772961054)
(0, 2, 1, 88, 803.1980968968596)
(0, 2, 1, 89, 757.3373483185919)
(0, 2, 1, 90, 1006.958366740038)
(0, 2, 1, 91, 807.9681563619187)
(0, 2, 1, 92, 1023.9291302014078)
(0, 2, 1, 93, 922.6269332886028)
(0, 2, 1, 94, 650.3884265067967)
(0, 2, 1, 95, 1198.6501739020061)
(0, 2, 1, 96, 930.7183242323972)
(0, 2, 1, 97, 539.3177160614616)
(0, 2, 1, 98, 944.2904580773848)
(0, 2, 1, 99, 794.4546780989625)
(0, 2, 1, 100, 893.6120143430227)
(0, 2, 1, 101, 636.8227984658843)
(0, 2, 1, 102, 1383.5524122442873)
(0, 2, 1, 103, 1121.1970628208094)
(0, 2, 1, 104, 813.0605496652447)
(0, 2, 1, 105, 641.1231457537242)
(0, 2, 1, 106, 862.5087579860178)
(0, 2, 1, 107, 814.6804912398985)
(0, 2, 1, 108, 712.2397944014716)
(0, 2, 1, 109, 1167.439371358618)
(0, 2, 1, 110, 1014.4956705850666)
(0, 2, 1, 111, 821.5336713928867)
(0, 2, 1, 112, 1041.0588758438466)
(0, 2, 1, 113, 957.9312668080189)
(0, 2, 1, 114, 1203.3181280170027)
(0, 2, 1, 115, 632.1907357433407)
(0, 2, 1, 116, 1017.8220519659013)
(0, 2, 1, 117, 890.1031097754832)
(0, 2, 1, 118, 1059.1866266992247)
(0, 2, 1, 119, 1271.0681049876152)
(0, 2, 1, 120, 985.3027918574988)
(0, 2, 1, 121, 950.4654236004559)
(0, 2, 1, 122, 406.0790523435917)
(0, 2, 1, 123, 978.7908004367373)
(0, 2, 1, 124, 861.7372146979883)
(0, 2, 1, 125, 766.8566188233813)
(0, 2, 1, 126, 624.155117886236)
(0, 2, 1, 127, 985.1882655239274)
(0, 2, 1, 128, 872.7351704381703)
(0, 2, 1, 129, 891.020283534998)
(0, 2, 1, 130, 607.9670818478426)
(0, 2, 1, 131, 955.6246908675263)
(0, 2, 1, 132, 951.5290516742987)
(0, 2, 1, 133, 1093.4628091921002)
(0, 2, 1, 134, 942.6516683042356)
(0, 2, 1, 135, 640.4870687500197)
(0, 2, 1, 136, 758.3113550107213)
(0, 2, 1, 137, 1032.582492600055)
(0, 2, 1, 138, 840.6061333114299)
(0, 2, 1, 139, 914.6753786332553)
(0, 2, 1, 140, 1007.0899468396444)
(0, 2, 1, 141, 902.8170426456418)
(0, 2, 1, 142, 639.0850318964133)
(0, 2, 1, 143, 1107.0874011909116)
(0, 2, 1, 144, 1091.8301597265088)
(0, 2, 1, 145, 629.6512597412594)
(0, 2, 1, 146, 492.13243200276037)
(0, 2, 1, 147, 743.4057831178319)
(0, 2, 1, 148, 1199.071411584334)
(0, 2, 1, 149, 923.0914552896533)
(0, 2, 1, 150, 1117.8266945285513)
(0, 2, 1, 151, 1115.9817049027622)
(0, 2, 1, 152, 1215.2130103519694)
(0, 2, 1, 153, 879.9123971211275)
(0, 2, 1, 154, 994.851952679365)
(0, 2, 1, 155, 864.4947698779687)
(0, 2, 1, 156, 538.2102952743653)
(0, 2, 1, 157, 1261.2692835073253)
(0, 2, 1, 158, 1062.0380714441112)
(0, 2, 1, 159, 796.7558239547044)
(0, 2, 1, 160, 872.2980885722906)
(0, 2, 1, 161, 1092.8276602996996)
(0, 2, 1, 162, 801.0838781828548)
(0, 2, 1, 163, 643.6362053877436)
(0, 2, 1, 164, 617.6332320652492)
(0, 2, 1, 165, 902.2621956296168)
(0, 2, 1, 166, 1104.7883975357072)
(0, 2, 1, 167, 598.5556800044855)
(0, 2, 1, 168, 1101.3023091053656)
(0, 2, 1, 169, 570.6765891429528)
(0, 2, 1, 170, 1067.9892756835618)
(0, 2, 1, 171, 1062.2612827676278)
(0, 2, 1, 172, 481.22284576987124)
(0, 2, 1, 173, 1120.7715257798984)
(0, 2, 1, 174, 746.7076366869849)
(0, 2, 1, 175, 1157.3436631802822)
(0, 2, 1, 176, 641.6257072058012)
(0, 2, 1, 177, 1156.0292681256108)
(0, 2, 1, 178, 880.4162674878285)
(0, 2, 1, 179, 832.005166868547)
(0, 2, 1, 180, 1268.2617952885935)
(0, 2, 1, 181, 649.7408938051398)
(0, 2, 1, 182, 1056.4328020440885)
(0, 2, 1, 183, 397.3176703769017)
(0, 2, 1, 184, 736.2807450849249)
(0, 2, 1, 185, 802.4949220069605)
(0, 2, 1, 186, 903.2681929103871)
(0, 2, 1, 187, 800.0113940310644)
(0, 2, 1, 188, 906.3009054473071)
(0, 2, 1, 189, 935.5834922368481)
(0, 2, 1, 190, 392.42510369085073)
(0, 2, 1, 191, 575.7273583562351)
(0, 2, 1, 192, 813.0639579606773)
(0, 2, 1, 193, 680.2882084240681)
(0, 2, 1, 194, 944.4512622548949)
(0, 2, 1, 195, 588.5746988491796)
(0, 2, 1, 196, 770.6686247837591)
(0, 2, 1, 197, 917.2862070747792)
(0, 2, 1, 198, 943.9967580568481)
(0, 2, 1, 199, 602.5408578620836)
(0, 2, 1, 200, 772.5016614283579)
(0, 2, 1, 201, 868.1570345180153)
(0, 2, 1, 202, 1102.209033026044)
(0, 2, 1, 203, 1258.478977558724)
(0, 2, 1, 204, 1023.3372370616847)
(0, 2, 1, 205, 676.8974218115719)
(0, 2, 1, 206, 1380.5435141173978)
(0, 2, 1, 207, 755.1029694328319)
(0, 2, 1, 208, 995.3416621771395)
(0, 2, 1, 209, 700.5763510775348)
(0, 2, 1, 210, 821.9245229617591)
(0, 2, 1, 211, 730.0121431200054)
(0, 2, 1, 212, 795.314617020237)
(0, 2, 1, 213, 1042.554787351942)
(0, 2, 1, 214, 994.7394683333522)
(0, 2, 1, 215, 980.0654487020598)
(0, 2, 1, 216, 1001.1737877435102)
(0, 2, 1, 217, 913.8733553569278)
(0, 2, 1, 218, 624.9855785399843)
(0, 2, 1, 219, 875.4314379841758)
(0, 2, 1, 220, 1340.4050616520985)
(0, 2, 1, 221, 1107.744781683557)
(0, 2, 1, 222, 1165.0889060328916)
(0, 2, 1, 223, 927.548793254689)
(0, 2, 1, 224, 1135.1108578625474)
(0, 2, 1, 225, 1231.0878569732267)
(0, 2, 1, 226, 1045.2904274623588)
(0, 2, 1, 227, 744.04149149558)
(0, 2, 1, 228, 969.1465354115638)
(0, 2, 1, 229, 750.4315593782443)
(0, 2, 1, 230, 601.6255359915959)
(0, 2, 1, 231, 1047.3340286985813)
(0, 2, 1, 232, 1020.3197336901695)
(0, 2, 1, 233, 664.6770455154385)
(0, 2, 1, 234, 647.4573113980198)
(0, 2, 1, 235, 939.0740596410234)
(0, 2, 1, 236, 1144.557207808589)
(0, 2, 1, 237, 1116.3076826521778)
(0, 2, 1, 238, 1175.243398214148)
(0, 2, 1, 239, 726.4823458561018)
(0, 2, 1, 240, 1256.6614141122925)
(0, 2, 1, 241, 939.5830163753416)
(0, 2, 1, 242, 1258.13151236909)
(0, 2, 1, 243, 680.7623262817744)
(0, 2, 1, 244, 1205.8712385945548)
(0, 2, 1, 245, 1190.5644975408766)
(0, 2, 1, 246, 669.8064653669792)
(0, 2, 1, 247, 580.8713888447738)
(0, 2, 1, 248, 999.5036936155619)
(0, 2, 1, 249, 674.8812276119834)
(0, 3, 0, 0, 449.17603251463026)
(0, 3, 0, 1, 731.244803244473)
(0, 3, 0, 2, 658.3798290360259)
(0, 3, 0, 3, 581.7924317392949)
(0, 3, 0, 4, 636.4070960832165)
(0, 3, 0, 5, 713.689530363919)
(0, 3, 0, 6, 473.44619546530146)
(0, 3, 0, 7, 523.8754774025178)
(0, 3, 0, 8, 734.3273784836875)
(0, 3, 0, 9, 653.8285673553271)
(0, 3, 0, 10, 398.54152078655886)
(0, 3, 0, 11, 654.3029522143993)
(0, 3, 0, 12, 649.8485018155011)
(0, 3, 0, 13, 763.4199597251686)
(0, 3, 0, 14, 665.2196790493514)
(0, 3, 0, 15, 580.2837251778388)
(0, 3, 0, 16, 720.1320167267371)
(0, 3, 0, 17, 909.824134596428)
(0, 3, 0, 18, 877.6093635823929)
(0, 3, 0, 19, 530.7780987009955)
(0, 3, 0, 20, 545.5599900803917)
(0, 3, 0, 21, 725.7954997925109)
(0, 3, 0, 22, 672.3254960171969)
(0, 3, 0, 23, 760.7001383296737)
(0, 3, 0, 24, 587.744229866003)
(0, 3, 0, 25, 533.9949139129769)
(0, 3, 0, 26, 591.4751754930139)
(0, 3, 0, 27, 484.33514054647173)
(0, 3, 0, 28, 588.7297205158594)
(0, 3, 0, 29, 558.4349233706579)
(0, 3, 0, 30, 678.7015174719332)
(0, 3, 0, 31, 786.6921888428074)
(0, 3, 0, 32, 757.118192482829)
(0, 3, 0, 33, 478.12317860470205)
(0, 3, 0, 34, 568.5387704556871)
(0, 3, 0, 35, 526.6132914934383)
(0, 3, 0, 36, 619.2402777673165)
(0, 3, 0, 37, 416.5085432036904)
(0, 3, 0, 38, 528.8378276612942)
(0, 3, 0, 39, 603.3708423189308)
(0, 3, 0, 40, 574.0024507014167)
(0, 3, 0, 41, 671.7148233738516)
(0, 3, 0, 42, 697.6287783500351)
(0, 3, 0, 43, 595.6555468445968)
(0, 3, 0, 44, 535.8080872427557)
(0, 3, 0, 45, 648.0544429809349)
(0, 3, 0, 46, 739.4400416327476)
(0, 3, 0, 47, 542.9838490078645)
(0, 3, 0, 48, 483.1720918523144)
(0, 3, 0, 49, 578.2115873310947)
(0, 3, 0, 50, 849.3723418176367)
(0, 3, 0, 51, 559.5022973526451)
(0, 3, 0, 52, 535.2325533957588)
(0, 3, 0, 53, 639.472408991732)
(0, 3, 0, 54, 517.5470857459804)
(0, 3, 0, 55, 702.3290298661234)
(0, 3, 0, 56, 665.203367769271)
(0, 3, 0, 57, 590.3751200471947)
(0, 3, 0, 58, 613.868816535388)
(0, 3, 0, 59, 652.9785164967448)
(0, 3, 0, 60, 900.2695574170119)
(0, 3, 0, 61, 936.0895968374813)
(0, 3, 0, 62, 411.4303212426165)
(0, 3, 0, 63, 480.26364829473863)
(0, 3, 0, 64, 853.7438367774505)
(0, 3, 0, 65, 831.7338011619551)
(0, 3, 0, 66, 345.31811265825223)
(0, 3, 0, 67, 623.1485808847979)
(0, 3, 0, 68, 689.5868906144599)
(0, 3, 0, 69, 394.90102212807443)
(0, 3, 0, 70, 659.6080817910131)
(0, 3, 0, 71, 899.8074100196116)
(0, 3, 0, 72, 786.4240663106092)
(0, 3, 0, 73, 745.156940720941)
(0, 3, 0, 74, 526.2332106315343)
(0, 3, 0, 75, 575.997023605641)
(0, 3, 0, 76, 430.6684145639527)
(0, 3, 0, 77, 802.0950223137893)
(0, 3, 0, 78, 653.164791490857)
(0, 3, 0, 79, 628.5503466474444)
(0, 3, 0, 80, 696.6676351497332)
(0, 3, 0, 81, 621.1061073729188)
(0, 3, 0, 82, 476.88645714033373)
(0, 3, 0, 83, 535.3034262625249)
(0, 3, 0, 84, 499.3242550407901)
(0, 3, 0, 85, 494.6256860373141)
(0, 3, 0, 86, 717.35955245868)
(0, 3, 0, 87, 496.0644567428967)
(0, 3, 0, 88, 933.0769504069457)
(0, 3, 0, 89, 788.4650677289698)
(0, 3, 0, 90, 686.018186122062)
(0, 3, 0, 91, 530.9280013558546)
(0, 3, 0, 92, 740.805331674518)
(0, 3, 0, 93, 902.8727407677635)
(0, 3, 0, 94, 737.841710891646)
(0, 3, 0, 95, 539.9310788781996)
(0, 3, 0, 96, 572.4921704356035)
(0, 3, 0, 97, 767.849020364139)
(0, 3, 0, 98, 677.7926134871662)
(0, 3, 0, 99, 735.3368091355904)
(0, 3, 0, 100, 813.105441432122)
(0, 3, 0, 101, 1105.3477890436425)
(0, 3, 0, 102, 579.147367747894)
(0, 3, 0, 103, 567.590956158799)
(0, 3, 0, 104, 826.8069396351342)
(0, 3, 0, 105, 703.2523699340871)
(0, 3, 0, 106, 822.3454450893488)
(0, 3, 0, 107, 624.8177760771939)
(0, 3, 0, 108, 671.2702758792695)
(0, 3, 0, 109, 663.0470233552314)
(0, 3, 0, 110, 830.9628577091845)
(0, 3, 0, 111, 505.7524262135944)
(0, 3, 0, 112, 333.60486298635703)
(0, 3, 0, 113, 720.369738822972)
(0, 3, 0, 114, 834.4541722244561)
(0, 3, 0, 115, 414.3323297734172)
(0, 3, 0, 116, 644.3885719552608)
(0, 3, 0, 117, 626.3830905402372)
(0, 3, 0, 118, 837.4417871154692)
(0, 3, 0, 119, 747.7588068716)
(0, 3, 0, 120, 705.9454600653548)
(0, 3, 0, 121, 862.4370119247775)
(0, 3, 0, 122, 759.5324197834364)
(0, 3, 0, 123, 631.0859134222246)
(0, 3, 0, 124, 527.0120154742986)
(0, 3, 0, 125, 489.2663329028903)
(0, 3, 0, 126, 808.6421802185641)
(0, 3, 0, 127, 598.3490110549881)
(0, 3, 0, 128, 790.6048048919962)
(0, 3, 0, 129, 755.4269815012187)
(0, 3, 0, 130, 516.8443898922353)
(0, 3, 0, 131, 439.89543992534124)
(0, 3, 0, 132, 419.28929057635423)
(0, 3, 0, 133, 607.272490555946)
(0, 3, 0, 134, 882.0614156734746)
(0, 3, 0, 135, 519.6267577477806)
(0, 3, 0, 136, 590.2263568904193)
(0, 3, 0, 137, 846.9061924350693)
(0, 3, 0, 138, 541.6464956403383)
(0, 3, 0, 139, 910.0175684607508)
(0, 3, 0, 140, 503.13789546677464)
(0, 3, 0, 141, 686.5680155064329)
(0, 3, 0, 142, 414.4395175907482)
(0, 3, 0, 143, 824.0000769690558)
(0, 3, 0, 144, 626.8015236204462)
(0, 3, 0, 145, 477.10731563110255)
(0, 3, 0, 146, 550.0629168016522)
(0, 3, 0, 147, 500.6774431803329)
(0, 3, 0, 148, 531.9414679672169)
(0, 3, 0, 149, 362.32796301971615)
(0, 3, 0, 150, 682.7153404546101)
(0, 3, 0, 151, 481.25949401272106)
(0, 3, 0, 152, 866.8431784505265)
(0, 3, 0, 153, 545.0700709912012)
(0, 3, 0, 154, 613.1479655628383)
(0, 3, 0, 155, 722.0997063644423)
(0, 3, 0, 156, 630.7373910515139)
(0, 3, 0, 157, 640.5072528602067)
(0, 3, 0, 158, 360.73326740349466)
(0, 3, 0, 159, 828.19317022371)
(0, 3, 0, 160, 650.7615527507022)
(0, 3, 0, 161, 621.7925710714039)
(0, 3, 0, 162, 590.3825701410599)
(0, 3, 0, 163, 727.5745002371048)
(0, 3, 0, 164, 595.0996810987236)
(0, 3, 0, 165, 964.7329139101422)
(0, 3, 0, 166, 539.7849202712108)
(0, 3, 0, 167, 816.9393957507859)
(0, 3, 0, 168, 903.7362866285522)
(0, 3, 0, 169, 586.84936393733)
(0, 3, 0, 170, 577.603470466585)
(0, 3, 0, 171, 531.5160891389824)
(0, 3, 0, 172, 646.8562591965828)
(0, 3, 0, 173, 602.1121683032027)
(0, 3, 0, 174, 484.584624685579)
(0, 3, 0, 175, 814.7169134769138)
(0, 3, 0, 176, 568.6426185809877)
(0, 3, 0, 177, 358.79157655237805)
(0, 3, 0, 178, 656.0962402644238)
(0, 3, 0, 179, 743.658045756671)
(0, 3, 0, 180, 738.785644670476)
(0, 3, 0, 181, 415.4440452021504)
(0, 3, 0, 182, 425.71389730100503)
(0, 3, 0, 183, 407.88422845925305)
(0, 3, 0, 184, 608.8825967935733)
(0, 3, 0, 185, 617.6097591569021)
(0, 3, 0, 186, 385.9667880179674)
(0, 3, 0, 187, 598.9301235316178)
(0, 3, 0, 188, 565.9650722280455)
(0, 3, 0, 189, 585.6183354084328)
(0, 3, 0, 190, 533.0281726979749)
(0, 3, 0, 191, 635.3029556219537)
(0, 3, 0, 192, 473.57934400155233)
(0, 3, 0, 193, 621.9230819400967)
(0, 3, 0, 194, 989.149291420605)
(0, 3, 0, 195, 870.9639219063374)
(0, 3, 0, 196, 821.4565881235897)
(0, 3, 0, 197, 898.90456173037)
(0, 3, 0, 198, 487.4034821090864)
(0, 3, 0, 199, 777.7995529298355)
(0, 3, 0, 200, 832.4916996258673)
(0, 3, 0, 201, 532.3878564698672)
(0, 3, 0, 202, 768.090996312757)
(0, 3, 0, 203, 742.2158997491096)
(0, 3, 0, 204, 711.9312160130039)
(0, 3, 0, 205, 778.1686713927711)
(0, 3, 0, 206, 704.4064888704474)
(0, 3, 0, 207, 819.2861419637787)
(0, 3, 0, 208, 849.0810275145036)
(0, 3, 0, 209, 570.1635098508212)
(0, 3, 0, 210, 795.2958123206015)
(0, 3, 0, 211, 424.3456566185206)
(0, 3, 0, 212, 369.4271848666958)
(0, 3, 0, 213, 574.4284400357791)
(0, 3, 0, 214, 748.4347963628757)
(0, 3, 0, 215, 652.8092627629329)
(0, 3, 0, 216, 706.8258069980076)
(0, 3, 0, 217, 747.7217535843702)
(0, 3, 0, 218, 590.8950294680432)
(0, 3, 0, 219, 468.37352446657695)
(0, 3, 0, 220, 575.5656645726432)
(0, 3, 0, 221, 454.8857188795805)
(0, 3, 0, 222, 632.7941867259703)
(0, 3, 0, 223, 841.1583804480948)
(0, 3, 0, 224, 787.3201623829648)
(0, 3, 0, 225, 588.059195407421)
(0, 3, 0, 226, 499.0051839734903)
(0, 3, 0, 227, 650.0313650598949)
(0, 3, 0, 228, 518.0678896901687)
(0, 3, 0, 229, 804.2751222839663)
(0, 3, 0, 230, 501.76381913508453)
(0, 3, 0, 231, 513.1970132704452)
(0, 3, 0, 232, 585.1860022431631)
(0, 3, 0, 233, 497.8687341285271)
(0, 3, 0, 234, 630.4809508026398)
(0, 3, 0, 235, 674.409310516107)
(0, 3, 0, 236, 588.3689726253594)
(0, 3, 0, 237, 805.0590252042764)
(0, 3, 0, 238, 767.8283000728422)
(0, 3, 0, 239, 816.4212043628419)
(0, 3, 0, 240, 652.1835280821238)
(0, 3, 0, 241, 643.6022624450283)
(0, 3, 0, 242, 620.0792190580895)
(0, 3, 0, 243, 669.2485471045293)
(0, 3, 0, 244, 634.8105661580063)
(0, 3, 0, 245, 664.2712651358139)
(0, 3, 0, 246, 622.9178560927356)
(0, 3, 0, 247, 696.1116531859589)
(0, 3, 0, 248, 537.3350907041273)
(0, 3, 0, 249, 543.8777018985876)
(0, 3, 1, 0, 1403.9973806107917)
(0, 3, 1, 1, 884.6713780118451)
(0, 3, 1, 2, 1235.1460400722592)
(0, 3, 1, 3, 1181.4936103152443)
(0, 3, 1, 4, 928.5216642179126)
(0, 3, 1, 5, 1341.2457803768937)
(0, 3, 1, 6, 1385.9984209839959)
(0, 3, 1, 7, 1510.5813188475663)
(0, 3, 1, 8, 994.1889683281447)
(0, 3, 1, 9, 1406.7902919229361)
(0, 3, 1, 10, 1596.352845425501)
(0, 3, 1, 11, 1232.4675724035437)
(0, 3, 1, 12, 857.1494639704209)
(0, 3, 1, 13, 1660.5059616830347)
(0, 3, 1, 14, 1237.70123190362)
(0, 3, 1, 15, 1082.8965037256073)
(0, 3, 1, 16, 1419.959326582724)
(0, 3, 1, 17, 1131.9685198645557)
(0, 3, 1, 18, 852.9078932087068)
(0, 3, 1, 19, 1141.8930732883719)
(0, 3, 1, 20, 1310.9412306553188)
(0, 3, 1, 21, 1400.8440539803057)
(0, 3, 1, 22, 1518.0536356881307)
(0, 3, 1, 23, 1126.0589857781279)
(0, 3, 1, 24, 1412.3071420570118)
(0, 3, 1, 25, 1284.2491453536963)
(0, 3, 1, 26, 842.1446102314301)
(0, 3, 1, 27, 1506.612140088522)
(0, 3, 1, 28, 1622.4622992187558)
(0, 3, 1, 29, 1638.3952433020627)
(0, 3, 1, 30, 868.6503024673991)
(0, 3, 1, 31, 1158.7732687366538)
(0, 3, 1, 32, 1270.2238450939683)
(0, 3, 1, 33, 1095.875030273389)
(0, 3, 1, 34, 1306.6664445195843)
(0, 3, 1, 35, 1045.4125101118761)
(0, 3, 1, 36, 1114.9447933887523)
(0, 3, 1, 37, 1044.9907208761106)
(0, 3, 1, 38, 1441.3848317032557)
(0, 3, 1, 39, 1415.0840154246268)
(0, 3, 1, 40, 1322.1316110595772)
(0, 3, 1, 41, 1069.6210213781706)
(0, 3, 1, 42, 1335.9204050680266)
(0, 3, 1, 43, 1467.6741741999876)
(0, 3, 1, 44, 1335.5301825533631)
(0, 3, 1, 45, 976.0169796313372)
(0, 3, 1, 46, 1197.5470168617078)
(0, 3, 1, 47, 1452.3664767210787)
(0, 3, 1, 48, 1130.140188483621)
(0, 3, 1, 49, 1168.142549908718)
(0, 3, 1, 50, 1193.5153877053842)
(0, 3, 1, 51, 835.3797190985754)
(0, 3, 1, 52, 1025.6457137191842)
(0, 3, 1, 53, 1246.0059214250568)
(0, 3, 1, 54, 1241.0997721616764)
(0, 3, 1, 55, 1415.0409197745719)
(0, 3, 1, 56, 1476.4538045525949)
(0, 3, 1, 57, 1569.6301978240701)
(0, 3, 1, 58, 1164.2886679171097)
(0, 3, 1, 59, 1337.8373596738345)
(0, 3, 1, 60, 1463.4125430219106)
(0, 3, 1, 61, 1278.7894881428272)
(0, 3, 1, 62, 986.1088226420069)
(0, 3, 1, 63, 1544.729826548199)
(0, 3, 1, 64, 1274.0033128789694)
(0, 3, 1, 65, 1178.6777038147281)
(0, 3, 1, 66, 1342.9222357310427)
(0, 3, 1, 67, 1143.4578151865624)
(0, 3, 1, 68, 1411.9863847749277)
(0, 3, 1, 69, 1771.929738690193)
(0, 3, 1, 70, 1373.8950844087149)
(0, 3, 1, 71, 877.2446225199969)
(0, 3, 1, 72, 1261.4554188115605)
(0, 3, 1, 73, 460.0940640179777)
(0, 3, 1, 74, 1636.145708552619)
(0, 3, 1, 75, 1211.683489339655)
(0, 3, 1, 76, 1509.7535540038834)
(0, 3, 1, 77, 1150.6900398790883)
(0, 3, 1, 78, 1378.8923598459191)
(0, 3, 1, 79, 1045.7500421055342)
(0, 3, 1, 80, 1154.1728954322489)
(0, 3, 1, 81, 1323.4490480252919)
(0, 3, 1, 82, 1227.9342533830013)
(0, 3, 1, 83, 1251.861345329694)
(0, 3, 1, 84, 788.4444923547334)
(0, 3, 1, 85, 1131.274045209094)
(0, 3, 1, 86, 1369.5641398113498)
(0, 3, 1, 87, 1630.7708339607661)
(0, 3, 1, 88, 1153.7770559601959)
(0, 3, 1, 89, 1325.1459757010186)
(0, 3, 1, 90, 1680.626343716636)
(0, 3, 1, 91, 1050.8017791452626)
(0, 3, 1, 92, 1462.4099324262654)
(0, 3, 1, 93, 965.1891914884969)
(0, 3, 1, 94, 1428.5628718888318)
(0, 3, 1, 95, 1336.3194284213043)
(0, 3, 1, 96, 1202.9787962086994)
(0, 3, 1, 97, 922.7298669440315)
(0, 3, 1, 98, 1437.1540549070673)
(0, 3, 1, 99, 1305.4539728904876)
(0, 3, 1, 100, 1241.380931294414)
(0, 3, 1, 101, 1402.9269611848001)
(0, 3, 1, 102, 1511.6000041607876)
(0, 3, 1, 103, 1388.8073390045327)
(0, 3, 1, 104, 1080.6404249506224)
(0, 3, 1, 105, 890.2632258752968)
(0, 3, 1, 106, 1141.3767827779657)
(0, 3, 1, 107, 1498.0800653704514)
(0, 3, 1, 108, 1021.4558363623408)
(0, 3, 1, 109, 1477.9559444873605)
(0, 3, 1, 110, 1317.831573218975)
(0, 3, 1, 111, 1152.901351598311)
(0, 3, 1, 112, 1257.931869755849)
(0, 3, 1, 113, 1604.9025997991162)
(0, 3, 1, 114, 1505.0511719904318)
(0, 3, 1, 115, 993.7649542882044)
(0, 3, 1, 116, 1321.9560706294471)
(0, 3, 1, 117, 1285.015378752359)
(0, 3, 1, 118, 1561.558444341583)
(0, 3, 1, 119, 1730.4667121361576)
(0, 3, 1, 120, 1310.1749536336938)
(0, 3, 1, 121, 1472.812336714156)
(0, 3, 1, 122, 516.1022496723473)
(0, 3, 1, 123, 1200.3842905401018)
(0, 3, 1, 124, 1082.3111022336786)
(0, 3, 1, 125, 1482.3866977727453)
(0, 3, 1, 126, 1369.6826276089287)
(0, 3, 1, 127, 1220.4003748817743)
(0, 3, 1, 128, 1635.3180698640822)
(0, 3, 1, 129, 1164.2363255010096)
(0, 3, 1, 130, 1133.199329627248)
(0, 3, 1, 131, 1243.0782800374661)
(0, 3, 1, 132, 1225.4106310328891)
(0, 3, 1, 133, 1381.2497308631414)
(0, 3, 1, 134, 1343.8026628597645)
(0, 3, 1, 135, 1323.6532611918353)
(0, 3, 1, 136, 1006.055336878539)
(0, 3, 1, 137, 1022.3665771804015)
(0, 3, 1, 138, 1072.5088106170886)
(0, 3, 1, 139, 1286.6554753545545)
(0, 3, 1, 140, 1251.1379875435741)
(0, 3, 1, 141, 1114.0302565256547)
(0, 3, 1, 142, 850.4223511889319)
(0, 3, 1, 143, 1320.165662924174)
(0, 3, 1, 144, 1336.7472652787592)
(0, 3, 1, 145, 1251.8471244297193)
(0, 3, 1, 146, 988.6131173859815)
(0, 3, 1, 147, 1305.094684586839)
(0, 3, 1, 148, 1402.0641978679826)
(0, 3, 1, 149, 1554.186405379765)
(0, 3, 1, 150, 1492.581563593527)
(0, 3, 1, 151, 1350.9517511872089)
(0, 3, 1, 152, 1400.1329096880042)
(0, 3, 1, 153, 1412.9020074271905)
(0, 3, 1, 154, 1378.5586032264382)
(0, 3, 1, 155, 1195.2141601196747)
(0, 3, 1, 156, 1099.3779390407842)
(0, 3, 1, 157, 1599.0939951120213)
(0, 3, 1, 158, 1230.074247714902)
(0, 3, 1, 159, 918.7221423699267)
(0, 3, 1, 160, 949.6076393011166)
(0, 3, 1, 161, 1397.4017674032982)
(0, 3, 1, 162, 1026.4026893203627)
(0, 3, 1, 163, 913.8537560925074)
(0, 3, 1, 164, 1165.6956422212895)
(0, 3, 1, 165, 1249.6378596916506)
(0, 3, 1, 166, 1318.273490266162)
(0, 3, 1, 167, 1002.1892576255125)
(0, 3, 1, 168, 1179.4920128804895)
(0, 3, 1, 169, 907.7154581621934)
(0, 3, 1, 170, 1359.9054813564496)
(0, 3, 1, 171, 1655.1078090741457)
(0, 3, 1, 172, 950.4589163145276)
(0, 3, 1, 173, 1308.4452962162043)
(0, 3, 1, 174, 1560.8936587778)
(0, 3, 1, 175, 1386.6677865603567)
(0, 3, 1, 176, 833.8979426379648)
(0, 3, 1, 177, 1428.929724438839)
(0, 3, 1, 178, 1385.3205457645602)
(0, 3, 1, 179, 1447.5928466393368)
(0, 3, 1, 180, 1507.5086504554233)
(0, 3, 1, 181, 1070.2459307993747)
(0, 3, 1, 182, 1300.5171871717148)
(0, 3, 1, 183, 501.3065250228215)
(0, 3, 1, 184, 985.1646615255313)
(0, 3, 1, 185, 1337.151197771857)
(0, 3, 1, 186, 1104.959848685768)
(0, 3, 1, 187, 937.1992224368518)
(0, 3, 1, 188, 1148.281373244151)
(0, 3, 1, 189, 1201.2894281984675)
(0, 3, 1, 190, 539.3080410965892)
(0, 3, 1, 191, 885.8979835082505)
(0, 3, 1, 192, 1059.7063781149257)
(0, 3, 1, 193, 1234.167649545203)
(0, 3, 1, 194, 1357.0531371879063)
(0, 3, 1, 195, 1194.9474164887267)
(0, 3, 1, 196, 1367.5841911399255)
(0, 3, 1, 197, 1226.118662255529)
(0, 3, 1, 198, 1391.8433530739999)
(0, 3, 1, 199, 1020.1848255775034)
(0, 3, 1, 200, 1182.2508223482512)
(0, 3, 1, 201, 864.8505806568755)
(0, 3, 1, 202, 1441.8587113377698)
(0, 3, 1, 203, 1465.714082219029)
(0, 3, 1, 204, 1267.5000753591194)
(0, 3, 1, 205, 1005.7069277718273)
(0, 3, 1, 206, 1374.5555386314386)
(0, 3, 1, 207, 985.4245485582828)
(0, 3, 1, 208, 1057.6831184133173)
(0, 3, 1, 209, 1265.9195031277945)
(0, 3, 1, 210, 1359.2514487444619)
(0, 3, 1, 211, 1381.9563055305255)
(0, 3, 1, 212, 1093.724413139372)
(0, 3, 1, 213, 1275.568437486251)
(0, 3, 1, 214, 1116.6778857116094)
(0, 3, 1, 215, 1617.2932068162083)
(0, 3, 1, 216, 1200.9247642497703)
(0, 3, 1, 217, 1056.3653150008163)
(0, 3, 1, 218, 869.7893509284123)
(0, 3, 1, 219, 961.6053810524056)
(0, 3, 1, 220, 1699.9367293358753)
(0, 3, 1, 221, 1413.96868343089)
(0, 3, 1, 222, 1497.6207077959032)
(0, 3, 1, 223, 1004.1735405291631)
(0, 3, 1, 224, 1373.3034044510925)
(0, 3, 1, 225, 1584.3798577123348)
(0, 3, 1, 226, 1441.4305872816324)
(0, 3, 1, 227, 1081.1268758552683)
(0, 3, 1, 228, 1293.7078478631229)
(0, 3, 1, 229, 923.4742054476061)
(0, 3, 1, 230, 1090.8439381819126)
(0, 3, 1, 231, 1382.8830557597537)
(0, 3, 1, 232, 1367.1586615879733)
(0, 3, 1, 233, 1143.7099991987295)
(0, 3, 1, 234, 1161.5049021087407)
(0, 3, 1, 235, 1253.6946194408836)
(0, 3, 1, 236, 1268.242599283925)
(0, 3, 1, 237, 1264.5896693873012)
(0, 3, 1, 238, 1395.9684950590847)
(0, 3, 1, 239, 866.529791013885)
(0, 3, 1, 240, 1569.0194187236673)
(0, 3, 1, 241, 1025.0676538148518)
(0, 3, 1, 242, 1537.3925173981843)
(0, 3, 1, 243, 1400.6944187907845)
(0, 3, 1, 244, 1642.4767262214298)
(0, 3, 1, 245, 1170.1913900646591)
(0, 3, 1, 246, 1453.2014706405348)
(0, 3, 1, 247, 669.0053842858013)
(0, 3, 1, 248, 1392.5908260129168)
(0, 3, 1, 249, 1331.7009517533209)
(0, 4, 0, 0, 539.6945900007275)
(0, 4, 0, 1, 672.7385154012509)
(0, 4, 0, 2, 711.1698958273328)
(0, 4, 0, 3, 654.3967155858437)
(0, 4, 0, 4, 582.038012403812)
(0, 4, 0, 5, 827.7121367468766)
(0, 4, 0, 6, 519.6677934302262)
(0, 4, 0, 7, 631.1167582133415)
(0, 4, 0, 8, 593.573989709625)
(0, 4, 0, 9, 675.4185426826108)
(0, 4, 0, 10, 394.8792549808497)
(0, 4, 0, 11, 602.3572600917618)
(0, 4, 0, 12, 848.913322928295)
(0, 4, 0, 13, 707.7336634936325)
(0, 4, 0, 14, 902.2796055431404)
(0, 4, 0, 15, 507.20147495215633)
(0, 4, 0, 16, 719.7797472077051)
(0, 4, 0, 17, 1084.1300323281284)
(0, 4, 0, 18, 1075.8185949480614)
(0, 4, 0, 19, 745.7388158170127)
(0, 4, 0, 20, 524.0635515261089)
(0, 4, 0, 21, 984.8420804368818)
(0, 4, 0, 22, 711.6459649064966)
(0, 4, 0, 23, 978.8320988527903)
(0, 4, 0, 24, 761.694865935146)
(0, 4, 0, 25, 468.56976554472595)
(0, 4, 0, 26, 557.5046682084112)
(0, 4, 0, 27, 761.300389395467)
(0, 4, 0, 28, 750.9401334333168)
(0, 4, 0, 29, 540.537506344861)
(0, 4, 0, 30, 699.6343665272036)
(0, 4, 0, 31, 676.7093991620359)
(0, 4, 0, 32, 909.1165220071887)
(0, 4, 0, 33, 603.8189780835704)
(0, 4, 0, 34, 387.9729004270001)
(0, 4, 0, 35, 349.4713417318377)
(0, 4, 0, 36, 628.0263074156018)
(0, 4, 0, 37, 550.8201669394051)
(0, 4, 0, 38, 477.37954980462234)
(0, 4, 0, 39, 662.5373285603648)
(0, 4, 0, 40, 548.9834635303436)
(0, 4, 0, 41, 710.0740396534861)
(0, 4, 0, 42, 750.1826295162572)
(0, 4, 0, 43, 597.3647263655266)
(0, 4, 0, 44, 648.8207580330277)
(0, 4, 0, 45, 665.1092810035059)
(0, 4, 0, 46, 841.06848330762)
(0, 4, 0, 47, 679.2240798860187)
(0, 4, 0, 48, 605.1824748024911)
(0, 4, 0, 49, 803.6346390132853)
(0, 4, 0, 50, 918.2057286406316)
(0, 4, 0, 51, 596.0532484250122)
(0, 4, 0, 52, 825.1466563868569)
(0, 4, 0, 53, 692.9207809756133)
(0, 4, 0, 54, 673.4479932969948)
(0, 4, 0, 55, 734.8303572238576)
(0, 4, 0, 56, 652.5794416602708)
(0, 4, 0, 57, 718.0477254057524)
(0, 4, 0, 58, 756.2063792255946)
(0, 4, 0, 59, 822.7364471024879)
(0, 4, 0, 60, 1173.2460025025869)
(0, 4, 0, 61, 1016.0872120607031)
(0, 4, 0, 62, 423.5406051908688)
(0, 4, 0, 63, 565.3230806513639)
(0, 4, 0, 64, 1014.8096858204592)
(0, 4, 0, 65, 841.0309339545965)
(0, 4, 0, 66, 454.2552795847105)
(0, 4, 0, 67, 591.7415056454121)
(0, 4, 0, 68, 735.6140145658734)
(0, 4, 0, 69, 575.1114813409047)
(0, 4, 0, 70, 876.6060973499262)
(0, 4, 0, 71, 939.7020337118242)
(0, 4, 0, 72, 832.4241663856067)
(0, 4, 0, 73, 598.6970310054917)
(0, 4, 0, 74, 567.0364469003703)
(0, 4, 0, 75, 688.1817373766664)
(0, 4, 0, 76, 594.5395467329049)
(0, 4, 0, 77, 1055.2655575753076)
(0, 4, 0, 78, 650.10645930353)
(0, 4, 0, 79, 883.3416802174229)
(0, 4, 0, 80, 732.9254305723459)
(0, 4, 0, 81, 800.1735870297745)
(0, 4, 0, 82, 729.3965511061791)
(0, 4, 0, 83, 726.6614092566366)
(0, 4, 0, 84, 674.3526673309099)
(0, 4, 0, 85, 632.9980438345669)
(0, 4, 0, 86, 631.389456426401)
(0, 4, 0, 87, 715.1355414816775)
(0, 4, 0, 88, 736.1514852468172)
(0, 4, 0, 89, 793.0078643696831)
(0, 4, 0, 90, 644.8782062951756)
(0, 4, 0, 91, 440.26820178954523)
(0, 4, 0, 92, 878.4797097981268)
(0, 4, 0, 93, 678.7003291455328)
(0, 4, 0, 94, 845.765061709363)
(0, 4, 0, 95, 449.1184309697397)
(0, 4, 0, 96, 498.56562468065226)
(0, 4, 0, 97, 1067.9435542256797)
(0, 4, 0, 98, 879.919181892214)
(0, 4, 0, 99, 943.098199704244)
(0, 4, 0, 100, 712.0518011947353)
(0, 4, 0, 101, 1103.9822244078136)
(0, 4, 0, 102, 553.475307786221)
(0, 4, 0, 103, 663.8191452621265)
(0, 4, 0, 104, 947.8381184259848)
(0, 4, 0, 105, 736.3496327269843)
(0, 4, 0, 106, 844.944339512788)
(0, 4, 0, 107, 571.6983063053166)
(0, 4, 0, 108, 867.9169841412073)
(0, 4, 0, 109, 844.7096493016255)
(0, 4, 0, 110, 1141.0119023866775)
(0, 4, 0, 111, 637.5037293773814)
(0, 4, 0, 112, 482.9836363360201)
(0, 4, 0, 113, 827.3789974598111)
(0, 4, 0, 114, 765.6788305612051)
(0, 4, 0, 115, 718.6307201164071)
(0, 4, 0, 116, 594.623492938602)
(0, 4, 0, 117, 671.1706185916797)
(0, 4, 0, 118, 1103.4910169832333)
(0, 4, 0, 119, 642.0164004532962)
(0, 4, 0, 120, 824.4374770719681)
(0, 4, 0, 121, 891.0298959117479)
(0, 4, 0, 122, 953.337880943882)
(0, 4, 0, 123, 743.048399892118)
(0, 4, 0, 124, 553.5544474028479)
(0, 4, 0, 125, 815.2136711048009)
(0, 4, 0, 126, 819.1133115673798)
(0, 4, 0, 127, 578.1680682614593)
(0, 4, 0, 128, 800.1249067794546)
(0, 4, 0, 129, 667.8174626323062)
(0, 4, 0, 130, 776.2098629983087)
(0, 4, 0, 131, 513.0297683062532)
(0, 4, 0, 132, 626.0676364255128)
(0, 4, 0, 133, 615.0438427781817)
(0, 4, 0, 134, 628.4209437166719)
(0, 4, 0, 135, 626.929571812973)
(0, 4, 0, 136, 524.7291811058452)
(0, 4, 0, 137, 877.2192520632227)
(0, 4, 0, 138, 678.2173683628879)
(0, 4, 0, 139, 1042.6964294461634)
(0, 4, 0, 140, 624.7666341138364)
(0, 4, 0, 141, 794.6519553661421)
(0, 4, 0, 142, 593.6346752234482)
(0, 4, 0, 143, 772.6866135560336)
(0, 4, 0, 144, 657.1009254678827)
(0, 4, 0, 145, 473.99625133572374)
(0, 4, 0, 146, 718.6374738367846)
(0, 4, 0, 147, 566.7240433924902)
(0, 4, 0, 148, 722.123649348265)
(0, 4, 0, 149, 375.593458449077)
(0, 4, 0, 150, 913.7657366384291)
(0, 4, 0, 151, 493.60458798782514)
(0, 4, 0, 152, 853.1346928205984)
(0, 4, 0, 153, 702.5598781012214)
(0, 4, 0, 154, 624.4346614706195)
(0, 4, 0, 155, 824.8728446828828)
(0, 4, 0, 156, 771.8720041085514)
(0, 4, 0, 157, 637.3262424293598)
(0, 4, 0, 158, 400.64284436230946)
(0, 4, 0, 159, 1235.8081118065925)
(0, 4, 0, 160, 733.4378400337362)
(0, 4, 0, 161, 761.7221326787727)
(0, 4, 0, 162, 749.3152606230377)
(0, 4, 0, 163, 821.39713188172)
(0, 4, 0, 164, 659.1079270336261)
(0, 4, 0, 165, 955.5383344341074)
(0, 4, 0, 166, 569.290391824867)
(0, 4, 0, 167, 868.1204323374353)
(0, 4, 0, 168, 937.4671261856926)
(0, 4, 0, 169, 481.3629952739671)
(0, 4, 0, 170, 936.730538453969)
(0, 4, 0, 171, 539.1277590709398)
(0, 4, 0, 172, 980.5592394570535)
(0, 4, 0, 173, 706.9383665652201)
(0, 4, 0, 174, 921.0848824144709)
(0, 4, 0, 175, 888.7513022164128)
(0, 4, 0, 176, 556.8070603707582)
(0, 4, 0, 177, 323.6315615866078)
(0, 4, 0, 178, 653.5678137585717)
(0, 4, 0, 179, 725.7869066964879)
(0, 4, 0, 180, 883.7092415815857)
(0, 4, 0, 181, 396.99034475161466)
(0, 4, 0, 182, 448.2271691953508)
(0, 4, 0, 183, 557.6825129296819)
(0, 4, 0, 184, 532.0798829987974)
(0, 4, 0, 185, 696.8463474010679)
(0, 4, 0, 186, 403.96943515220585)
(0, 4, 0, 187, 632.1197284243598)
(0, 4, 0, 188, 528.1862903613239)
(0, 4, 0, 189, 632.8158031621273)
(0, 4, 0, 190, 591.7208621016441)
(0, 4, 0, 191, 681.448493684664)
(0, 4, 0, 192, 613.973815618939)
(0, 4, 0, 193, 544.8812055960688)
(0, 4, 0, 194, 886.213954050558)
(0, 4, 0, 195, 899.6192009149999)
(0, 4, 0, 196, 787.5506093165247)
(0, 4, 0, 197, 803.4794039161145)
(0, 4, 0, 198, 566.361344132816)
(0, 4, 0, 199, 696.8933392984312)
(0, 4, 0, 200, 928.4465557386342)
(0, 4, 0, 201, 719.4623494307712)
(0, 4, 0, 202, 940.1357256038234)
(0, 4, 0, 203, 739.1264119080535)
(0, 4, 0, 204, 798.5872599298233)
(0, 4, 0, 205, 648.7512965243538)
(0, 4, 0, 206, 619.65391094644)
(0, 4, 0, 207, 1034.5854422855073)
(0, 4, 0, 208, 1173.2233181522045)
(0, 4, 0, 209, 671.2042064703494)
(0, 4, 0, 210, 840.8162439511216)
(0, 4, 0, 211, 340.37776804660746)
(0, 4, 0, 212, 393.69067771448755)
(0, 4, 0, 213, 603.6867637024018)
(0, 4, 0, 214, 817.5696334177261)
(0, 4, 0, 215, 809.1783989467193)
(0, 4, 0, 216, 543.7730133248897)
(0, 4, 0, 217, 1025.3693484768974)
(0, 4, 0, 218, 913.656269543233)
(0, 4, 0, 219, 579.0808788157881)
(0, 4, 0, 220, 599.7341350378503)
(0, 4, 0, 221, 670.157014671022)
(0, 4, 0, 222, 681.849357513861)
(0, 4, 0, 223, 817.9554517211246)
(0, 4, 0, 224, 722.7134820843225)
(0, 4, 0, 225, 858.17325504909)
(0, 4, 0, 226, 705.78301179131)
(0, 4, 0, 227, 770.7707634510123)
(0, 4, 0, 228, 632.163083840374)
(0, 4, 0, 229, 819.9811988825885)
(0, 4, 0, 230, 636.3522209090295)
(0, 4, 0, 231, 633.438270067102)
(0, 4, 0, 232, 620.3338855824919)
(0, 4, 0, 233, 719.7754218974233)
(0, 4, 0, 234, 715.5911516923387)
(0, 4, 0, 235, 849.6398943283887)
(0, 4, 0, 236, 717.200992641755)
(0, 4, 0, 237, 809.7807317361661)
(0, 4, 0, 238, 1117.6011870496554)
(0, 4, 0, 239, 831.2586753412655)
(0, 4, 0, 240, 856.9765464111243)
(0, 4, 0, 241, 430.2036598832398)
(0, 4, 0, 242, 745.6693010831975)
(0, 4, 0, 243, 741.1064483310751)
(0, 4, 0, 244, 709.9516303009611)
(0, 4, 0, 245, 604.1309208982374)
(0, 4, 0, 246, 627.133409632961)
(0, 4, 0, 247, 680.1399754203653)
(0, 4, 0, 248, 475.1012536239453)
(0, 4, 0, 249, 678.9408471964239)
(0, 4, 1, 0, 1525.2021729975734)
(0, 4, 1, 1, 1162.4840987947712)
(0, 4, 1, 2, 1319.8288571478213)
(0, 4, 1, 3, 1383.0464672707008)
(0, 4, 1, 4, 1020.6389816076897)
(0, 4, 1, 5, 1293.002076737461)
(0, 4, 1, 6, 1688.8252480350423)
(0, 4, 1, 7, 1686.0618552133124)
(0, 4, 1, 8, 1128.8125774957082)
(0, 4, 1, 9, 1612.504960093061)
(0, 4, 1, 10, 1667.540474133512)
(0, 4, 1, 11, 1264.686657419959)
(0, 4, 1, 12, 908.7686894721692)
(0, 4, 1, 13, 1570.1130123861483)
(0, 4, 1, 14, 1190.4078038846033)
(0, 4, 1, 15, 1069.7224016561272)
(0, 4, 1, 16, 1377.5338652280968)
(0, 4, 1, 17, 1411.6486901895603)
(0, 4, 1, 18, 895.6731923888465)
(0, 4, 1, 19, 1177.355333467278)
(0, 4, 1, 20, 1466.3854612830598)
(0, 4, 1, 21, 1500.428871876334)
(0, 4, 1, 22, 1557.6850036851524)
(0, 4, 1, 23, 1251.25513744497)
(0, 4, 1, 24, 1469.592052106862)
(0, 4, 1, 25, 1412.6560071405413)
(0, 4, 1, 26, 906.6640138340852)
(0, 4, 1, 27, 1867.5790811745449)
(0, 4, 1, 28, 1646.1682834570217)
(0, 4, 1, 29, 1322.157201234751)
(0, 4, 1, 30, 928.316088775856)
(0, 4, 1, 31, 1234.2773935365844)
(0, 4, 1, 32, 1344.5392453059758)
(0, 4, 1, 33, 1359.1197990367275)
(0, 4, 1, 34, 1598.1578605190089)
(0, 4, 1, 35, 1107.8399212319484)
(0, 4, 1, 36, 1408.908663267789)
(0, 4, 1, 37, 1076.6883877752637)
(0, 4, 1, 38, 1488.12097622428)
(0, 4, 1, 39, 1544.1130834965609)
(0, 4, 1, 40, 1448.1462109272466)
(0, 4, 1, 41, 1206.9678095921315)
(0, 4, 1, 42, 1323.670715251916)
(0, 4, 1, 43, 1653.3864721164816)
(0, 4, 1, 44, 1502.3159356305396)
(0, 4, 1, 45, 1043.6976772879968)
(0, 4, 1, 46, 1507.0124139395589)
(0, 4, 1, 47, 1687.0589024210235)
(0, 4, 1, 48, 1302.4998997787484)
(0, 4, 1, 49, 1510.4989229540083)
(0, 4, 1, 50, 1193.102244930759)
(0, 4, 1, 51, 865.0611981254905)
(0, 4, 1, 52, 1196.3972819096314)
(0, 4, 1, 53, 1479.413431293115)
(0, 4, 1, 54, 1282.8379884355788)
(0, 4, 1, 55, 1642.4971174558323)
(0, 4, 1, 56, 1672.6666647529878)
(0, 4, 1, 57, 1599.2070794893848)
(0, 4, 1, 58, 1250.5555750137585)
(0, 4, 1, 59, 1604.3701964871145)
(0, 4, 1, 60, 1665.7205958063514)
(0, 4, 1, 61, 1235.8479646719784)
(0, 4, 1, 62, 1174.9420245688418)
(0, 4, 1, 63, 1561.4771164068418)
(0, 4, 1, 64, 1496.8632345306019)
(0, 4, 1, 65, 1288.8091199631306)
(0, 4, 1, 66, 1274.2405734517472)
(0, 4, 1, 67, 1247.1569148471779)
(0, 4, 1, 68, 1468.4791677006222)
(0, 4, 1, 69, 1790.9005741826381)
(0, 4, 1, 70, 1494.286362634029)
(0, 4, 1, 71, 1100.10128994033)
(0, 4, 1, 72, 1447.7585020344397)
(0, 4, 1, 73, 488.54572825553566)
(0, 4, 1, 74, 1556.2312682876309)
(0, 4, 1, 75, 1303.0345002233446)
(0, 4, 1, 76, 1890.1917906731996)
(0, 4, 1, 77, 1320.0533189171447)
(0, 4, 1, 78, 1511.637368047838)
(0, 4, 1, 79, 1036.4793955402552)
(0, 4, 1, 80, 1295.3873441712167)
(0, 4, 1, 81, 1373.1167338172127)
(0, 4, 1, 82, 1453.5647220690646)
(0, 4, 1, 83, 1166.569013782967)
(0, 4, 1, 84, 902.5144483093387)
(0, 4, 1, 85, 1144.2695931982748)
(0, 4, 1, 86, 1650.0671238710634)
(0, 4, 1, 87, 1661.5428205768314)
(0, 4, 1, 88, 1321.2339146695558)
(0, 4, 1, 89, 1124.2231323001138)
(0, 4, 1, 90, 1546.756582457)
(0, 4, 1, 91, 1231.486646159211)
(0, 4, 1, 92, 1410.4621331803467)
(0, 4, 1, 93, 915.8404684728106)
(0, 4, 1, 94, 1595.8695764990084)
(0, 4, 1, 95, 1679.7524193935951)
(0, 4, 1, 96, 1393.7960977824011)
(0, 4, 1, 97, 912.7154739305358)
(0, 4, 1, 98, 1333.4582440288834)
(0, 4, 1, 99, 1309.710534853462)
(0, 4, 1, 100, 1241.5811538817143)
(0, 4, 1, 101, 1562.3656095432095)
(0, 4, 1, 102, 1741.1992866798919)
(0, 4, 1, 103, 1473.2236588660103)
(0, 4, 1, 104, 1049.64121281066)
(0, 4, 1, 105, 814.636610217248)
(0, 4, 1, 106, 1322.0269742273215)
(0, 4, 1, 107, 1502.886156450607)
(0, 4, 1, 108, 1045.6173207211677)
(0, 4, 1, 109, 1507.7810270977488)
(0, 4, 1, 110, 1328.8146571260106)
(0, 4, 1, 111, 1080.7615691762421)
(0, 4, 1, 112, 1399.1651821535204)
(0, 4, 1, 113, 1612.0739039335335)
(0, 4, 1, 114, 1498.955144091482)
(0, 4, 1, 115, 956.0143771313396)
(0, 4, 1, 116, 1559.4305077478004)
(0, 4, 1, 117, 1211.107516142726)
(0, 4, 1, 118, 1510.5550076317122)
(0, 4, 1, 119, 1743.8679984039807)
(0, 4, 1, 120, 1252.721891477864)
(0, 4, 1, 121, 1466.5481667114864)
(0, 4, 1, 122, 482.9741465193616)
(0, 4, 1, 123, 1281.9639226889778)
(0, 4, 1, 124, 1215.6364930990487)
(0, 4, 1, 125, 1675.3824908566191)
(0, 4, 1, 126, 1613.1510272209355)
(0, 4, 1, 127, 1451.4503595659867)
(0, 4, 1, 128, 1777.885951072679)
(0, 4, 1, 129, 1490.5198470457565)
(0, 4, 1, 130, 1098.4464496655642)
(0, 4, 1, 131, 1277.3988108764324)
(0, 4, 1, 132, 1239.053533755738)
(0, 4, 1, 133, 1643.1707982219718)
(0, 4, 1, 134, 1611.0948420715386)
(0, 4, 1, 135, 1401.0065117875993)
(0, 4, 1, 136, 1120.5503939739638)
(0, 4, 1, 137, 1482.6370873971896)
(0, 4, 1, 138, 1376.2036501515634)
(0, 4, 1, 139, 1464.0211132561772)
(0, 4, 1, 140, 1423.701701079787)
(0, 4, 1, 141, 1203.1971209377518)
(0, 4, 1, 142, 1023.1933792641885)
(0, 4, 1, 143, 1601.0424465892008)
(0, 4, 1, 144, 1582.4009252626845)
(0, 4, 1, 145, 1287.4301540673614)
(0, 4, 1, 146, 1132.0622115864855)
(0, 4, 1, 147, 1465.123904449423)
(0, 4, 1, 148, 1575.931913760587)
(0, 4, 1, 149, 1452.499841238557)
(0, 4, 1, 150, 1934.4482086586866)
(0, 4, 1, 151, 1510.922250332959)
(0, 4, 1, 152, 1599.5794152751148)
(0, 4, 1, 153, 1375.8326206074428)
(0, 4, 1, 154, 1654.688871630889)
(0, 4, 1, 155, 1275.4035256225507)
(0, 4, 1, 156, 1236.051176908004)
(0, 4, 1, 157, 1682.3856239108748)
(0, 4, 1, 158, 1490.3958964576182)
(0, 4, 1, 159, 1082.7771018026456)
(0, 4, 1, 160, 985.7278924897485)
(0, 4, 1, 161, 1426.3285671372714)
(0, 4, 1, 162, 933.3687057394033)
(0, 4, 1, 163, 954.9832971099256)
(0, 4, 1, 164, 1288.1862222255481)
(0, 4, 1, 165, 1324.5003272844199)
(0, 4, 1, 166, 1482.2940623095253)
(0, 4, 1, 167, 1054.2040864435592)
(0, 4, 1, 168, 1347.5241929709932)
(0, 4, 1, 169, 961.5477998150192)
(0, 4, 1, 170, 1577.1493535410834)
(0, 4, 1, 171, 1520.1248209220844)
(0, 4, 1, 172, 1046.4358632196372)
(0, 4, 1, 173, 1481.9121006162466)
(0, 4, 1, 174, 1651.077443371462)
(0, 4, 1, 175, 1557.024308513723)
(0, 4, 1, 176, 1056.9954465899186)
(0, 4, 1, 177, 1545.6999424473925)
(0, 4, 1, 178, 1428.2607631729543)
(0, 4, 1, 179, 1844.0763176231762)
(0, 4, 1, 180, 1655.495512198465)
(0, 4, 1, 181, 1096.9224951620981)
(0, 4, 1, 182, 1488.5271220183781)
(0, 4, 1, 183, 575.3105461180775)
(0, 4, 1, 184, 1075.5153775461592)
(0, 4, 1, 185, 1321.0850659600733)
(0, 4, 1, 186, 1387.3291799015499)
(0, 4, 1, 187, 1082.8784730183474)
(0, 4, 1, 188, 1332.3847905774574)
(0, 4, 1, 189, 1329.420900776498)
(0, 4, 1, 190, 688.7808984562339)
(0, 4, 1, 191, 1063.390188670776)
(0, 4, 1, 192, 1162.4143057522156)
(0, 4, 1, 193, 1076.0299886814892)
(0, 4, 1, 194, 1343.4715589571938)
(0, 4, 1, 195, 1544.7929037212457)
(0, 4, 1, 196, 1396.4896140604087)
(0, 4, 1, 197, 1408.833106042472)
(0, 4, 1, 198, 1507.0691254190288)
(0, 4, 1, 199, 1230.2749348487946)
(0, 4, 1, 200, 1325.800036716866)
(0, 4, 1, 201, 878.3248650816897)
(0, 4, 1, 202, 1595.81111051638)
(0, 4, 1, 203, 1599.7028392675832)
(0, 4, 1, 204, 1609.151957778346)
(0, 4, 1, 205, 1002.4841102244544)
(0, 4, 1, 206, 1539.8133835674794)
(0, 4, 1, 207, 1123.321192708319)
(0, 4, 1, 208, 1111.3432005480474)
(0, 4, 1, 209, 1339.7792108364433)
(0, 4, 1, 210, 1581.5253919743095)
(0, 4, 1, 211, 1774.4041238721175)
(0, 4, 1, 212, 1273.9719242447572)
(0, 4, 1, 213, 1367.131130021357)
(0, 4, 1, 214, 1068.0304207829433)
(0, 4, 1, 215, 1814.08902381443)
(0, 4, 1, 216, 1442.086593188149)
(0, 4, 1, 217, 1380.508293693167)
(0, 4, 1, 218, 898.2329105646769)
(0, 4, 1, 219, 1056.3534970143696)
(0, 4, 1, 220, 1797.1131005128361)
(0, 4, 1, 221, 1535.9035512191508)
(0, 4, 1, 222, 1545.6535394380157)
(0, 4, 1, 223, 1344.2375298301092)
(0, 4, 1, 224, 1587.5227708688913)
(0, 4, 1, 225, 1641.2751244004332)
(0, 4, 1, 226, 1417.3451392823922)
(0, 4, 1, 227, 1269.6626182909538)
(0, 4, 1, 228, 1352.9442563807063)
(0, 4, 1, 229, 920.2062533678229)
(0, 4, 1, 230, 1325.7815345210965)
(0, 4, 1, 231, 1431.890003941183)
(0, 4, 1, 232, 1298.811353153626)
(0, 4, 1, 233, 1466.0684009893198)
(0, 4, 1, 234, 1400.8882861967368)
(0, 4, 1, 235, 1227.303666992156)
(0, 4, 1, 236, 1291.7118766876254)
(0, 4, 1, 237, 1588.6947881305339)
(0, 4, 1, 238, 1553.7815181977057)
(0, 4, 1, 239, 1029.0865671283123)
(0, 4, 1, 240, 1775.1939981471066)
(0, 4, 1, 241, 1393.5644336770945)
(0, 4, 1, 242, 1569.4918106248356)
(0, 4, 1, 243, 1553.2529345535531)
(0, 4, 1, 244, 1568.6172735318617)
(0, 4, 1, 245, 1417.0977660771155)
(0, 4, 1, 246, 1603.6010268839086)
(0, 4, 1, 247, 675.1559137534656)
(0, 4, 1, 248, 1375.315283084533)
(0, 4, 1, 249, 1686.1459617746248)
