(0, 0, 0, 0, 0.27284456417967246)
(0, 0, 0, 1, 0.3575579205539772)
(0, 0, 0, 2, 0.3528819061410321)
(0, 0, 0, 3, 0.3134187245235227)
(0, 0, 0, 4, 0.2181412519993055)
(0, 0, 0, 5, 0.22291313666130685)
(0, 0, 0, 6, 0.3564585764097553)
(0, 0, 0, 7, 0.3363010366882846)
(0, 0, 0, 8, 0.43792690248320654)
(0, 0, 0, 9, 0.2938770055659599)
(0, 0, 0, 10, 0.3614917375743813)
(0, 0, 0, 11, 0.3078490737711002)
(0, 0, 0, 12, 0.40302743253104856)
(0, 0, 0, 13, 0.4174651625094209)
(0, 0, 0, 14, 0.4053884149815145)
(0, 0, 0, 15, 0.39293569974557413)
(0, 0, 0, 16, 0.25058128402039265)
(0, 0, 0, 17, 0.2902673216231786)
(0, 0, 0, 18, 0.35047930678830863)
(0, 0, 0, 19, 0.3716685276654166)
(0, 0, 0, 20, 0.317428962654382)
(0, 0, 0, 21, 0.4758140969803332)
(0, 0, 0, 22, 0.34942692959974003)
(0, 0, 0, 23, 0.4429383097708543)
(0, 0, 0, 24, 0.3517165789975024)
(0, 0, 0, 25, 0.25885890034623954)
(0, 0, 0, 26, 0.36500003489122035)
(0, 0, 0, 27, 0.2919184250175544)
(0, 0, 0, 28, 0.35785660744886955)
(0, 0, 0, 29, 0.39504502670715175)
(0, 0, 0, 30, 0.36085187182698997)
(0, 0, 0, 31, 0.44866099005213855)
(0, 0, 0, 32, 0.525791594150209)
(0, 0, 0, 33, 0.3391342253500805)
(0, 0, 0, 34, 0.2901443752071126)
(0, 0, 0, 35, 0.3276912407717592)
(0, 0, 0, 36, 0.4446181034621583)
(0, 0, 0, 37, 0.29672132850990834)
(0, 0, 0, 38, 0.31599239687682323)
(0, 0, 0, 39, 0.23813301266715206)
(0, 0, 0, 40, 0.42158203034184333)
(0, 0, 0, 41, 0.3255786945160114)
(0, 0, 0, 42, 0.34500549312971807)
(0, 0, 0, 43, 0.32640099438347303)
(0, 0, 0, 44, 0.31365191169152756)
(0, 0, 0, 45, 0.42910557194048926)
(0, 0, 0, 46, 0.33598311190385216)
(0, 0, 0, 47, 0.3299369086130098)
(0, 0, 0, 48, 0.3562980296182842)
(0, 0, 0, 49, 0.4319730958807962)
(0, 0, 0, 50, 0.4168088605460958)
(0, 0, 0, 51, 0.3582839326046169)
(0, 0, 0, 52, 0.34355302508523716)
(0, 0, 0, 53, 0.3796360261498772)
(0, 0, 0, 54, 0.2497903164513626)
(0, 0, 0, 55, 0.40692466716011727)
(0, 0, 0, 56, 0.3493987452623996)
(0, 0, 0, 57, 0.42964723928421944)
(0, 0, 0, 58, 0.3712542845552822)
(0, 0, 0, 59, 0.4573417661221058)
(0, 0, 0, 60, 0.4047915988614275)
(0, 0, 0, 61, 0.39081042664317733)
(0, 0, 0, 62, 0.33910658774339897)
(0, 0, 0, 63, 0.3876512508266717)
(0, 0, 0, 64, 0.3791713969068313)
(0, 0, 0, 65, 0.47501942942399206)
(0, 0, 0, 66, 0.3617400402852006)
(0, 0, 0, 67, 0.32713030722843434)
(0, 0, 0, 68, 0.34261791045316536)
(0, 0, 0, 69, 0.40202485031026297)
(0, 0, 0, 70, 0.27263298081374426)
(0, 0, 0, 71, 0.3373812051034166)
(0, 0, 0, 72, 0.42371692097352104)
(0, 0, 0, 73, 0.3450682977060004)
(0, 0, 0, 74, 0.3754504551860763)
(0, 0, 0, 75, 0.34268728657018366)
(0, 0, 0, 76, 0.4008310970967914)
(0, 0, 0, 77, 0.2935806701046626)
(0, 0, 0, 78, 0.38517354056521835)
(0, 0, 0, 79, 0.42259998535259397)
(0, 0, 0, 80, 0.4107131619870989)
(0, 0, 0, 81, 0.41632682074700916)
(0, 0, 0, 82, 0.3956590534577834)
(0, 0, 0, 83, 0.32622814017849255)
(0, 0, 0, 84, 0.3425521373328363)
(0, 0, 0, 85, 0.3394861841332367)
(0, 0, 0, 86, 0.36039977366750175)
(0, 0, 0, 87, 0.3376856713602734)
(0, 0, 0, 88, 0.3609396822561693)
(0, 0, 0, 89, 0.44608464925997315)
(0, 0, 0, 90, 0.36150114694721164)
(0, 0, 0, 91, 0.3433256452073031)
(0, 0, 0, 92, 0.37062496441252757)
(0, 0, 0, 93, 0.4271146995863078)
(0, 0, 0, 94, 0.2884133192067925)
(0, 0, 0, 95, 0.385745626776568)
(0, 0, 0, 96, 0.2560609681332017)
(0, 0, 0, 97, 0.3885669075777337)
(0, 0, 0, 98, 0.3639384810820571)
(0, 0, 0, 99, 0.48140880606992587)
(0, 0, 0, 100, 0.40398803132388394)
(0, 0, 0, 101, 0.38863798542847966)
(0, 0, 0, 102, 0.23696269244517487)
(0, 0, 0, 103, 0.4647226246788661)
(0, 0, 0, 104, 0.33527971905606013)
(0, 0, 0, 105, 0.22546973095702497)
(0, 0, 0, 106, 0.3399147317101769)
(0, 0, 0, 107, 0.30309162104034437)
(0, 0, 0, 108, 0.4627325889539865)
(0, 0, 0, 109, 0.2917000137596512)
(0, 0, 0, 110, 0.4271180287364995)
(0, 0, 0, 111, 0.36216814304123707)
(0, 0, 0, 112, 0.28175659970801303)
(0, 0, 0, 113, 0.31063157059471797)
(0, 0, 0, 114, 0.3374153030297262)
(0, 0, 0, 115, 0.29009562825324914)
(0, 0, 0, 116, 0.30597635003143353)
(0, 0, 0, 117, 0.3401776422201735)
(0, 0, 0, 118, 0.4789277677685216)
(0, 0, 0, 119, 0.4330168698496701)
(0, 0, 0, 120, 0.4023615859725438)
(0, 0, 0, 121, 0.3679064887276774)
(0, 0, 0, 122, 0.41095593344222836)
(0, 0, 0, 123, 0.3782783618601784)
(0, 0, 0, 124, 0.3667271076449525)
(0, 0, 0, 125, 0.3506726871935279)
(0, 0, 0, 126, 0.4475773175356185)
(0, 0, 0, 127, 0.33028659872616184)
(0, 0, 0, 128, 0.3355797071651112)
(0, 0, 0, 129, 0.30506316476952583)
(0, 0, 0, 130, 0.40971445261639966)
(0, 0, 0, 131, 0.2757590368505216)
(0, 0, 0, 132, 0.42504538025186084)
(0, 0, 0, 133, 0.2816795975788172)
(0, 0, 0, 134, 0.3279922116454006)
(0, 0, 0, 135, 0.283953667453042)
(0, 0, 0, 136, 0.37115817232720105)
(0, 0, 0, 137, 0.44623530182434223)
(0, 0, 0, 138, 0.2849066235115775)
(0, 0, 0, 139, 0.22567998726359476)
(0, 0, 0, 140, 0.2629702972188823)
(0, 0, 0, 141, 0.26328677248929927)
(0, 0, 0, 142, 0.29414868474866546)
(0, 0, 0, 143, 0.3633122381832619)
(0, 0, 0, 144, 0.28475788565544674)
(0, 0, 0, 145, 0.3232379804823466)
(0, 0, 0, 146, 0.375561990305044)
(0, 0, 0, 147, 0.3111319853550401)
(0, 0, 0, 148, 0.23556157898548624)
(0, 0, 0, 149, 0.31339020167746384)
(0, 0, 0, 150, 0.32191955383222565)
(0, 0, 0, 151, 0.3491733776866011)
(0, 0, 0, 152, 0.5225530898175225)
(0, 0, 0, 153, 0.3557798650897405)
(0, 0, 0, 154, 0.23257966360638932)
(0, 0, 0, 155, 0.390447864705966)
(0, 0, 0, 156, 0.3128362297854615)
(0, 0, 0, 157, 0.3656594022771875)
(0, 0, 0, 158, 0.39179856927286794)
(0, 0, 0, 159, 0.4441226385053379)
(0, 0, 0, 160, 0.3663586925285665)
(0, 0, 0, 161, 0.3616064706304079)
(0, 0, 0, 162, 0.3867597774329275)
(0, 0, 0, 163, 0.37651332585300795)
(0, 0, 0, 164, 0.3891246742922302)
(0, 0, 0, 165, 0.276545173980129)
(0, 0, 0, 166, 0.3501227349057254)
(0, 0, 0, 167, 0.4290019188343027)
(0, 0, 0, 168, 0.3219476303162984)
(0, 0, 0, 169, 0.25610295610474565)
(0, 0, 0, 170, 0.45272798062804337)
(0, 0, 0, 171, 0.2263451314868655)
(0, 0, 0, 172, 0.278390806027925)
(0, 0, 0, 173, 0.31253798703502184)
(0, 0, 0, 174, 0.47066251712213647)
(0, 0, 0, 175, 0.4036537440765518)
(0, 0, 0, 176, 0.3182940810939736)
(0, 0, 0, 177, 0.2389162363492258)
(0, 0, 0, 178, 0.2512702044430688)
(0, 0, 0, 179, 0.2876859798543435)
(0, 0, 0, 180, 0.43843957874966927)
(0, 0, 0, 181, 0.31760889000464076)
(0, 0, 0, 182, 0.2966450804011607)
(0, 0, 0, 183, 0.2821831061929892)
(0, 0, 0, 184, 0.2584449385380082)
(0, 0, 0, 185, 0.30544152894821225)
(0, 0, 0, 186, 0.452020390053521)
(0, 0, 0, 187, 0.2846555411309048)
(0, 0, 0, 188, 0.3011707046604269)
(0, 0, 0, 189, 0.30700613513658553)
(0, 0, 0, 190, 0.23537215981093776)
(0, 0, 0, 191, 0.41077955998144866)
(0, 0, 0, 192, 0.236884621922143)
(0, 0, 0, 193, 0.422721123876471)
(0, 0, 0, 194, 0.34254743228558215)
(0, 0, 0, 195, 0.4651783262485601)
(0, 0, 0, 196, 0.3730205738180222)
(0, 0, 0, 197, 0.34005028373323026)
(0, 0, 0, 198, 0.3582254763459734)
(0, 0, 0, 199, 0.2763259181081814)
(0, 0, 0, 200, 0.35268622279878853)
(0, 0, 0, 201, 0.3321388124330504)
(0, 0, 0, 202, 0.4048486098376915)
(0, 0, 0, 203, 0.4888252254137031)
(0, 0, 0, 204, 0.3712729357390759)
(0, 0, 0, 205, 0.5491223375290815)
(0, 0, 0, 206, 0.32092374882756985)
(0, 0, 0, 207, 0.3245098818609131)
(0, 0, 0, 208, 0.3031567125620943)
(0, 0, 0, 209, 0.3848349632202231)
(0, 0, 0, 210, 0.3254113577191733)
(0, 0, 0, 211, 0.2316981731548469)
(0, 0, 0, 212, 0.2692102102469843)
(0, 0, 0, 213, 0.3090381531393441)
(0, 0, 0, 214, 0.3259805315646704)
(0, 0, 0, 215, 0.26947121263145746)
(0, 0, 0, 216, 0.27078922043269515)
(0, 0, 0, 217, 0.3693485935708011)
(0, 0, 0, 218, 0.2550816533128243)
(0, 0, 0, 219, 0.3735651852981774)
(0, 0, 0, 220, 0.2894225322505181)
(0, 0, 0, 221, 0.31796573726426614)
(0, 0, 0, 222, 0.4655166643398105)
(0, 0, 0, 223, 0.39495494061437825)
(0, 0, 0, 224, 0.39543959851305843)
(0, 0, 0, 225, 0.3093328107386117)
(0, 0, 0, 226, 0.4682105657976261)
(0, 0, 0, 227, 0.3895250091804765)
(0, 0, 0, 228, 0.2951218326049475)
(0, 0, 0, 229, 0.4442092848512252)
(0, 0, 0, 230, 0.3556480645762869)
(0, 0, 0, 231, 0.33444824483735436)
(0, 0, 0, 232, 0.33635088881153996)
(0, 0, 0, 233, 0.41809376308717316)
(0, 0, 0, 234, 0.2711585929360325)
(0, 0, 0, 235, 0.2993690437190052)
(0, 0, 0, 236, 0.24725804361505693)
(0, 0, 0, 237, 0.3429669912334404)
(0, 0, 0, 238, 0.3758841629084331)
(0, 0, 0, 239, 0.37448635525353613)
(0, 0, 0, 240, 0.2526686472040227)
(0, 0, 0, 241, 0.3900072354745998)
(0, 0, 0, 242, 0.311622437921419)
(0, 0, 0, 243, 0.22601663013066267)
(0, 0, 0, 244, 0.3663739127545142)
(0, 0, 0, 245, 0.3477905909320854)
(0, 0, 0, 246, 0.2983851660867585)
(0, 0, 0, 247, 0.33594330992295135)
(0, 0, 0, 248, 0.2758656309509127)
(0, 0, 0, 249, 0.3059131877740254)
(0, 0, 1, 0, 0.2761172155466249)
(0, 0, 1, 1, 0.30162470468161096)
(0, 0, 1, 2, 0.28363252511524584)
(0, 0, 1, 3, 0.28153323287627985)
(0, 0, 1, 4, 0.3023221413557829)
(0, 0, 1, 5, 0.2768469703677204)
(0, 0, 1, 6, 0.2713628024993789)
(0, 0, 1, 7, 0.2621299299232863)
(0, 0, 1, 8, 0.3000273984298474)
(0, 0, 1, 9, 0.2666879824989129)
(0, 0, 1, 10, 0.25745651031920735)
(0, 0, 1, 11, 0.28123201268365655)
(0, 0, 1, 12, 0.3134777591439535)
(0, 0, 1, 13, 0.26871004135152465)
(0, 0, 1, 14, 0.2720192096648676)
(0, 0, 1, 15, 0.2818113299914027)
(0, 0, 1, 16, 0.27434633437593625)
(0, 0, 1, 17, 0.26921583135809046)
(0, 0, 1, 18, 0.31488459561702076)
(0, 0, 1, 19, 0.285099399668379)
(0, 0, 1, 20, 0.27715790189687517)
(0, 0, 1, 21, 0.2777909754981189)
(0, 0, 1, 22, 0.27445222582865986)
(0, 0, 1, 23, 0.2842270629894464)
(0, 0, 1, 24, 0.26663879922761635)
(0, 0, 1, 25, 0.276958368396938)
(0, 0, 1, 26, 0.3207782079748278)
(0, 0, 1, 27, 0.2669582867890135)
(0, 0, 1, 28, 0.26584726945089565)
(0, 0, 1, 29, 0.26904617410934356)
(0, 0, 1, 30, 0.30086193201794076)
(0, 0, 1, 31, 0.2778732646253928)
(0, 0, 1, 32, 0.2756528175889457)
(0, 0, 1, 33, 0.28491377437883664)
(0, 0, 1, 34, 0.2660638591989497)
(0, 0, 1, 35, 0.2849039819578405)
(0, 0, 1, 36, 0.28057644252668795)
(0, 0, 1, 37, 0.2961844964240584)
(0, 0, 1, 38, 0.2801561857657679)
(0, 0, 1, 39, 0.2695428594574743)
(0, 0, 1, 40, 0.2677224354005633)
(0, 0, 1, 41, 0.29326028253760417)
(0, 0, 1, 42, 0.27667704915050584)
(0, 0, 1, 43, 0.27266713177427077)
(0, 0, 1, 44, 0.2736849575182272)
(0, 0, 1, 45, 0.30895007496983595)
(0, 0, 1, 46, 0.2744574974061932)
(0, 0, 1, 47, 0.26433044045986653)
(0, 0, 1, 48, 0.285199496737277)
(0, 0, 1, 49, 0.28031731479459604)
(0, 0, 1, 50, 0.27875473014317975)
(0, 0, 1, 51, 0.296097723973772)
(0, 0, 1, 52, 0.2963291001462323)
(0, 0, 1, 53, 0.2837476461847597)
(0, 0, 1, 54, 0.27523270040389886)
(0, 0, 1, 55, 0.2673588542119829)
(0, 0, 1, 56, 0.26068789391844444)
(0, 0, 1, 57, 0.2678949139275282)
(0, 0, 1, 58, 0.28229016941801555)
(0, 0, 1, 59, 0.268266466976837)
(0, 0, 1, 60, 0.2665412907901485)
(0, 0, 1, 61, 0.2916879559603246)
(0, 0, 1, 62, 0.29616555766303027)
(0, 0, 1, 63, 0.271847688472732)
(0, 0, 1, 64, 0.26932426573510304)
(0, 0, 1, 65, 0.27779447246929323)
(0, 0, 1, 66, 0.2773810043950512)
(0, 0, 1, 67, 0.28188529020638226)
(0, 0, 1, 68, 0.2665273647852994)
(0, 0, 1, 69, 0.26009567439035625)
(0, 0, 1, 70, 0.2724871285021876)
(0, 0, 1, 71, 0.2986239617938907)
(0, 0, 1, 72, 0.27284840460792065)
(0, 0, 1, 73, 0.3619389078565644)
(0, 0, 1, 74, 0.27046608447249504)
(0, 0, 1, 75, 0.2679682582199318)
(0, 0, 1, 76, 0.2665899347399027)
(0, 0, 1, 77, 0.2765867935264142)
(0, 0, 1, 78, 0.26543705047369304)
(0, 0, 1, 79, 0.2901826442698191)
(0, 0, 1, 80, 0.2888740599989809)
(0, 0, 1, 81, 0.2761486855418221)
(0, 0, 1, 82, 0.2747404304324801)
(0, 0, 1, 83, 0.2906176778641467)
(0, 0, 1, 84, 0.3062959766346734)
(0, 0, 1, 85, 0.29791824416537216)
(0, 0, 1, 86, 0.261225661062093)
(0, 0, 1, 87, 0.2673985130973586)
(0, 0, 1, 88, 0.2761609866178206)
(0, 0, 1, 89, 0.27400485258399787)
(0, 0, 1, 90, 0.27421972445566406)
(0, 0, 1, 91, 0.2848410277137275)
(0, 0, 1, 92, 0.26785470552305696)
(0, 0, 1, 93, 0.29260308904000726)
(0, 0, 1, 94, 0.272017218294037)
(0, 0, 1, 95, 0.27336772785014385)
(0, 0, 1, 96, 0.28554076103380815)
(0, 0, 1, 97, 0.30208605098984975)
(0, 0, 1, 98, 0.27024280249369564)
(0, 0, 1, 99, 0.27180933980408717)
(0, 0, 1, 100, 0.27549666631775555)
(0, 0, 1, 101, 0.2635077038643379)
(0, 0, 1, 102, 0.2631893766997749)
(0, 0, 1, 103, 0.2608160900454431)
(0, 0, 1, 104, 0.2876054992630647)
(0, 0, 1, 105, 0.32629798445392266)
(0, 0, 1, 106, 0.2686101347952571)
(0, 0, 1, 107, 0.26514074469733434)
(0, 0, 1, 108, 0.28917743315740324)
(0, 0, 1, 109, 0.26816335748553516)
(0, 0, 1, 110, 0.2737891943607311)
(0, 0, 1, 111, 0.2825135075299466)
(0, 0, 1, 112, 0.2737293405250702)
(0, 0, 1, 113, 0.2631622069400232)
(0, 0, 1, 114, 0.2636040029333824)
(0, 0, 1, 115, 0.2970061272707718)
(0, 0, 1, 116, 0.27088232359892167)
(0, 0, 1, 117, 0.28736199120734673)
(0, 0, 1, 118, 0.27451419307467956)
(0, 0, 1, 119, 0.2686659854533698)
(0, 0, 1, 120, 0.27989670645568593)
(0, 0, 1, 121, 0.2688994573800151)
(0, 0, 1, 122, 0.3529813488357452)
(0, 0, 1, 123, 0.27337227234281275)
(0, 0, 1, 124, 0.2764945655595732)
(0, 0, 1, 125, 0.2717470276324921)
(0, 0, 1, 126, 0.2617602996344865)
(0, 0, 1, 127, 0.2800564246602112)
(0, 0, 1, 128, 0.2643444598416293)
(0, 0, 1, 129, 0.26605950762192443)
(0, 0, 1, 130, 0.2856400391522715)
(0, 0, 1, 131, 0.27696887627848366)
(0, 0, 1, 132, 0.27194746594793484)
(0, 0, 1, 133, 0.2737398977114457)
(0, 0, 1, 134, 0.2726091425403711)
(0, 0, 1, 135, 0.27796331474246594)
(0, 0, 1, 136, 0.28446149731166825)
(0, 0, 1, 137, 0.26545475245717914)
(0, 0, 1, 138, 0.28059393827100554)
(0, 0, 1, 139, 0.27400731773120995)
(0, 0, 1, 140, 0.2720375247469943)
(0, 0, 1, 141, 0.28956231751132255)
(0, 0, 1, 142, 0.29531744401697746)
(0, 0, 1, 143, 0.2662646845354711)
(0, 0, 1, 144, 0.2719237766462937)
(0, 0, 1, 145, 0.26890387640635566)
(0, 0, 1, 146, 0.2943175075779888)
(0, 0, 1, 147, 0.27076832114625343)
(0, 0, 1, 148, 0.26469267286848586)
(0, 0, 1, 149, 0.2718263085820485)
(0, 0, 1, 150, 0.262561871034115)
(0, 0, 1, 151, 0.27307898064072494)
(0, 0, 1, 152, 0.2664294796053474)
(0, 0, 1, 153, 0.2715769866839986)
(0, 0, 1, 154, 0.2714985057995435)
(0, 0, 1, 155, 0.282436824003796)
(0, 0, 1, 156, 0.2963487464904279)
(0, 0, 1, 157, 0.2687940052297969)
(0, 0, 1, 158, 0.2741024346504019)
(0, 0, 1, 159, 0.28926526843879885)
(0, 0, 1, 160, 0.2879409787298218)
(0, 0, 1, 161, 0.2697042246047132)
(0, 0, 1, 162, 0.286440699519745)
(0, 0, 1, 163, 0.2965846152357694)
(0, 0, 1, 164, 0.28262897523226926)
(0, 0, 1, 165, 0.2750191516854283)
(0, 0, 1, 166, 0.2795949182763306)
(0, 0, 1, 167, 0.28881674820806175)
(0, 0, 1, 168, 0.2754123504073287)
(0, 0, 1, 169, 0.29802561020201984)
(0, 0, 1, 170, 0.25689462791229845)
(0, 0, 1, 171, 0.2630203685536498)
(0, 0, 1, 172, 0.29707446518009384)
(0, 0, 1, 173, 0.27041621646727065)
(0, 0, 1, 174, 0.27471410594237267)
(0, 0, 1, 175, 0.2688258001555702)
(0, 0, 1, 176, 0.3040484104210089)
(0, 0, 1, 177, 0.27003870926364876)
(0, 0, 1, 178, 0.2707798249331215)
(0, 0, 1, 179, 0.2689909632244344)
(0, 0, 1, 180, 0.2676495654006283)
(0, 0, 1, 181, 0.29382682730621)
(0, 0, 1, 182, 0.27249093108736283)
(0, 0, 1, 183, 0.37299465361118167)
(0, 0, 1, 184, 0.29966814408332454)
(0, 0, 1, 185, 0.2750521257964076)
(0, 0, 1, 186, 0.28349643937663127)
(0, 0, 1, 187, 0.28431385294956274)
(0, 0, 1, 188, 0.27353340866368747)
(0, 0, 1, 189, 0.282704899951941)
(0, 0, 1, 190, 0.3558123386965841)
(0, 0, 1, 191, 0.2999549890558795)
(0, 0, 1, 192, 0.2810140841151811)
(0, 0, 1, 193, 0.2853092625461202)
(0, 0, 1, 194, 0.28129540037467454)
(0, 0, 1, 195, 0.2644647710383047)
(0, 0, 1, 196, 0.27571986351960864)
(0, 0, 1, 197, 0.27226861733087726)
(0, 0, 1, 198, 0.270289567289767)
(0, 0, 1, 199, 0.28720767998005226)
(0, 0, 1, 200, 0.2833566306589774)
(0, 0, 1, 201, 0.307959992078938)
(0, 0, 1, 202, 0.2684947253071473)
(0, 0, 1, 203, 0.26114412684029226)
(0, 0, 1, 204, 0.264292828504634)
(0, 0, 1, 205, 0.28711399438086943)
(0, 0, 1, 206, 0.26307764710889403)
(0, 0, 1, 207, 0.2901015400504253)
(0, 0, 1, 208, 0.28973255473875836)
(0, 0, 1, 209, 0.27413988155894353)
(0, 0, 1, 210, 0.26766812198643825)
(0, 0, 1, 211, 0.2701508917841935)
(0, 0, 1, 212, 0.28016185009220157)
(0, 0, 1, 213, 0.27623862467334875)
(0, 0, 1, 214, 0.2865693861075537)
(0, 0, 1, 215, 0.2562749073221577)
(0, 0, 1, 216, 0.27848927515449345)
(0, 0, 1, 217, 0.2708860903843009)
(0, 0, 1, 218, 0.3015036582295127)
(0, 0, 1, 219, 0.27624335615615847)
(0, 0, 1, 220, 0.26015533321351964)
(0, 0, 1, 221, 0.26551919114633965)
(0, 0, 1, 222, 0.2643981718305966)
(0, 0, 1, 223, 0.2814748865128873)
(0, 0, 1, 224, 0.26965026225168015)
(0, 0, 1, 225, 0.26282660271949043)
(0, 0, 1, 226, 0.27007041628780654)
(0, 0, 1, 227, 0.29196060161015264)
(0, 0, 1, 228, 0.269482409761949)
(0, 0, 1, 229, 0.28579753166332783)
(0, 0, 1, 230, 0.28226863506207744)
(0, 0, 1, 231, 0.2639948826447613)
(0, 0, 1, 232, 0.26667012342392027)
(0, 0, 1, 233, 0.27801699719112655)
(0, 0, 1, 234, 0.2815939635758918)
(0, 0, 1, 235, 0.2755763979984044)
(0, 0, 1, 236, 0.27019160477768034)
(0, 0, 1, 237, 0.2657701965144205)
(0, 0, 1, 238, 0.26748726003485584)
(0, 0, 1, 239, 0.2876878915326701)
(0, 0, 1, 240, 0.26588475737566886)
(0, 0, 1, 241, 0.27498125185535777)
(0, 0, 1, 242, 0.26966239618008503)
(0, 0, 1, 243, 0.2695915849009197)
(0, 0, 1, 244, 0.27057600006899785)
(0, 0, 1, 245, 0.27871485767066984)
(0, 0, 1, 246, 0.26415927221099306)
(0, 0, 1, 247, 0.309203478917823)
(0, 0, 1, 248, 0.26913557415360617)
(0, 0, 1, 249, 0.27253906136903233)
(0, 1, 0, 0, 0.689827732008472)
(0, 1, 0, 1, 0.7452069510290813)
(0, 1, 0, 2, 0.4557603840384017)
(0, 1, 0, 3, 0.9356445276921366)
(0, 1, 0, 4, 0.4534933563240762)
(0, 1, 0, 5, 0.4757694439527089)
(0, 1, 0, 6, 0.6115753835030852)
(0, 1, 0, 7, 0.4905854832991266)
(0, 1, 0, 8, 0.6201501486274283)
(0, 1, 0, 9, 0.8190678806820245)
(0, 1, 0, 10, 0.43328210333509354)
(0, 1, 0, 11, 0.5471659407852649)
(0, 1, 0, 12, 0.5086324925629604)
(0, 1, 0, 13, 0.5192893222635305)
(0, 1, 0, 14, 0.4604527663617144)
(0, 1, 0, 15, 0.5607906072382931)
(0, 1, 0, 16, 0.517526676725168)
(0, 1, 0, 17, 0.5798258568023472)
(0, 1, 0, 18, 0.5484239626038777)
(0, 1, 0, 19, 0.45319365378709364)
(0, 1, 0, 20, 0.45078033587505273)
(0, 1, 0, 21, 0.6371394787822976)
(0, 1, 0, 22, 0.48363086245029013)
(0, 1, 0, 23, 0.4637800780968969)
(0, 1, 0, 24, 0.4926436428885159)
(0, 1, 0, 25, 0.6107527056211508)
(0, 1, 0, 26, 0.6016902861587147)
(0, 1, 0, 27, 0.5385911149627136)
(0, 1, 0, 28, 0.45982753335775134)
(0, 1, 0, 29, 0.5451894445690232)
(0, 1, 0, 30, 0.4414263575737504)
(0, 1, 0, 31, 0.8545486103915706)
(0, 1, 0, 32, 0.6303435155776159)
(0, 1, 0, 33, 0.5625792892255959)
(0, 1, 0, 34, 0.4459289536329124)
(0, 1, 0, 35, 0.45717478295365566)
(0, 1, 0, 36, 0.48601626392060027)
(0, 1, 0, 37, 0.45453282850018706)
(0, 1, 0, 38, 0.4696093666390467)
(0, 1, 0, 39, 0.442285562411108)
(0, 1, 0, 40, 0.5950486647449759)
(0, 1, 0, 41, 0.46189546783510166)
(0, 1, 0, 42, 0.42858493670733294)
(0, 1, 0, 43, 0.7519579641927274)
(0, 1, 0, 44, 0.49466612561168394)
(0, 1, 0, 45, 0.579784495720478)
(0, 1, 0, 46, 0.5739933169867851)
(0, 1, 0, 47, 0.6482909563772938)
(0, 1, 0, 48, 0.6465689771662186)
(0, 1, 0, 49, 0.5484299177422416)
(0, 1, 0, 50, 0.8545060376328493)
(0, 1, 0, 51, 0.7046330619864918)
(0, 1, 0, 52, 0.47812295491058066)
(0, 1, 0, 53, 0.76169705315545)
(0, 1, 0, 54, 0.44255861878593505)
(0, 1, 0, 55, 0.4675103393044811)
(0, 1, 0, 56, 0.5246875879274673)
(0, 1, 0, 57, 0.49021634655531526)
(0, 1, 0, 58, 0.47833260659279786)
(0, 1, 0, 59, 0.5185829635305612)
(0, 1, 0, 60, 0.6391321603047959)
(0, 1, 0, 61, 0.7915848606689643)
(0, 1, 0, 62, 0.4559234631378915)
(0, 1, 0, 63, 0.4035563506020694)
(0, 1, 0, 64, 0.4578980298396002)
(0, 1, 0, 65, 0.6945890426154722)
(0, 1, 0, 66, 0.5515156820811854)
(0, 1, 0, 67, 0.4173088627610014)
(0, 1, 0, 68, 0.548246103955179)
(0, 1, 0, 69, 0.5927896331054132)
(0, 1, 0, 70, 0.4610596018901575)
(0, 1, 0, 71, 0.6647371774529005)
(0, 1, 0, 72, 0.4582164300927216)
(0, 1, 0, 73, 0.5424364525775326)
(0, 1, 0, 74, 0.4619022330545862)
(0, 1, 0, 75, 0.6073291343682634)
(0, 1, 0, 76, 0.5146399406622982)
(0, 1, 0, 77, 0.5144542083109122)
(0, 1, 0, 78, 0.5854964611068764)
(0, 1, 0, 79, 0.5402772638046366)
(0, 1, 0, 80, 0.5786023470560497)
(0, 1, 0, 81, 0.4007378178137246)
(0, 1, 0, 82, 0.6582179310286361)
(0, 1, 0, 83, 0.39871496030228537)
(0, 1, 0, 84, 0.44524839166936603)
(0, 1, 0, 85, 0.658497537092217)
(0, 1, 0, 86, 0.4071641906901412)
(0, 1, 0, 87, 0.4179163855840238)
(0, 1, 0, 88, 0.505615736796741)
(0, 1, 0, 89, 0.5654812187295921)
(0, 1, 0, 90, 0.42756249601790725)
(0, 1, 0, 91, 0.43691579501714795)
(0, 1, 0, 92, 0.4164566454765356)
(0, 1, 0, 93, 0.5242257681891861)
(0, 1, 0, 94, 0.5909759750945931)
(0, 1, 0, 95, 0.5395497098002952)
(0, 1, 0, 96, 0.4364518558902393)
(0, 1, 0, 97, 0.9203635818212118)
(0, 1, 0, 98, 0.514533256000896)
(0, 1, 0, 99, 0.4721621352750823)
(0, 1, 0, 100, 0.4834396733498231)
(0, 1, 0, 101, 0.593895897180797)
(0, 1, 0, 102, 0.42129987098866944)
(0, 1, 0, 103, 0.46882877404891216)
(0, 1, 0, 104, 0.45859793940059357)
(0, 1, 0, 105, 0.5531857631052289)
(0, 1, 0, 106, 0.4401036759507286)
(0, 1, 0, 107, 0.4148601772698463)
(0, 1, 0, 108, 0.9818803865272845)
(0, 1, 0, 109, 0.5069646444941616)
(0, 1, 0, 110, 0.4688928124630726)
(0, 1, 0, 111, 0.6987491885032879)
(0, 1, 0, 112, 0.4450690881328538)
(0, 1, 0, 113, 0.41932792738181957)
(0, 1, 0, 114, 0.8337451264958207)
(0, 1, 0, 115, 0.551804222380898)
(0, 1, 0, 116, 0.4645410012300656)
(0, 1, 0, 117, 0.42042106117949635)
(0, 1, 0, 118, 0.9946880761174289)
(0, 1, 0, 119, 0.5484854930010984)
(0, 1, 0, 120, 0.5408157366734335)
(0, 1, 0, 121, 0.5116447626220566)
(0, 1, 0, 122, 0.5719035229865438)
(0, 1, 0, 123, 0.454979510112352)
(0, 1, 0, 124, 0.4629572299125761)
(0, 1, 0, 125, 0.47218392396155656)
(0, 1, 0, 126, 0.558936647841883)
(0, 1, 0, 127, 0.46722156620128413)
(0, 1, 0, 128, 0.44631812941277693)
(0, 1, 0, 129, 0.5076335193111674)
(0, 1, 0, 130, 0.42410971395162383)
(0, 1, 0, 131, 0.5284683013977942)
(0, 1, 0, 132, 0.4365159228998044)
(0, 1, 0, 133, 0.6103527718691435)
(0, 1, 0, 134, 0.8564069820113087)
(0, 1, 0, 135, 0.40571332253310677)
(0, 1, 0, 136, 0.7757670925742879)
(0, 1, 0, 137, 0.5747587836515391)
(0, 1, 0, 138, 0.47217034414081166)
(0, 1, 0, 139, 0.5139555040651196)
(0, 1, 0, 140, 0.5493508627442171)
(0, 1, 0, 141, 0.4166908818830545)
(0, 1, 0, 142, 0.520627876977278)
(0, 1, 0, 143, 0.8027324678120624)
(0, 1, 0, 144, 0.7959060712445137)
(0, 1, 0, 145, 0.45203556275949447)
(0, 1, 0, 146, 0.5823755179262429)
(0, 1, 0, 147, 0.4231942408878776)
(0, 1, 0, 148, 0.3979762991385245)
(0, 1, 0, 149, 0.4424488692650912)
(0, 1, 0, 150, 0.3852612511831471)
(0, 1, 0, 151, 0.4486017682771731)
(0, 1, 0, 152, 0.520224477838743)
(0, 1, 0, 153, 0.458378220901985)
(0, 1, 0, 154, 0.4693908329746309)
(0, 1, 0, 155, 0.49153214429824704)
(0, 1, 0, 156, 0.5513470485526124)
(0, 1, 0, 157, 0.3906660240012601)
(0, 1, 0, 158, 0.5303329351554081)
(0, 1, 0, 159, 0.5569279643447843)
(0, 1, 0, 160, 0.4461063728902836)
(0, 1, 0, 161, 0.42020522771920643)
(0, 1, 0, 162, 0.5110209534921345)
(0, 1, 0, 163, 0.5069646204290482)
(0, 1, 0, 164, 0.409686404334372)
(0, 1, 0, 165, 0.6433676495674087)
(0, 1, 0, 166, 0.384412080823349)
(0, 1, 0, 167, 0.6366037805565271)
(0, 1, 0, 168, 0.6075538496075937)
(0, 1, 0, 169, 0.4232496301985959)
(0, 1, 0, 170, 0.5600305282839162)
(0, 1, 0, 171, 0.46851218625520746)
(0, 1, 0, 172, 0.4429399891467991)
(0, 1, 0, 173, 0.45475509810154735)
(0, 1, 0, 174, 0.547942700709777)
(0, 1, 0, 175, 0.6821396313827418)
(0, 1, 0, 176, 0.3786996914562028)
(0, 1, 0, 177, 0.7242421688496028)
(0, 1, 0, 178, 0.5241473145695041)
(0, 1, 0, 179, 0.47633678666747553)
(0, 1, 0, 180, 0.5239185832096833)
(0, 1, 0, 181, 0.5763021998880671)
(0, 1, 0, 182, 0.37328496925980464)
(0, 1, 0, 183, 0.4589533676057795)
(0, 1, 0, 184, 0.46578765143691536)
(0, 1, 0, 185, 0.6881753558534821)
(0, 1, 0, 186, 0.47868020779302617)
(0, 1, 0, 187, 0.440949975480244)
(0, 1, 0, 188, 0.44102781691730314)
(0, 1, 0, 189, 0.6084210835385057)
(0, 1, 0, 190, 0.5620832274600707)
(0, 1, 0, 191, 0.5069815470805917)
(0, 1, 0, 192, 0.5405594014998901)
(0, 1, 0, 193, 0.39419160115911045)
(0, 1, 0, 194, 0.8583039487214726)
(0, 1, 0, 195, 0.7031716691180802)
(0, 1, 0, 196, 0.987451947624269)
(0, 1, 0, 197, 0.6302904834076478)
(0, 1, 0, 198, 0.8521006688940076)
(0, 1, 0, 199, 0.8751029578480211)
(0, 1, 0, 200, 0.5101523878533883)
(0, 1, 0, 201, 0.7964737274966966)
(0, 1, 0, 202, 0.626709106458491)
(0, 1, 0, 203, 0.5119833775762678)
(0, 1, 0, 204, 0.5001768401900736)
(0, 1, 0, 205, 0.4872066999226974)
(0, 1, 0, 206, 0.49270746028294427)
(0, 1, 0, 207, 0.49989579624994607)
(0, 1, 0, 208, 0.47297038433418653)
(0, 1, 0, 209, 0.4613014547352368)
(0, 1, 0, 210, 0.44834969516626816)
(0, 1, 0, 211, 0.7674561296952993)
(0, 1, 0, 212, 0.5070211418968705)
(0, 1, 0, 213, 0.5065656437176089)
(0, 1, 0, 214, 0.49922565554809145)
(0, 1, 0, 215, 0.539109060177838)
(0, 1, 0, 216, 0.49850899723736714)
(0, 1, 0, 217, 0.43954701744152525)
(0, 1, 0, 218, 0.42507508048233456)
(0, 1, 0, 219, 0.45296941890773507)
(0, 1, 0, 220, 0.8180407151041532)
(0, 1, 0, 221, 0.6329163670052161)
(0, 1, 0, 222, 0.7106370951705091)
(0, 1, 0, 223, 0.4104514363924296)
(0, 1, 0, 224, 0.45149898953832146)
(0, 1, 0, 225, 0.4414294787491774)
(0, 1, 0, 226, 0.6334751147290709)
(0, 1, 0, 227, 0.4836046849364749)
(0, 1, 0, 228, 0.4040478734400497)
(0, 1, 0, 229, 0.653917415228329)
(0, 1, 0, 230, 0.5047696404650497)
(0, 1, 0, 231, 0.4914593215597292)
(0, 1, 0, 232, 0.4414361742400691)
(0, 1, 0, 233, 0.7539559553297989)
(0, 1, 0, 234, 0.5905943502543567)
(0, 1, 0, 235, 0.4626225980013159)
(0, 1, 0, 236, 0.4819052089608084)
(0, 1, 0, 237, 0.4642244504282451)
(0, 1, 0, 238, 0.38530760849810763)
(0, 1, 0, 239, 0.5497545690660922)
(0, 1, 0, 240, 0.47216074095679006)
(0, 1, 0, 241, 0.47313058903180477)
(0, 1, 0, 242, 0.48039725932363364)
(0, 1, 0, 243, 0.5171950278220366)
(0, 1, 0, 244, 0.4874992808326639)
(0, 1, 0, 245, 0.44402641631567974)
(0, 1, 0, 246, 0.4916795209577437)
(0, 1, 0, 247, 0.8042360528454894)
(0, 1, 0, 248, 0.39804593538571303)
(0, 1, 0, 249, 0.8829716078508909)
(0, 1, 1, 0, 0.560181293728345)
(0, 1, 1, 1, 0.6038320308037517)
(0, 1, 1, 2, 0.5501133016758065)
(0, 1, 1, 3, 0.6232562913734374)
(0, 1, 1, 4, 0.5923884156189299)
(0, 1, 1, 5, 0.5899407878679825)
(0, 1, 1, 6, 0.5624000634006701)
(0, 1, 1, 7, 0.5529854767222295)
(0, 1, 1, 8, 0.5721403035978223)
(0, 1, 1, 9, 0.6001260164391057)
(0, 1, 1, 10, 0.5963082379664876)
(0, 1, 1, 11, 0.5985593850920216)
(0, 1, 1, 12, 0.6012086622853394)
(0, 1, 1, 13, 0.5757745401534515)
(0, 1, 1, 14, 0.5660364446234064)
(0, 1, 1, 15, 0.5889511797062141)
(0, 1, 1, 16, 0.5890082163934062)
(0, 1, 1, 17, 0.5915635363315158)
(0, 1, 1, 18, 0.5787291573490226)
(0, 1, 1, 19, 0.5703406158239932)
(0, 1, 1, 20, 0.5697925379999721)
(0, 1, 1, 21, 0.5698037111026435)
(0, 1, 1, 22, 0.5754843763768196)
(0, 1, 1, 23, 0.5590684389009265)
(0, 1, 1, 24, 0.5781312562507679)
(0, 1, 1, 25, 0.557113647148193)
(0, 1, 1, 26, 0.6092764780120768)
(0, 1, 1, 27, 0.5512713637901732)
(0, 1, 1, 28, 0.589648552539416)
(0, 1, 1, 29, 0.6092430895553445)
(0, 1, 1, 30, 0.5716760104814379)
(0, 1, 1, 31, 0.5934397492772804)
(0, 1, 1, 32, 0.539713440686971)
(0, 1, 1, 33, 0.6088078190205539)
(0, 1, 1, 34, 0.5957047541956492)
(0, 1, 1, 35, 0.5715334873564022)
(0, 1, 1, 36, 0.5798149637922071)
(0, 1, 1, 37, 0.5720921623238989)
(0, 1, 1, 38, 0.5452518297064213)
(0, 1, 1, 39, 0.5902904801133476)
(0, 1, 1, 40, 0.6042480260388161)
(0, 1, 1, 41, 0.5884626722708532)
(0, 1, 1, 42, 0.5929041908890357)
(0, 1, 1, 43, 0.5903418729479135)
(0, 1, 1, 44, 0.564953687696364)
(0, 1, 1, 45, 0.585422292667321)
(0, 1, 1, 46, 0.5994759296695167)
(0, 1, 1, 47, 0.5913621810548624)
(0, 1, 1, 48, 0.6140648954830249)
(0, 1, 1, 49, 0.5662673017726936)
(0, 1, 1, 50, 0.5761719371630302)
(0, 1, 1, 51, 0.5899778883416213)
(0, 1, 1, 52, 0.5818531257896679)
(0, 1, 1, 53, 0.6088043135229033)
(0, 1, 1, 54, 0.5491402324888187)
(0, 1, 1, 55, 0.6073242267584467)
(0, 1, 1, 56, 0.581473628156437)
(0, 1, 1, 57, 0.5955910807188247)
(0, 1, 1, 58, 0.6153511386904066)
(0, 1, 1, 59, 0.5593472201226508)
(0, 1, 1, 60, 0.6028933440054189)
(0, 1, 1, 61, 0.586497894101229)
(0, 1, 1, 62, 0.5849987723850534)
(0, 1, 1, 63, 0.585656071340551)
(0, 1, 1, 64, 0.6135839491651646)
(0, 1, 1, 65, 0.5941314312082525)
(0, 1, 1, 66, 0.6067198522647334)
(0, 1, 1, 67, 0.5515071361968115)
(0, 1, 1, 68, 0.5849467124357604)
(0, 1, 1, 69, 0.592101919300049)
(0, 1, 1, 70, 0.5774229727970209)
(0, 1, 1, 71, 0.595926586787319)
(0, 1, 1, 72, 0.5853477121785243)
(0, 1, 1, 73, 0.6055596248714294)
(0, 1, 1, 74, 0.5850525471883626)
(0, 1, 1, 75, 0.5757957874091758)
(0, 1, 1, 76, 0.6228986101867984)
(0, 1, 1, 77, 0.5970106867317926)
(0, 1, 1, 78, 0.5754480552533372)
(0, 1, 1, 79, 0.5626082002277351)
(0, 1, 1, 80, 0.5957304118196372)
(0, 1, 1, 81, 0.5623916923986875)
(0, 1, 1, 82, 0.5974737942440637)
(0, 1, 1, 83, 0.5963718407847866)
(0, 1, 1, 84, 0.5993631710094479)
(0, 1, 1, 85, 0.6169251763993668)
(0, 1, 1, 86, 0.5778826198466283)
(0, 1, 1, 87, 0.5633803399597559)
(0, 1, 1, 88, 0.5677556402557642)
(0, 1, 1, 89, 0.6259841100447487)
(0, 1, 1, 90, 0.5848218788040567)
(0, 1, 1, 91, 0.6035423730268666)
(0, 1, 1, 92, 0.594972815853516)
(0, 1, 1, 93, 0.6068382194681324)
(0, 1, 1, 94, 0.5497412852869712)
(0, 1, 1, 95, 0.5825956789535485)
(0, 1, 1, 96, 0.6026852684840281)
(0, 1, 1, 97, 0.6118837723386172)
(0, 1, 1, 98, 0.5988121951205667)
(0, 1, 1, 99, 0.5866557677968477)
(0, 1, 1, 100, 0.5884045691897261)
(0, 1, 1, 101, 0.5588409277630666)
(0, 1, 1, 102, 0.5753535297509221)
(0, 1, 1, 103, 0.5632235169707802)
(0, 1, 1, 104, 0.6046666166160908)
(0, 1, 1, 105, 0.6317872904919114)
(0, 1, 1, 106, 0.560792993254909)
(0, 1, 1, 107, 0.5590727685650912)
(0, 1, 1, 108, 0.6059035222918336)
(0, 1, 1, 109, 0.5908998024989998)
(0, 1, 1, 110, 0.5944977708728598)
(0, 1, 1, 111, 0.5915500367510359)
(0, 1, 1, 112, 0.5635928631861081)
(0, 1, 1, 113, 0.5655134666349917)
(0, 1, 1, 114, 0.5745214500890852)
(0, 1, 1, 115, 0.5964203417303435)
(0, 1, 1, 116, 0.6053361513480592)
(0, 1, 1, 117, 0.6004806593783314)
(0, 1, 1, 118, 0.6018335580565304)
(0, 1, 1, 119, 0.5592695382971365)
(0, 1, 1, 120, 0.5906171373373839)
(0, 1, 1, 121, 0.5897312367835467)
(0, 1, 1, 122, 0.6314070366496387)
(0, 1, 1, 123, 0.5800768489750578)
(0, 1, 1, 124, 0.5577320252643728)
(0, 1, 1, 125, 0.575155827489617)
(0, 1, 1, 126, 0.570195460419214)
(0, 1, 1, 127, 0.608782138780932)
(0, 1, 1, 128, 0.5742327358635878)
(0, 1, 1, 129, 0.5705464178334769)
(0, 1, 1, 130, 0.6000020915354289)
(0, 1, 1, 131, 0.5810212456517084)
(0, 1, 1, 132, 0.5805858641574572)
(0, 1, 1, 133, 0.6009580905662207)
(0, 1, 1, 134, 0.5704326619208776)
(0, 1, 1, 135, 0.5559761960924826)
(0, 1, 1, 136, 0.5798073217686575)
(0, 1, 1, 137, 0.5746806271385335)
(0, 1, 1, 138, 0.5989243485932039)
(0, 1, 1, 139, 0.5568489628924218)
(0, 1, 1, 140, 0.5598612473249659)
(0, 1, 1, 141, 0.5783641613603745)
(0, 1, 1, 142, 0.5979250170367841)
(0, 1, 1, 143, 0.5803087565937622)
(0, 1, 1, 144, 0.5979777808951144)
(0, 1, 1, 145, 0.5807669595561553)
(0, 1, 1, 146, 0.590782889769753)
(0, 1, 1, 147, 0.5715205359911398)
(0, 1, 1, 148, 0.575443675512004)
(0, 1, 1, 149, 0.6045637622078275)
(0, 1, 1, 150, 0.5591657332059989)
(0, 1, 1, 151, 0.5662073736458626)
(0, 1, 1, 152, 0.5731385262321512)
(0, 1, 1, 153, 0.5895104516360353)
(0, 1, 1, 154, 0.5595379100082827)
(0, 1, 1, 155, 0.5831784259042946)
(0, 1, 1, 156, 0.5730374398881414)
(0, 1, 1, 157, 0.5914072293957079)
(0, 1, 1, 158, 0.5986496656254642)
(0, 1, 1, 159, 0.5772197928636499)
(0, 1, 1, 160, 0.6073581097168146)
(0, 1, 1, 161, 0.5708697229442157)
(0, 1, 1, 162, 0.5610911269209552)
(0, 1, 1, 163, 0.5956313212807604)
(0, 1, 1, 164, 0.5919342141059898)
(0, 1, 1, 165, 0.611596043911294)
(0, 1, 1, 166, 0.5730262143349492)
(0, 1, 1, 167, 0.576141901066211)
(0, 1, 1, 168, 0.5886682673942321)
(0, 1, 1, 169, 0.5673324861342457)
(0, 1, 1, 170, 0.5579828992644077)
(0, 1, 1, 171, 0.6170956215106534)
(0, 1, 1, 172, 0.5531367772734475)
(0, 1, 1, 173, 0.5598294807801265)
(0, 1, 1, 174, 0.5591396011872618)
(0, 1, 1, 175, 0.5650428690552672)
(0, 1, 1, 176, 0.5894919591573058)
(0, 1, 1, 177, 0.5807441998702265)
(0, 1, 1, 178, 0.5652317396815147)
(0, 1, 1, 179, 0.5775280407608945)
(0, 1, 1, 180, 0.567870075796361)
(0, 1, 1, 181, 0.5517883200528434)
(0, 1, 1, 182, 0.6207808902026583)
(0, 1, 1, 183, 0.6231130101364916)
(0, 1, 1, 184, 0.6087910293619649)
(0, 1, 1, 185, 0.5854064526294203)
(0, 1, 1, 186, 0.6126760109442391)
(0, 1, 1, 187, 0.5661970818322308)
(0, 1, 1, 188, 0.5780901986859954)
(0, 1, 1, 189, 0.6064797293128851)
(0, 1, 1, 190, 0.6183967741240591)
(0, 1, 1, 191, 0.6188096786200795)
(0, 1, 1, 192, 0.5897996211701616)
(0, 1, 1, 193, 0.6091021888800985)
(0, 1, 1, 194, 0.5937402255019627)
(0, 1, 1, 195, 0.57036181134774)
(0, 1, 1, 196, 0.5659403030832346)
(0, 1, 1, 197, 0.5915521942466219)
(0, 1, 1, 198, 0.6004489813537652)
(0, 1, 1, 199, 0.6177662949036749)
(0, 1, 1, 200, 0.6033436173504063)
(0, 1, 1, 201, 0.5772904506864731)
(0, 1, 1, 202, 0.5660744071517048)
(0, 1, 1, 203, 0.5825706495459695)
(0, 1, 1, 204, 0.5624290513849499)
(0, 1, 1, 205, 0.5667588861069783)
(0, 1, 1, 206, 0.5880206485033153)
(0, 1, 1, 207, 0.5903628336213603)
(0, 1, 1, 208, 0.6015983687433151)
(0, 1, 1, 209, 0.5810661151736725)
(0, 1, 1, 210, 0.5500066802216483)
(0, 1, 1, 211, 0.5671476736599284)
(0, 1, 1, 212, 0.6119703094983353)
(0, 1, 1, 213, 0.5795823139313964)
(0, 1, 1, 214, 0.589407696339528)
(0, 1, 1, 215, 0.5772737440526714)
(0, 1, 1, 216, 0.596275201686054)
(0, 1, 1, 217, 0.59873277438007)
(0, 1, 1, 218, 0.5694675303386793)
(0, 1, 1, 219, 0.6134081120101579)
(0, 1, 1, 220, 0.5532921035669955)
(0, 1, 1, 221, 0.5605793658675705)
(0, 1, 1, 222, 0.5618196289318583)
(0, 1, 1, 223, 0.6056934479010276)
(0, 1, 1, 224, 0.5770028818940983)
(0, 1, 1, 225, 0.5906682697645057)
(0, 1, 1, 226, 0.5963332967697211)
(0, 1, 1, 227, 0.591334510419128)
(0, 1, 1, 228, 0.5667733929614747)
(0, 1, 1, 229, 0.5973314914968436)
(0, 1, 1, 230, 0.6312331841896586)
(0, 1, 1, 231, 0.5737746324111743)
(0, 1, 1, 232, 0.5691696271880318)
(0, 1, 1, 233, 0.5678909471034718)
(0, 1, 1, 234, 0.6025110297401014)
(0, 1, 1, 235, 0.591623099173655)
(0, 1, 1, 236, 0.6142213826704837)
(0, 1, 1, 237, 0.5832627984788569)
(0, 1, 1, 238, 0.5574396532954167)
(0, 1, 1, 239, 0.6327317971606073)
(0, 1, 1, 240, 0.5786334287687841)
(0, 1, 1, 241, 0.6078623286926649)
(0, 1, 1, 242, 0.5912541230122352)
(0, 1, 1, 243, 0.5650436306863671)
(0, 1, 1, 244, 0.5910538864391875)
(0, 1, 1, 245, 0.6050515669955608)
(0, 1, 1, 246, 0.5619719336171959)
(0, 1, 1, 247, 0.6066564937590208)
(0, 1, 1, 248, 0.5910152349258696)
(0, 1, 1, 249, 0.5696457026772036)
(0, 2, 0, 0, 0.9332893150670644)
(0, 2, 0, 1, 0.9059198275729059)
(0, 2, 0, 2, 0.6886427384916426)
(0, 2, 0, 3, 1.023712268863122)
(0, 2, 0, 4, 0.812279146193903)
(0, 2, 0, 5, 0.7824970678693896)
(0, 2, 0, 6, 0.8071534940444981)
(0, 2, 0, 7, 0.7203625048224663)
(0, 2, 0, 8, 0.7789998411348611)
(0, 2, 0, 9, 0.9958283880757682)
(0, 2, 0, 10, 0.7017953978257938)
(0, 2, 0, 11, 0.6684694907980546)
(0, 2, 0, 12, 0.6831236512792108)
(0, 2, 0, 13, 1.0306664363561626)
(0, 2, 0, 14, 0.7881415480074774)
(0, 2, 0, 15, 0.7315333993626154)
(0, 2, 0, 16, 0.730993882489205)
(0, 2, 0, 17, 0.811851634208826)
(0, 2, 0, 18, 0.7509007977324205)
(0, 2, 0, 19, 0.6688251358463889)
(0, 2, 0, 20, 0.742538769109599)
(0, 2, 0, 21, 1.0480165654997198)
(0, 2, 0, 22, 0.6780203867505078)
(0, 2, 0, 23, 0.8354715234241434)
(0, 2, 0, 24, 0.7153330821595802)
(0, 2, 0, 25, 0.8180424954441579)
(0, 2, 0, 26, 0.7418200911858337)
(0, 2, 0, 27, 0.7702082916565307)
(0, 2, 0, 28, 0.7770259363474403)
(0, 2, 0, 29, 0.8098947356951381)
(0, 2, 0, 30, 0.6864693211172173)
(0, 2, 0, 31, 1.0109030813531694)
(0, 2, 0, 32, 0.7645982100534261)
(0, 2, 0, 33, 0.7218778382142851)
(0, 2, 0, 34, 0.7730144306387201)
(0, 2, 0, 35, 0.6271719765309511)
(0, 2, 0, 36, 0.7138213128043819)
(0, 2, 0, 37, 0.6793517574243508)
(0, 2, 0, 38, 0.6652468665482331)
(0, 2, 0, 39, 0.6561350122024769)
(0, 2, 0, 40, 0.9615855410437902)
(0, 2, 0, 41, 0.7736904232462877)
(0, 2, 0, 42, 0.6578207649765613)
(0, 2, 0, 43, 0.9198856087106609)
(0, 2, 0, 44, 0.6816451913158847)
(0, 2, 0, 45, 0.6575915914979754)
(0, 2, 0, 46, 0.7752494050571686)
(0, 2, 0, 47, 0.8075128308686658)
(0, 2, 0, 48, 0.8190636539593672)
(0, 2, 0, 49, 0.6531695191419883)
(0, 2, 0, 50, 1.0415076015043014)
(0, 2, 0, 51, 0.80182604349392)
(0, 2, 0, 52, 0.7356496042948673)
(0, 2, 0, 53, 0.9174120429427307)
(0, 2, 0, 54, 0.7021945905416492)
(0, 2, 0, 55, 0.8287888460063735)
(0, 2, 0, 56, 0.7087215384466788)
(0, 2, 0, 57, 0.6200289550214502)
(0, 2, 0, 58, 0.7718039367695892)
(0, 2, 0, 59, 1.0993734878156154)
(0, 2, 0, 60, 0.7750862943668196)
(0, 2, 0, 61, 0.9230339399503444)
(0, 2, 0, 62, 0.6729321238822831)
(0, 2, 0, 63, 0.705702894367002)
(0, 2, 0, 64, 0.7422529165035099)
(0, 2, 0, 65, 0.839909014870679)
(0, 2, 0, 66, 0.7340369124432001)
(0, 2, 0, 67, 0.6631492760707527)
(0, 2, 0, 68, 0.7307130474495024)
(0, 2, 0, 69, 1.1250775694106374)
(0, 2, 0, 70, 0.6369792807805189)
(0, 2, 0, 71, 0.7785308092932446)
(0, 2, 0, 72, 0.7592202103326282)
(0, 2, 0, 73, 0.7952943119708492)
(0, 2, 0, 74, 0.7423568141309764)
(0, 2, 0, 75, 0.7627978718705679)
(0, 2, 0, 76, 0.7958501259389859)
(0, 2, 0, 77, 0.7362543431682538)
(0, 2, 0, 78, 0.7064390288668808)
(0, 2, 0, 79, 0.7139341340519894)
(0, 2, 0, 80, 0.7456391349077186)
(0, 2, 0, 81, 0.7936364155792565)
(0, 2, 0, 82, 1.12242635875104)
(0, 2, 0, 83, 0.6876057642798689)
(0, 2, 0, 84, 0.6670746180484459)
(0, 2, 0, 85, 0.8038649218767172)
(0, 2, 0, 86, 0.6827081069592184)
(0, 2, 0, 87, 0.7267809648950024)
(0, 2, 0, 88, 0.6691470686842029)
(0, 2, 0, 89, 0.7820279150971498)
(0, 2, 0, 90, 0.8306431081274819)
(0, 2, 0, 91, 0.7957757661392365)
(0, 2, 0, 92, 0.7168690754665027)
(0, 2, 0, 93, 0.9883463948585568)
(0, 2, 0, 94, 0.6453329550943273)
(0, 2, 0, 95, 0.7331492212046212)
(0, 2, 0, 96, 0.7396566476397912)
(0, 2, 0, 97, 1.0654885256594158)
(0, 2, 0, 98, 0.7457532179671977)
(0, 2, 0, 99, 0.7694398806917726)
(0, 2, 0, 100, 0.6808114023060984)
(0, 2, 0, 101, 0.8305670108553732)
(0, 2, 0, 102, 0.6444001560727537)
(0, 2, 0, 103, 0.767289004424076)
(0, 2, 0, 104, 0.6766626955064854)
(0, 2, 0, 105, 0.6551539273629988)
(0, 2, 0, 106, 0.754875724900244)
(0, 2, 0, 107, 0.7190304586386358)
(0, 2, 0, 108, 1.129075919626546)
(0, 2, 0, 109, 0.7493513586869669)
(0, 2, 0, 110, 0.7574532610442563)
(0, 2, 0, 111, 0.8616574779140241)
(0, 2, 0, 112, 0.6760269644712593)
(0, 2, 0, 113, 0.6474452877688757)
(0, 2, 0, 114, 0.9798953135837692)
(0, 2, 0, 115, 0.6694612645949708)
(0, 2, 0, 116, 0.6746712676852544)
(0, 2, 0, 117, 0.6035866546828801)
(0, 2, 0, 118, 1.1275411921806604)
(0, 2, 0, 119, 0.6900297180929058)
(0, 2, 0, 120, 1.1400919878066376)
(0, 2, 0, 121, 0.7435611528480973)
(0, 2, 0, 122, 0.7357947127187919)
(0, 2, 0, 123, 0.7488017843102119)
(0, 2, 0, 124, 0.6719540830529039)
(0, 2, 0, 125, 0.7235110778824585)
(0, 2, 0, 126, 0.7600049860014564)
(0, 2, 0, 127, 0.7455047068992436)
(0, 2, 0, 128, 0.715040138587799)
(0, 2, 0, 129, 0.6961314437713496)
(0, 2, 0, 130, 0.8490503057377249)
(0, 2, 0, 131, 0.7325476603028241)
(0, 2, 0, 132, 0.8147661200737993)
(0, 2, 0, 133, 0.9044719256138449)
(0, 2, 0, 134, 0.9732376184421593)
(0, 2, 0, 135, 0.6646360112087296)
(0, 2, 0, 136, 0.9244241839091188)
(0, 2, 0, 137, 0.7069538667729314)
(0, 2, 0, 138, 0.7627469290412424)
(0, 2, 0, 139, 0.6860161880840125)
(0, 2, 0, 140, 0.7287142419930052)
(0, 2, 0, 141, 0.6471143229252397)
(0, 2, 0, 142, 0.7377732645832138)
(0, 2, 0, 143, 1.056946234993409)
(0, 2, 0, 144, 0.8821445232041665)
(0, 2, 0, 145, 0.7909189042949119)
(0, 2, 0, 146, 0.7678853930983248)
(0, 2, 0, 147, 0.7153438364188622)
(0, 2, 0, 148, 0.7395703178414302)
(0, 2, 0, 149, 0.7766322287958459)
(0, 2, 0, 150, 0.6683482677856123)
(0, 2, 0, 151, 0.7253895138224411)
(0, 2, 0, 152, 0.8684874721706325)
(0, 2, 0, 153, 0.7582982336982922)
(0, 2, 0, 154, 0.6545443953765907)
(0, 2, 0, 155, 0.6717353912952643)
(0, 2, 0, 156, 0.7591579119807288)
(0, 2, 0, 157, 0.7703832657523343)
(0, 2, 0, 158, 0.6958612351946816)
(0, 2, 0, 159, 0.8270765948593017)
(0, 2, 0, 160, 0.5933658370282643)
(0, 2, 0, 161, 0.6856633787105579)
(0, 2, 0, 162, 0.7690310682835172)
(0, 2, 0, 163, 0.691144030956628)
(0, 2, 0, 164, 0.7330175676780307)
(0, 2, 0, 165, 0.7793124472752866)
(0, 2, 0, 166, 0.6695378454908228)
(0, 2, 0, 167, 1.1288480569541661)
(0, 2, 0, 168, 0.7589199206330424)
(0, 2, 0, 169, 0.7882576735693704)
(0, 2, 0, 170, 1.0605181194353448)
(0, 2, 0, 171, 0.6939484993094207)
(0, 2, 0, 172, 0.6996063130564147)
(0, 2, 0, 173, 0.6805785101762004)
(0, 2, 0, 174, 0.7447622597903689)
(0, 2, 0, 175, 0.8934790719090634)
(0, 2, 0, 176, 0.7120899151031266)
(0, 2, 0, 177, 0.9097781565101646)
(0, 2, 0, 178, 0.6921331006063246)
(0, 2, 0, 179, 0.7950320571011851)
(0, 2, 0, 180, 0.7365516310823806)
(0, 2, 0, 181, 0.8148312876305299)
(0, 2, 0, 182, 0.6883539342133667)
(0, 2, 0, 183, 0.6479331364272847)
(0, 2, 0, 184, 0.6510191714361715)
(0, 2, 0, 185, 0.8241264401893961)
(0, 2, 0, 186, 0.6883204953758469)
(0, 2, 0, 187, 0.6222065386346785)
(0, 2, 0, 188, 0.6243698248191214)
(0, 2, 0, 189, 0.8083208009505536)
(0, 2, 0, 190, 0.7599914911853528)
(0, 2, 0, 191, 0.8546638319503934)
(0, 2, 0, 192, 0.7684123402261401)
(0, 2, 0, 193, 0.682099511189722)
(0, 2, 0, 194, 0.9972364069909943)
(0, 2, 0, 195, 1.1359001636157575)
(0, 2, 0, 196, 1.1413072587201203)
(0, 2, 0, 197, 0.6675954376830369)
(0, 2, 0, 198, 0.9346900864359665)
(0, 2, 0, 199, 1.0767948708302295)
(0, 2, 0, 200, 0.802601768573312)
(0, 2, 0, 201, 0.897103863302695)
(0, 2, 0, 202, 0.7508278347207152)
(0, 2, 0, 203, 0.692687078517042)
(0, 2, 0, 204, 0.6907931906910831)
(0, 2, 0, 205, 0.781408854110505)
(0, 2, 0, 206, 0.6478134568417653)
(0, 2, 0, 207, 0.7016028804400055)
(0, 2, 0, 208, 0.7335067300871321)
(0, 2, 0, 209, 0.8085637134064515)
(0, 2, 0, 210, 0.7332809643795482)
(0, 2, 0, 211, 0.8777052655806397)
(0, 2, 0, 212, 0.6844593532162446)
(0, 2, 0, 213, 0.6992676310342596)
(0, 2, 0, 214, 0.8068366284017874)
(0, 2, 0, 215, 0.7610401075163086)
(0, 2, 0, 216, 0.7402053117779155)
(0, 2, 0, 217, 0.7585798368004302)
(0, 2, 0, 218, 0.6238199454175187)
(0, 2, 0, 219, 0.7729602434604657)
(0, 2, 0, 220, 0.9486750640608009)
(0, 2, 0, 221, 0.8502292853387433)
(0, 2, 0, 222, 0.8657582877558055)
(0, 2, 0, 223, 0.7459517440856754)
(0, 2, 0, 224, 0.6864909970368074)
(0, 2, 0, 225, 0.6983091871787483)
(0, 2, 0, 226, 0.9631814664368091)
(0, 2, 0, 227, 0.7252157996789504)
(0, 2, 0, 228, 0.631510940168575)
(0, 2, 0, 229, 0.8130424335615186)
(0, 2, 0, 230, 0.8422670089620684)
(0, 2, 0, 231, 1.0647151355878546)
(0, 2, 0, 232, 0.6910956959901893)
(0, 2, 0, 233, 1.1683171571589785)
(0, 2, 0, 234, 0.6665993089126897)
(0, 2, 0, 235, 0.723781536320915)
(0, 2, 0, 236, 0.8480288961277448)
(0, 2, 0, 237, 0.7170563987807341)
(0, 2, 0, 238, 0.7409793522251782)
(0, 2, 0, 239, 0.7030846271297712)
(0, 2, 0, 240, 0.6979922624318173)
(0, 2, 0, 241, 0.6766971147479913)
(0, 2, 0, 242, 0.8062491216851361)
(0, 2, 0, 243, 0.7692787459832446)
(0, 2, 0, 244, 0.6752811083794503)
(0, 2, 0, 245, 0.7298869749526263)
(0, 2, 0, 246, 0.7385081577643534)
(0, 2, 0, 247, 0.9595316655050995)
(0, 2, 0, 248, 0.7135228279257846)
(0, 2, 0, 249, 1.0357559488723245)
(0, 2, 1, 0, 0.676695591510462)
(0, 2, 1, 1, 0.7964743419040966)
(0, 2, 1, 2, 0.6624340589646083)
(0, 2, 1, 3, 0.8868055814932734)
(0, 2, 1, 4, 0.9398406341987184)
(0, 2, 1, 5, 0.8354583299447115)
(0, 2, 1, 6, 0.8687376899258614)
(0, 2, 1, 7, 0.9167919011442918)
(0, 2, 1, 8, 0.7923706541522985)
(0, 2, 1, 9, 0.8734972956919381)
(0, 2, 1, 10, 0.891330488499661)
(0, 2, 1, 11, 0.8353124005240854)
(0, 2, 1, 12, 0.8562496172145645)
(0, 2, 1, 13, 0.8636127512225815)
(0, 2, 1, 14, 0.9331541483318014)
(0, 2, 1, 15, 0.9275973282482869)
(0, 2, 1, 16, 0.9246268198738709)
(0, 2, 1, 17, 0.6864972941452944)
(0, 2, 1, 18, 0.7121938683056945)
(0, 2, 1, 19, 0.6840055281043139)
(0, 2, 1, 20, 0.8810867698834239)
(0, 2, 1, 21, 0.7368094769766322)
(0, 2, 1, 22, 0.7072702966206356)
(0, 2, 1, 23, 0.9369134140480602)
(0, 2, 1, 24, 0.9217918623923002)
(0, 2, 1, 25, 0.693321333395908)
(0, 2, 1, 26, 0.8734180892829299)
(0, 2, 1, 27, 0.7254967116398363)
(0, 2, 1, 28, 0.8412177147592876)
(0, 2, 1, 29, 0.8235676579370502)
(0, 2, 1, 30, 0.8554575432228718)
(0, 2, 1, 31, 0.8531396726850077)
(0, 2, 1, 32, 0.6782414050254695)
(0, 2, 1, 33, 0.7904098019578782)
(0, 2, 1, 34, 0.8554433884042408)
(0, 2, 1, 35, 0.7520757143886125)
(0, 2, 1, 36, 0.7157899199613814)
(0, 2, 1, 37, 0.9377268511535005)
(0, 2, 1, 38, 0.6787522143104165)
(0, 2, 1, 39, 0.9153981094352801)
(0, 2, 1, 40, 0.8665653173388901)
(0, 2, 1, 41, 0.9316055869611035)
(0, 2, 1, 42, 0.7786848544420324)
(0, 2, 1, 43, 0.8209062878052444)
(0, 2, 1, 44, 0.9238260979252181)
(0, 2, 1, 45, 0.8538068899939789)
(0, 2, 1, 46, 0.7224045591444096)
(0, 2, 1, 47, 0.8918752143099729)
(0, 2, 1, 48, 0.8578799325484456)
(0, 2, 1, 49, 0.653683961328166)
(0, 2, 1, 50, 0.7898131041904204)
(0, 2, 1, 51, 0.883834191926873)
(0, 2, 1, 52, 0.9027318767135963)
(0, 2, 1, 53, 0.7758903497008077)
(0, 2, 1, 54, 0.6819160351044558)
(0, 2, 1, 55, 0.8654159771404013)
(0, 2, 1, 56, 0.8169564348437792)
(0, 2, 1, 57, 0.8994873728778064)
(0, 2, 1, 58, 0.8870464939208058)
(0, 2, 1, 59, 0.9384116329852926)
(0, 2, 1, 60, 0.8865705589384987)
(0, 2, 1, 61, 0.8540838350324245)
(0, 2, 1, 62, 0.8783736601381377)
(0, 2, 1, 63, 0.8664117287639879)
(0, 2, 1, 64, 0.8527043537708459)
(0, 2, 1, 65, 0.8244441664874366)
(0, 2, 1, 66, 0.9039558970727131)
(0, 2, 1, 67, 0.6635455885308411)
(0, 2, 1, 68, 0.8954457075326803)
(0, 2, 1, 69, 0.9088581205062162)
(0, 2, 1, 70, 0.8228704765794668)
(0, 2, 1, 71, 0.7435152948115624)
(0, 2, 1, 72, 0.8543303688378121)
(0, 2, 1, 73, 0.8961520342802203)
(0, 2, 1, 74, 0.8579217474001095)
(0, 2, 1, 75, 0.9412884286203591)
(0, 2, 1, 76, 0.7527797445064667)
(0, 2, 1, 77, 0.9066950872311434)
(0, 2, 1, 78, 0.7986066063420298)
(0, 2, 1, 79, 0.9058992473215327)
(0, 2, 1, 80, 0.6668260639960129)
(0, 2, 1, 81, 0.7940640147118624)
(0, 2, 1, 82, 0.8508415402552605)
(0, 2, 1, 83, 0.8404969277723296)
(0, 2, 1, 84, 0.884260091655559)
(0, 2, 1, 85, 0.7836182785226359)
(0, 2, 1, 86, 0.9379406020176726)
(0, 2, 1, 87, 0.6723792097589848)
(0, 2, 1, 88, 0.8666061099818253)
(0, 2, 1, 89, 0.8505508701332917)
(0, 2, 1, 90, 0.8567264889758227)
(0, 2, 1, 91, 0.8858765280184522)
(0, 2, 1, 92, 0.8630256462637875)
(0, 2, 1, 93, 0.9179119882336205)
(0, 2, 1, 94, 0.6477848890951898)
(0, 2, 1, 95, 0.8913508041069016)
(0, 2, 1, 96, 0.8418583579362259)
(0, 2, 1, 97, 0.7738789738890641)
(0, 2, 1, 98, 0.8824127692917666)
(0, 2, 1, 99, 0.8386681999020673)
(0, 2, 1, 100, 0.8726709053115063)
(0, 2, 1, 101, 0.6488764715642613)
(0, 2, 1, 102, 0.926541233719775)
(0, 2, 1, 103, 0.9365155382946712)
(0, 2, 1, 104, 0.9379185650433131)
(0, 2, 1, 105, 0.8136374076584022)
(0, 2, 1, 106, 0.877090478676977)
(0, 2, 1, 107, 0.7412575678741181)
(0, 2, 1, 108, 0.9092871283543315)
(0, 2, 1, 109, 0.9345698256346403)
(0, 2, 1, 110, 0.8790344400178018)
(0, 2, 1, 111, 0.9041285058912149)
(0, 2, 1, 112, 0.9418591246467596)
(0, 2, 1, 113, 0.7968062736821763)
(0, 2, 1, 114, 0.8949546693713633)
(0, 2, 1, 115, 0.8050003347437272)
(0, 2, 1, 116, 0.8887881246147208)
(0, 2, 1, 117, 0.8722108420097888)
(0, 2, 1, 118, 0.8509392481006017)
(0, 2, 1, 119, 0.9196288504548855)
(0, 2, 1, 120, 0.8983735847825636)
(0, 2, 1, 121, 0.8604401409404776)
(0, 2, 1, 122, 0.9285852393736235)
(0, 2, 1, 123, 0.917007174412929)
(0, 2, 1, 124, 0.840275777840708)
(0, 2, 1, 125, 0.7346475089186975)
(0, 2, 1, 126, 0.6461515601445683)
(0, 2, 1, 127, 0.869973404058794)
(0, 2, 1, 128, 0.7474922582956026)
(0, 2, 1, 129, 0.8489146262351335)
(0, 2, 1, 130, 0.7478450766139245)
(0, 2, 1, 131, 0.8806146080953109)
(0, 2, 1, 132, 0.8984698172626173)
(0, 2, 1, 133, 0.8735831867521294)
(0, 2, 1, 134, 0.853271040914724)
(0, 2, 1, 135, 0.6632869428386127)
(0, 2, 1, 136, 0.86247906521729)
(0, 2, 1, 137, 0.8408923471414124)
(0, 2, 1, 138, 0.8040256403812203)
(0, 2, 1, 139, 0.8132998903826122)
(0, 2, 1, 140, 0.8491286002937717)
(0, 2, 1, 141, 0.927272050099431)
(0, 2, 1, 142, 0.8420303852293821)
(0, 2, 1, 143, 0.9206133301807725)
(0, 2, 1, 144, 0.8996610713369282)
(0, 2, 1, 145, 0.7713161091542149)
(0, 2, 1, 146, 0.6780562899212315)
(0, 2, 1, 147, 0.7154943076935459)
(0, 2, 1, 148, 0.8921122585487735)
(0, 2, 1, 149, 0.7806440178226107)
(0, 2, 1, 150, 0.8035836785998055)
(0, 2, 1, 151, 0.8879164607066468)
(0, 2, 1, 152, 0.9159655646550255)
(0, 2, 1, 153, 0.8627145781253708)
(0, 2, 1, 154, 0.8547345301107564)
(0, 2, 1, 155, 0.8649994909437853)
(0, 2, 1, 156, 0.6862927043789476)
(0, 2, 1, 157, 0.9344532265112916)
(0, 2, 1, 158, 0.9151647112105807)
(0, 2, 1, 159, 0.914394835515682)
(0, 2, 1, 160, 0.9314766180850861)
(0, 2, 1, 161, 0.9247452957856633)
(0, 2, 1, 162, 0.9425026703665559)
(0, 2, 1, 163, 0.8938305870187365)
(0, 2, 1, 164, 0.7232968663678758)
(0, 2, 1, 165, 0.8699590642741513)
(0, 2, 1, 166, 0.8627636369344096)
(0, 2, 1, 167, 0.7593515120471186)
(0, 2, 1, 168, 0.9344474678003605)
(0, 2, 1, 169, 0.7938058670061265)
(0, 2, 1, 170, 0.8707511860657998)
(0, 2, 1, 171, 0.9029732870451137)
(0, 2, 1, 172, 0.6833273285518526)
(0, 2, 1, 173, 0.8522152270480536)
(0, 2, 1, 174, 0.7035554795185878)
(0, 2, 1, 175, 0.9129083037078309)
(0, 2, 1, 176, 0.8615000375822321)
(0, 2, 1, 177, 0.902938632073397)
(0, 2, 1, 178, 0.807811987613991)
(0, 2, 1, 179, 0.6504517165113386)
(0, 2, 1, 180, 0.9558173791488113)
(0, 2, 1, 181, 0.8031958223938086)
(0, 2, 1, 182, 0.8801815047806132)
(0, 2, 1, 183, 0.8702673280252258)
(0, 2, 1, 184, 0.8728592331925363)
(0, 2, 1, 185, 0.8291318196896877)
(0, 2, 1, 186, 0.8487465123876885)
(0, 2, 1, 187, 0.8845492385704373)
(0, 2, 1, 188, 0.8594184836803768)
(0, 2, 1, 189, 0.928510540639136)
(0, 2, 1, 190, 0.8543932401710889)
(0, 2, 1, 191, 0.7938225946713107)
(0, 2, 1, 192, 0.8801101149179923)
(0, 2, 1, 193, 0.8336707576000133)
(0, 2, 1, 194, 0.8631657637304011)
(0, 2, 1, 195, 0.6466434456518783)
(0, 2, 1, 196, 0.7414283372404273)
(0, 2, 1, 197, 0.8882942763743787)
(0, 2, 1, 198, 0.857417995239151)
(0, 2, 1, 199, 0.7790072260058702)
(0, 2, 1, 200, 0.8479279261977494)
(0, 2, 1, 201, 0.9221924216528452)
(0, 2, 1, 202, 0.9113817118549394)
(0, 2, 1, 203, 0.9121887632913893)
(0, 2, 1, 204, 0.8676263059781147)
(0, 2, 1, 205, 0.8698180233489055)
(0, 2, 1, 206, 0.8924741216307831)
(0, 2, 1, 207, 0.9093211702621941)
(0, 2, 1, 208, 0.8793086292495593)
(0, 2, 1, 209, 0.71087564312955)
(0, 2, 1, 210, 0.7766243215958336)
(0, 2, 1, 211, 0.6424938987783049)
(0, 2, 1, 212, 0.8767323658890261)
(0, 2, 1, 213, 0.8844952334638095)
(0, 2, 1, 214, 0.911833945533924)
(0, 2, 1, 215, 0.8281319581077599)
(0, 2, 1, 216, 0.9342230521960265)
(0, 2, 1, 217, 0.8326932204101318)
(0, 2, 1, 218, 0.826858841016353)
(0, 2, 1, 219, 0.8590955151888735)
(0, 2, 1, 220, 0.954414617228521)
(0, 2, 1, 221, 0.8862947634201345)
(0, 2, 1, 222, 0.9451182639733408)
(0, 2, 1, 223, 0.8672299749608487)
(0, 2, 1, 224, 0.8719951690903835)
(0, 2, 1, 225, 0.883748753783514)
(0, 2, 1, 226, 0.8853458774838258)
(0, 2, 1, 227, 0.798363067816878)
(0, 2, 1, 228, 0.848832483598915)
(0, 2, 1, 229, 0.8694866300974524)
(0, 2, 1, 230, 0.7528349880642016)
(0, 2, 1, 231, 0.890842480977554)
(0, 2, 1, 232, 0.9109765899942285)
(0, 2, 1, 233, 0.6576722402845158)
(0, 2, 1, 234, 0.7395533149015682)
(0, 2, 1, 235, 0.8889089748117345)
(0, 2, 1, 236, 0.8582110476994357)
(0, 2, 1, 237, 0.9047204317445882)
(0, 2, 1, 238, 0.8552713333995575)
(0, 2, 1, 239, 0.852870915398142)
(0, 2, 1, 240, 0.8789930811838811)
(0, 2, 1, 241, 0.8690829184048495)
(0, 2, 1, 242, 0.9371918948076945)
(0, 2, 1, 243, 0.6902621485412904)
(0, 2, 1, 244, 0.912643441642284)
(0, 2, 1, 245, 0.935306052793834)
(0, 2, 1, 246, 0.6916999797717086)
(0, 2, 1, 247, 0.881861190703478)
(0, 2, 1, 248, 0.8635871898625482)
(0, 2, 1, 249, 0.6329455022507398)
(0, 3, 0, 0, 0.8631279445486817)
(0, 3, 0, 1, 0.918685362836261)
(0, 3, 0, 2, 0.7358013782078379)
(0, 3, 0, 3, 1.1241929156169885)
(0, 3, 0, 4, 0.7540485109126829)
(0, 3, 0, 5, 0.8118973016071334)
(0, 3, 0, 6, 1.0072640659563195)
(0, 3, 0, 7, 0.8078285812043834)
(0, 3, 0, 8, 1.1228117034265461)
(0, 3, 0, 9, 1.0567287842517057)
(0, 3, 0, 10, 0.7568456900637545)
(0, 3, 0, 11, 0.9551429861444605)
(0, 3, 0, 12, 0.8118193316924903)
(0, 3, 0, 13, 0.8412502607513265)
(0, 3, 0, 14, 0.8269571937492743)
(0, 3, 0, 15, 1.092907864620621)
(0, 3, 0, 16, 0.8495886241876264)
(0, 3, 0, 17, 1.1327747018098013)
(0, 3, 0, 18, 1.1236128173678614)
(0, 3, 0, 19, 0.7350737045826836)
(0, 3, 0, 20, 0.7071372337219517)
(0, 3, 0, 21, 0.8751256099095114)
(0, 3, 0, 22, 0.8333398576860483)
(0, 3, 0, 23, 0.7755918597722545)
(0, 3, 0, 24, 0.7739145423920432)
(0, 3, 0, 25, 0.790662138391915)
(0, 3, 0, 26, 1.1379673534549366)
(0, 3, 0, 27, 0.8160775237468686)
(0, 3, 0, 28, 0.6975335826037239)
(0, 3, 0, 29, 0.7758759735508703)
(0, 3, 0, 30, 0.7895378828517311)
(0, 3, 0, 31, 1.017749442129381)
(0, 3, 0, 32, 0.7728369897669278)
(0, 3, 0, 33, 0.8557712721295586)
(0, 3, 0, 34, 0.8260909104931781)
(0, 3, 0, 35, 0.788212318509443)
(0, 3, 0, 36, 0.8224864474575483)
(0, 3, 0, 37, 0.7142834197806665)
(0, 3, 0, 38, 0.7949117774202826)
(0, 3, 0, 39, 1.0476829431505768)
(0, 3, 0, 40, 0.816951227406034)
(0, 3, 0, 41, 0.7259792986513628)
(0, 3, 0, 42, 0.7620399060390672)
(0, 3, 0, 43, 1.1082862056657383)
(0, 3, 0, 44, 0.8478783461676268)
(0, 3, 0, 45, 0.7010923813955758)
(0, 3, 0, 46, 0.8464552692315268)
(0, 3, 0, 47, 0.8303704091095006)
(0, 3, 0, 48, 0.8607724766263513)
(0, 3, 0, 49, 0.7393465019097916)
(0, 3, 0, 50, 1.0293732020149753)
(0, 3, 0, 51, 0.8075597213447541)
(0, 3, 0, 52, 0.7668863310481113)
(0, 3, 0, 53, 0.9343479576782954)
(0, 3, 0, 54, 0.7802833275026736)
(0, 3, 0, 55, 0.841946360468136)
(0, 3, 0, 56, 0.8244201454295088)
(0, 3, 0, 57, 1.0333450098424093)
(0, 3, 0, 58, 0.8174274683221116)
(0, 3, 0, 59, 0.7639571407858932)
(0, 3, 0, 60, 1.143901965862148)
(0, 3, 0, 61, 0.9161411725267895)
(0, 3, 0, 62, 0.7664721993945783)
(0, 3, 0, 63, 0.9014262080701229)
(0, 3, 0, 64, 0.8958970052248224)
(0, 3, 0, 65, 1.1302452578116506)
(0, 3, 0, 66, 0.7635819211276065)
(0, 3, 0, 67, 0.7794778982272302)
(0, 3, 0, 68, 0.8599046440889299)
(0, 3, 0, 69, 0.9149455345882316)
(0, 3, 0, 70, 0.7628817008868075)
(0, 3, 0, 71, 0.8967687626880639)
(0, 3, 0, 72, 0.7865880266915906)
(0, 3, 0, 73, 0.8816425262382841)
(0, 3, 0, 74, 0.7266842329617996)
(0, 3, 0, 75, 1.1795541297000738)
(0, 3, 0, 76, 0.750795067072207)
(0, 3, 0, 77, 0.9711884967428798)
(0, 3, 0, 78, 1.098190825083026)
(0, 3, 0, 79, 0.8638363333607637)
(0, 3, 0, 80, 1.0040365946994734)
(0, 3, 0, 81, 0.7739041012069858)
(0, 3, 0, 82, 0.9061476939488318)
(0, 3, 0, 83, 0.6998500462860358)
(0, 3, 0, 84, 0.8481443673538067)
(0, 3, 0, 85, 0.7182816080891783)
(0, 3, 0, 86, 0.8806493035212005)
(0, 3, 0, 87, 0.7449238992188657)
(0, 3, 0, 88, 1.0049207742324526)
(0, 3, 0, 89, 0.7759971670084295)
(0, 3, 0, 90, 0.7741706691235528)
(0, 3, 0, 91, 0.8108056331370428)
(0, 3, 0, 92, 0.6930855850702649)
(0, 3, 0, 93, 0.798695034261748)
(0, 3, 0, 94, 0.9671884452068079)
(0, 3, 0, 95, 0.8426922691702271)
(0, 3, 0, 96, 0.7235925727309642)
(0, 3, 0, 97, 1.1198216339732847)
(0, 3, 0, 98, 0.9954217899633279)
(0, 3, 0, 99, 0.8581157811475786)
(0, 3, 0, 100, 0.7979821306363999)
(0, 3, 0, 101, 0.8460415013713212)
(0, 3, 0, 102, 0.7164182493394085)
(0, 3, 0, 103, 0.8011769934444338)
(0, 3, 0, 104, 0.7617266302759895)
(0, 3, 0, 105, 0.912802986673686)
(0, 3, 0, 106, 0.852447642166595)
(0, 3, 0, 107, 0.6971307430494332)
(0, 3, 0, 108, 1.1825644709360754)
(0, 3, 0, 109, 0.8470452545583483)
(0, 3, 0, 110, 0.7423308208228908)
(0, 3, 0, 111, 0.8546747597806172)
(0, 3, 0, 112, 0.7840452194784143)
(0, 3, 0, 113, 0.7530328570719788)
(0, 3, 0, 114, 1.0675066495268872)
(0, 3, 0, 115, 1.0909374010763295)
(0, 3, 0, 116, 0.7774959778421444)
(0, 3, 0, 117, 0.7419678336894612)
(0, 3, 0, 118, 1.16628036990293)
(0, 3, 0, 119, 0.793233107684617)
(0, 3, 0, 120, 0.8995206695094625)
(0, 3, 0, 121, 1.022473259327858)
(0, 3, 0, 122, 0.7611606417436059)
(0, 3, 0, 123, 0.8959870240496003)
(0, 3, 0, 124, 0.7875648409180923)
(0, 3, 0, 125, 0.7452961853574694)
(0, 3, 0, 126, 0.7253718173015495)
(0, 3, 0, 127, 0.8206234361626846)
(0, 3, 0, 128, 0.8518652874222782)
(0, 3, 0, 129, 0.7630796917872524)
(0, 3, 0, 130, 0.8408067551662267)
(0, 3, 0, 131, 0.829182619670067)
(0, 3, 0, 132, 0.7903379081365491)
(0, 3, 0, 133, 0.8901079527907232)
(0, 3, 0, 134, 1.0726808871585183)
(0, 3, 0, 135, 0.8156374852101046)
(0, 3, 0, 136, 0.9050863838497052)
(0, 3, 0, 137, 0.8124262436560906)
(0, 3, 0, 138, 0.7756766348145948)
(0, 3, 0, 139, 1.0144867204528845)
(0, 3, 0, 140, 0.7494291802564846)
(0, 3, 0, 141, 0.7583114229065179)
(0, 3, 0, 142, 0.8492160734457425)
(0, 3, 0, 143, 1.0375118801169048)
(0, 3, 0, 144, 0.9665035851017914)
(0, 3, 0, 145, 0.7129402286640032)
(0, 3, 0, 146, 0.7841381981183236)
(0, 3, 0, 147, 0.9017549671107309)
(0, 3, 0, 148, 0.7360840621350815)
(0, 3, 0, 149, 0.726738993250337)
(0, 3, 0, 150, 0.8804855412890595)
(0, 3, 0, 151, 0.7736845891604677)
(0, 3, 0, 152, 0.8004325545820206)
(0, 3, 0, 153, 0.7887993478651925)
(0, 3, 0, 154, 0.7522718541766111)
(0, 3, 0, 155, 0.7438164818402552)
(0, 3, 0, 156, 0.8929891686456713)
(0, 3, 0, 157, 0.7666033987323373)
(0, 3, 0, 158, 0.7463584948632119)
(0, 3, 0, 159, 0.8131510673333365)
(0, 3, 0, 160, 0.7445584891839895)
(0, 3, 0, 161, 0.8175147414481545)
(0, 3, 0, 162, 0.7376858144448634)
(0, 3, 0, 163, 0.8276900289769421)
(0, 3, 0, 164, 0.8010539274704483)
(0, 3, 0, 165, 0.8249995788571353)
(0, 3, 0, 166, 0.785019724996417)
(0, 3, 0, 167, 0.8895064835685467)
(0, 3, 0, 168, 0.9607821669666546)
(0, 3, 0, 169, 0.7450840603284579)
(0, 3, 0, 170, 0.8308073525016019)
(0, 3, 0, 171, 0.7820896056991644)
(0, 3, 0, 172, 0.8126940320047107)
(0, 3, 0, 173, 0.7376140355628059)
(0, 3, 0, 174, 0.8745984925394474)
(0, 3, 0, 175, 0.88178000463916)
(0, 3, 0, 176, 0.869783217739129)
(0, 3, 0, 177, 0.9471495724759779)
(0, 3, 0, 178, 0.8194313993336726)
(0, 3, 0, 179, 0.7522315846394513)
(0, 3, 0, 180, 0.7565877633067304)
(0, 3, 0, 181, 0.7785172960737282)
(0, 3, 0, 182, 0.7203145353968733)
(0, 3, 0, 183, 0.7597230558779469)
(0, 3, 0, 184, 0.6962786527991887)
(0, 3, 0, 185, 0.8589711891409899)
(0, 3, 0, 186, 0.8540722811602457)
(0, 3, 0, 187, 0.7770782691279494)
(0, 3, 0, 188, 0.7893239376464507)
(0, 3, 0, 189, 0.8001631186519347)
(0, 3, 0, 190, 0.7681533938131188)
(0, 3, 0, 191, 0.7814841026562312)
(0, 3, 0, 192, 0.9925240135592173)
(0, 3, 0, 193, 0.85149607379355)
(0, 3, 0, 194, 1.0111887423589732)
(0, 3, 0, 195, 0.920815249841193)
(0, 3, 0, 196, 1.1672877010644491)
(0, 3, 0, 197, 1.1262695722504268)
(0, 3, 0, 198, 1.0883266206151492)
(0, 3, 0, 199, 1.0707975398721976)
(0, 3, 0, 200, 1.0437427397534607)
(0, 3, 0, 201, 0.964778741558291)
(0, 3, 0, 202, 0.8771352624020176)
(0, 3, 0, 203, 0.9255397629996877)
(0, 3, 0, 204, 0.871840047799157)
(0, 3, 0, 205, 0.9818369031072822)
(0, 3, 0, 206, 0.8251625340976784)
(0, 3, 0, 207, 0.7622331231550057)
(0, 3, 0, 208, 0.8829765892016217)
(0, 3, 0, 209, 0.7078063550240582)
(0, 3, 0, 210, 0.8542602644606824)
(0, 3, 0, 211, 0.9609725899786358)
(0, 3, 0, 212, 0.7908900199710716)
(0, 3, 0, 213, 0.7423896786050541)
(0, 3, 0, 214, 1.0979023686269578)
(0, 3, 0, 215, 1.103502308357955)
(0, 3, 0, 216, 0.8291657813753309)
(0, 3, 0, 217, 0.7451566986695205)
(0, 3, 0, 218, 0.7983384163013686)
(0, 3, 0, 219, 0.7543043379073162)
(0, 3, 0, 220, 1.020231172055429)
(0, 3, 0, 221, 0.8681496512422449)
(0, 3, 0, 222, 0.8437397991298717)
(0, 3, 0, 223, 0.8611003810796228)
(0, 3, 0, 224, 0.8277827442170849)
(0, 3, 0, 225, 0.7598387819920343)
(0, 3, 0, 226, 0.6851483377654709)
(0, 3, 0, 227, 0.7422696984255932)
(0, 3, 0, 228, 0.7625763743650905)
(0, 3, 0, 229, 0.886657040812938)
(0, 3, 0, 230, 0.7432590715959989)
(0, 3, 0, 231, 0.8260546224962297)
(0, 3, 0, 232, 0.94921259667913)
(0, 3, 0, 233, 0.8369333865974953)
(0, 3, 0, 234, 0.8695342283696166)
(0, 3, 0, 235, 0.8170491223763418)
(0, 3, 0, 236, 0.7508625769221685)
(0, 3, 0, 237, 0.7679031657430878)
(0, 3, 0, 238, 0.8419794703016844)
(0, 3, 0, 239, 0.8294907484347165)
(0, 3, 0, 240, 0.7435382539499936)
(0, 3, 0, 241, 1.0287070517694863)
(0, 3, 0, 242, 0.8093418557467136)
(0, 3, 0, 243, 0.8865146287159833)
(0, 3, 0, 244, 0.8297752268849854)
(0, 3, 0, 245, 0.7787403735182249)
(0, 3, 0, 246, 0.7436095373117623)
(0, 3, 0, 247, 1.088999637865383)
(0, 3, 0, 248, 0.7970621101127896)
(0, 3, 0, 249, 1.10024350137071)
(0, 3, 1, 0, 1.1324728552692995)
(0, 3, 1, 1, 1.1501446757643274)
(0, 3, 1, 2, 1.1406800659114116)
(0, 3, 1, 3, 1.0601089449473264)
(0, 3, 1, 4, 1.0876846128002342)
(0, 3, 1, 5, 1.1396167377131898)
(0, 3, 1, 6, 1.1161172697639332)
(0, 3, 1, 7, 1.1224426065658482)
(0, 3, 1, 8, 1.1522196420222859)
(0, 3, 1, 9, 1.0872748347222592)
(0, 3, 1, 10, 0.9550264858801983)
(0, 3, 1, 11, 1.1527967390212854)
(0, 3, 1, 12, 1.147396471516944)
(0, 3, 1, 13, 1.1439281510025885)
(0, 3, 1, 14, 1.1094959428267182)
(0, 3, 1, 15, 1.1244451048546635)
(0, 3, 1, 16, 1.1137222324895437)
(0, 3, 1, 17, 1.1334430394089077)
(0, 3, 1, 18, 1.1007904251135723)
(0, 3, 1, 19, 1.1259687582026734)
(0, 3, 1, 20, 1.1170325225812079)
(0, 3, 1, 21, 1.1218095587393788)
(0, 3, 1, 22, 1.1181278911486547)
(0, 3, 1, 23, 1.114555790679472)
(0, 3, 1, 24, 0.9914165146407613)
(0, 3, 1, 25, 1.1347249906903136)
(0, 3, 1, 26, 1.108387261439174)
(0, 3, 1, 27, 1.1470692027676332)
(0, 3, 1, 28, 1.0354558463775683)
(0, 3, 1, 29, 1.1068829463538126)
(0, 3, 1, 30, 1.1519803606389531)
(0, 3, 1, 31, 1.1459560802238271)
(0, 3, 1, 32, 1.1435434018468398)
(0, 3, 1, 33, 1.072786286269121)
(0, 3, 1, 34, 1.1383757537164634)
(0, 3, 1, 35, 1.1469144344518798)
(0, 3, 1, 36, 1.1001040147356287)
(0, 3, 1, 37, 1.0942901804715652)
(0, 3, 1, 38, 1.1416691931165033)
(0, 3, 1, 39, 1.1039521863151227)
(0, 3, 1, 40, 0.9921345441135936)
(0, 3, 1, 41, 1.1267154908773485)
(0, 3, 1, 42, 1.1197895347833315)
(0, 3, 1, 43, 1.0870688263613228)
(0, 3, 1, 44, 1.111123923473366)
(0, 3, 1, 45, 1.141257600277283)
(0, 3, 1, 46, 1.0953741206732845)
(0, 3, 1, 47, 1.1046025553027488)
(0, 3, 1, 48, 1.1304342003190928)
(0, 3, 1, 49, 1.121645339998356)
(0, 3, 1, 50, 1.1103150230966936)
(0, 3, 1, 51, 1.0426108657975792)
(0, 3, 1, 52, 1.1488438634926688)
(0, 3, 1, 53, 1.1054399535868764)
(0, 3, 1, 54, 1.142740969597488)
(0, 3, 1, 55, 1.083044377251679)
(0, 3, 1, 56, 1.102669178415287)
(0, 3, 1, 57, 1.1407741199352808)
(0, 3, 1, 58, 0.9658767405061487)
(0, 3, 1, 59, 1.1043561810073148)
(0, 3, 1, 60, 1.0924253211799702)
(0, 3, 1, 61, 1.1447509004017955)
(0, 3, 1, 62, 1.1336902962443165)
(0, 3, 1, 63, 1.0435429655510493)
(0, 3, 1, 64, 1.1461449365926826)
(0, 3, 1, 65, 1.0722206644507486)
(0, 3, 1, 66, 1.138418382277604)
(0, 3, 1, 67, 1.144464689576503)
(0, 3, 1, 68, 1.0737873008533956)
(0, 3, 1, 69, 1.140249408671312)
(0, 3, 1, 70, 1.1024233044738407)
(0, 3, 1, 71, 1.0950933861304817)
(0, 3, 1, 72, 1.105422931868321)
(0, 3, 1, 73, 1.1134274658407797)
(0, 3, 1, 74, 1.1507642257644712)
(0, 3, 1, 75, 1.1088555592234914)
(0, 3, 1, 76, 1.135592788905621)
(0, 3, 1, 77, 1.1109441694347768)
(0, 3, 1, 78, 1.1052341878356386)
(0, 3, 1, 79, 1.0962580104180786)
(0, 3, 1, 80, 1.1303755252085272)
(0, 3, 1, 81, 1.1449375014221612)
(0, 3, 1, 82, 1.1299132008346564)
(0, 3, 1, 83, 1.1502903921136183)
(0, 3, 1, 84, 1.1160411966163875)
(0, 3, 1, 85, 1.1394111984319542)
(0, 3, 1, 86, 1.102484321027457)
(0, 3, 1, 87, 1.1247118782010694)
(0, 3, 1, 88, 1.1440847931293212)
(0, 3, 1, 89, 1.120391829519204)
(0, 3, 1, 90, 1.1396601754827498)
(0, 3, 1, 91, 1.120129202952466)
(0, 3, 1, 92, 1.1383797657939734)
(0, 3, 1, 93, 1.1430495761654103)
(0, 3, 1, 94, 1.1346661339998334)
(0, 3, 1, 95, 1.1369890908060265)
(0, 3, 1, 96, 1.0836987003683987)
(0, 3, 1, 97, 1.0804517580822826)
(0, 3, 1, 98, 1.0862212289444078)
(0, 3, 1, 99, 1.137400093408728)
(0, 3, 1, 100, 1.1138921601020288)
(0, 3, 1, 101, 1.138044917516617)
(0, 3, 1, 102, 1.1340045692739218)
(0, 3, 1, 103, 1.112103368163779)
(0, 3, 1, 104, 1.1462721832143432)
(0, 3, 1, 105, 1.1305496389838758)
(0, 3, 1, 106, 1.089671313187858)
(0, 3, 1, 107, 1.1397467285170477)
(0, 3, 1, 108, 1.0930324510696223)
(0, 3, 1, 109, 1.1342694768101824)
(0, 3, 1, 110, 1.1420356619839116)
(0, 3, 1, 111, 1.1459714486424772)
(0, 3, 1, 112, 1.1194176626240515)
(0, 3, 1, 113, 1.1541338931590526)
(0, 3, 1, 114, 1.068951087837486)
(0, 3, 1, 115, 1.0486573605293463)
(0, 3, 1, 116, 1.1169879518059642)
(0, 3, 1, 117, 1.1490174899707841)
(0, 3, 1, 118, 1.1567452947339645)
(0, 3, 1, 119, 1.0687985123316464)
(0, 3, 1, 120, 1.1055740678533343)
(0, 3, 1, 121, 1.1487424232370584)
(0, 3, 1, 122, 1.1344030380783834)
(0, 3, 1, 123, 1.1009198288262845)
(0, 3, 1, 124, 1.0900861356034723)
(0, 3, 1, 125, 1.1167625829199788)
(0, 3, 1, 126, 1.129018286387254)
(0, 3, 1, 127, 1.0906140250056287)
(0, 3, 1, 128, 1.1134494621928799)
(0, 3, 1, 129, 1.1355726172271086)
(0, 3, 1, 130, 1.1290009634877596)
(0, 3, 1, 131, 1.1045713727201918)
(0, 3, 1, 132, 1.1229121417672598)
(0, 3, 1, 133, 1.1277554791674698)
(0, 3, 1, 134, 1.1390185376713013)
(0, 3, 1, 135, 1.1312489535792318)
(0, 3, 1, 136, 1.1329365343242845)
(0, 3, 1, 137, 1.111365537186451)
(0, 3, 1, 138, 1.156648388426453)
(0, 3, 1, 139, 1.1320629384460823)
(0, 3, 1, 140, 1.1117861889434522)
(0, 3, 1, 141, 1.0927164860907002)
(0, 3, 1, 142, 1.1381733574459265)
(0, 3, 1, 143, 1.1032945439869142)
(0, 3, 1, 144, 1.108543791051579)
(0, 3, 1, 145, 1.1209326301339533)
(0, 3, 1, 146, 1.1212177034672812)
(0, 3, 1, 147, 1.119493638273335)
(0, 3, 1, 148, 1.1276086250050943)
(0, 3, 1, 149, 1.0844309565904502)
(0, 3, 1, 150, 1.1483693347831165)
(0, 3, 1, 151, 1.1237785951438988)
(0, 3, 1, 152, 1.1461580402673468)
(0, 3, 1, 153, 1.1535482788310008)
(0, 3, 1, 154, 1.14034957059439)
(0, 3, 1, 155, 1.1534378181253766)
(0, 3, 1, 156, 1.1318140515076835)
(0, 3, 1, 157, 1.1385675156313195)
(0, 3, 1, 158, 1.1119211891764094)
(0, 3, 1, 159, 1.1235354646797884)
(0, 3, 1, 160, 1.0307119274992875)
(0, 3, 1, 161, 1.1295222633260427)
(0, 3, 1, 162, 1.1258340799855078)
(0, 3, 1, 163, 1.008295280695954)
(0, 3, 1, 164, 1.146896927489564)
(0, 3, 1, 165, 1.1052375895918962)
(0, 3, 1, 166, 1.1375135048652696)
(0, 3, 1, 167, 1.14343034947285)
(0, 3, 1, 168, 1.1069511438653346)
(0, 3, 1, 169, 1.1457528245372794)
(0, 3, 1, 170, 1.1252784459206404)
(0, 3, 1, 171, 1.1344072715357165)
(0, 3, 1, 172, 1.1463655788164946)
(0, 3, 1, 173, 1.127764156789072)
(0, 3, 1, 174, 1.1201624775730779)
(0, 3, 1, 175, 1.134207694857562)
(0, 3, 1, 176, 1.128335596757895)
(0, 3, 1, 177, 1.099060500276728)
(0, 3, 1, 178, 1.1487956016521814)
(0, 3, 1, 179, 1.1225161429529804)
(0, 3, 1, 180, 1.1217077008325103)
(0, 3, 1, 181, 1.1106489694874606)
(0, 3, 1, 182, 1.064707698442493)
(0, 3, 1, 183, 1.1529131467766862)
(0, 3, 1, 184, 1.1383504333848407)
(0, 3, 1, 185, 1.1337246580694968)
(0, 3, 1, 186, 1.1507184075046455)
(0, 3, 1, 187, 1.1270797264655095)
(0, 3, 1, 188, 1.1350201247528764)
(0, 3, 1, 189, 1.1171516008153883)
(0, 3, 1, 190, 1.160772549115098)
(0, 3, 1, 191, 1.1358209582180505)
(0, 3, 1, 192, 1.1242809547453452)
(0, 3, 1, 193, 1.114681732563101)
(0, 3, 1, 194, 1.144289721298712)
(0, 3, 1, 195, 1.137262012309225)
(0, 3, 1, 196, 1.1394393438623054)
(0, 3, 1, 197, 1.1133062830896556)
(0, 3, 1, 198, 1.0682459514079037)
(0, 3, 1, 199, 1.12977235560567)
(0, 3, 1, 200, 1.1081832334846835)
(0, 3, 1, 201, 1.101792894778816)
(0, 3, 1, 202, 1.1320226580426613)
(0, 3, 1, 203, 1.1288163753070932)
(0, 3, 1, 204, 1.133531857292131)
(0, 3, 1, 205, 1.1086553092854279)
(0, 3, 1, 206, 1.0234776692142364)
(0, 3, 1, 207, 1.060981507239708)
(0, 3, 1, 208, 1.0134719753989991)
(0, 3, 1, 209, 1.0984775453515518)
(0, 3, 1, 210, 1.1493185245992985)
(0, 3, 1, 211, 1.1309873425567816)
(0, 3, 1, 212, 1.1044592921218048)
(0, 3, 1, 213, 1.1321248349650128)
(0, 3, 1, 214, 1.1298571452574824)
(0, 3, 1, 215, 1.1052735273286478)
(0, 3, 1, 216, 1.127182324521508)
(0, 3, 1, 217, 1.1399366296164801)
(0, 3, 1, 218, 1.1301198313023855)
(0, 3, 1, 219, 1.1352408255118644)
(0, 3, 1, 220, 1.1023777401570716)
(0, 3, 1, 221, 1.1317546120918873)
(0, 3, 1, 222, 1.111140312914817)
(0, 3, 1, 223, 1.1630233690925114)
(0, 3, 1, 224, 1.1206177063327516)
(0, 3, 1, 225, 1.1486455447118125)
(0, 3, 1, 226, 1.13946504460977)
(0, 3, 1, 227, 1.1505215862966554)
(0, 3, 1, 228, 1.1394672524860543)
(0, 3, 1, 229, 1.1305217108621175)
(0, 3, 1, 230, 1.1207072508085603)
(0, 3, 1, 231, 1.1222744936349147)
(0, 3, 1, 232, 1.1171346018213553)
(0, 3, 1, 233, 1.1204073602862563)
(0, 3, 1, 234, 1.0996138712554993)
(0, 3, 1, 235, 1.0480179384069335)
(0, 3, 1, 236, 1.148379901551062)
(0, 3, 1, 237, 1.1352150101018066)
(0, 3, 1, 238, 1.1253440876443876)
(0, 3, 1, 239, 1.1419022795971852)
(0, 3, 1, 240, 1.1273280456871084)
(0, 3, 1, 241, 1.1664936307804061)
(0, 3, 1, 242, 1.118734076640724)
(0, 3, 1, 243, 1.1353485502854421)
(0, 3, 1, 244, 1.0268810583621617)
(0, 3, 1, 245, 1.1901540935796575)
(0, 3, 1, 246, 1.1330456238000899)
(0, 3, 1, 247, 1.095505279424694)
(0, 3, 1, 248, 1.1490958360415215)
(0, 3, 1, 249, 1.138875403869428)
(0, 4, 0, 0, 1.063895431896599)
(0, 4, 0, 1, 0.9808941597662759)
(0, 4, 0, 2, 0.836708296721241)
(0, 4, 0, 3, 1.0758035445970455)
(0, 4, 0, 4, 1.1422453385451745)
(0, 4, 0, 5, 1.0861364051062947)
(0, 4, 0, 6, 0.9536345186540441)
(0, 4, 0, 7, 0.817121030661298)
(0, 4, 0, 8, 0.827073564226605)
(0, 4, 0, 9, 1.1102535655095838)
(0, 4, 0, 10, 0.7804989259074184)
(0, 4, 0, 11, 0.8625608050753565)
(0, 4, 0, 12, 0.869125147133393)
(0, 4, 0, 13, 1.1110530260015625)
(0, 4, 0, 14, 1.0915373923870262)
(0, 4, 0, 15, 0.7727796222073517)
(0, 4, 0, 16, 1.0796731032351217)
(0, 4, 0, 17, 0.8790780525539139)
(0, 4, 0, 18, 0.9037811015828777)
(0, 4, 0, 19, 0.840991899574754)
(0, 4, 0, 20, 0.771417460343247)
(0, 4, 0, 21, 1.1431032343120389)
(0, 4, 0, 22, 0.8287793149853273)
(0, 4, 0, 23, 0.9384011427633487)
(0, 4, 0, 24, 0.884875834565941)
(0, 4, 0, 25, 0.845683595953882)
(0, 4, 0, 26, 0.880314239378767)
(0, 4, 0, 27, 0.8314867122307518)
(0, 4, 0, 28, 1.0155957170633843)
(0, 4, 0, 29, 1.1204563710395519)
(0, 4, 0, 30, 0.8872172562138342)
(0, 4, 0, 31, 1.0635384803262138)
(0, 4, 0, 32, 0.7775391018292774)
(0, 4, 0, 33, 0.9023220220563419)
(0, 4, 0, 34, 1.1532918822454805)
(0, 4, 0, 35, 0.7644375110308522)
(0, 4, 0, 36, 0.777189686041224)
(0, 4, 0, 37, 0.8736051839079264)
(0, 4, 0, 38, 0.855289301988176)
(0, 4, 0, 39, 0.9060874830761223)
(0, 4, 0, 40, 0.9692338375420978)
(0, 4, 0, 41, 0.9880177647714705)
(0, 4, 0, 42, 0.8521230205811947)
(0, 4, 0, 43, 1.074800582697022)
(0, 4, 0, 44, 0.7850900147777063)
(0, 4, 0, 45, 0.845969076480478)
(0, 4, 0, 46, 1.099444265952025)
(0, 4, 0, 47, 0.9401257316312264)
(0, 4, 0, 48, 0.8423861961645404)
(0, 4, 0, 49, 0.8660058283873355)
(0, 4, 0, 50, 1.0919097188315403)
(0, 4, 0, 51, 0.7494265216626752)
(0, 4, 0, 52, 1.0440011766192339)
(0, 4, 0, 53, 0.8631949441686698)
(0, 4, 0, 54, 0.7007755140887941)
(0, 4, 0, 55, 0.9134462029287707)
(0, 4, 0, 56, 0.8214013884306358)
(0, 4, 0, 57, 0.8490372404694202)
(0, 4, 0, 58, 1.0768244021410247)
(0, 4, 0, 59, 1.0797030555446794)
(0, 4, 0, 60, 0.7671185701438212)
(0, 4, 0, 61, 0.9694783412376782)
(0, 4, 0, 62, 0.8721118410782086)
(0, 4, 0, 63, 0.8375607803128221)
(0, 4, 0, 64, 0.8635129059898639)
(0, 4, 0, 65, 0.83964861823367)
(0, 4, 0, 66, 0.7953430142255817)
(0, 4, 0, 67, 0.8412204312588868)
(0, 4, 0, 68, 0.7996710814285628)
(0, 4, 0, 69, 1.174211267063623)
(0, 4, 0, 70, 0.8080685424931539)
(0, 4, 0, 71, 0.8734425194993806)
(0, 4, 0, 72, 1.0273545273306806)
(0, 4, 0, 73, 0.906879152205529)
(0, 4, 0, 74, 0.8267807858694753)
(0, 4, 0, 75, 0.8947259894248479)
(0, 4, 0, 76, 1.1085236391801179)
(0, 4, 0, 77, 0.973521031541152)
(0, 4, 0, 78, 0.8725306895696983)
(0, 4, 0, 79, 0.9008741796464557)
(0, 4, 0, 80, 0.8465611002080139)
(0, 4, 0, 81, 0.9139343195159483)
(0, 4, 0, 82, 1.1729549499754868)
(0, 4, 0, 83, 0.8052635703829563)
(0, 4, 0, 84, 0.7749001018042322)
(0, 4, 0, 85, 0.8474339132336555)
(0, 4, 0, 86, 0.832454191053107)
(0, 4, 0, 87, 0.8312285349573268)
(0, 4, 0, 88, 0.8684291410842744)
(0, 4, 0, 89, 0.993683915795485)
(0, 4, 0, 90, 1.1436740669705956)
(0, 4, 0, 91, 0.7874085483095751)
(0, 4, 0, 92, 0.8260642819711266)
(0, 4, 0, 93, 1.0100404009878328)
(0, 4, 0, 94, 0.9581776784478607)
(0, 4, 0, 95, 0.857820126684068)
(0, 4, 0, 96, 0.8706277436919131)
(0, 4, 0, 97, 1.076644770102426)
(0, 4, 0, 98, 0.8996552965525699)
(0, 4, 0, 99, 0.8881113064953341)
(0, 4, 0, 100, 0.8533485966449614)
(0, 4, 0, 101, 1.1020312863825763)
(0, 4, 0, 102, 0.8724466888424461)
(0, 4, 0, 103, 0.876864635445421)
(0, 4, 0, 104, 0.7836805474896048)
(0, 4, 0, 105, 0.8517935162837394)
(0, 4, 0, 106, 0.7978108700105966)
(0, 4, 0, 107, 0.8090147740794631)
(0, 4, 0, 108, 1.190367199502744)
(0, 4, 0, 109, 0.7869061064049194)
(0, 4, 0, 110, 0.8763090978629574)
(0, 4, 0, 111, 0.8055284814296128)
(0, 4, 0, 112, 0.8735396110112543)
(0, 4, 0, 113, 0.8748691538210153)
(0, 4, 0, 114, 1.1703539371313405)
(0, 4, 0, 115, 0.7879805732832987)
(0, 4, 0, 116, 0.7477653578719143)
(0, 4, 0, 117, 0.7828024950138607)
(0, 4, 0, 118, 1.173336884305009)
(0, 4, 0, 119, 0.935430658210461)
(0, 4, 0, 120, 1.1495480595954888)
(0, 4, 0, 121, 1.0757359549042995)
(0, 4, 0, 122, 0.8160361213680968)
(0, 4, 0, 123, 0.832217000162611)
(0, 4, 0, 124, 0.7786310874028533)
(0, 4, 0, 125, 0.7705523543835952)
(0, 4, 0, 126, 0.8260172481005105)
(0, 4, 0, 127, 0.8687168647701959)
(0, 4, 0, 128, 0.9021584005175298)
(0, 4, 0, 129, 1.059790949728681)
(0, 4, 0, 130, 0.9099773701266483)
(0, 4, 0, 131, 0.8049305261682305)
(0, 4, 0, 132, 0.801987945941227)
(0, 4, 0, 133, 0.8474946320213177)
(0, 4, 0, 134, 1.0982996150916904)
(0, 4, 0, 135, 1.0142834740625128)
(0, 4, 0, 136, 0.963959140328496)
(0, 4, 0, 137, 0.7941573944301441)
(0, 4, 0, 138, 0.8812010394446245)
(0, 4, 0, 139, 0.8470661543587299)
(0, 4, 0, 140, 0.8235993614546367)
(0, 4, 0, 141, 0.8269038418707747)
(0, 4, 0, 142, 0.8266738636008141)
(0, 4, 0, 143, 1.1149555404066624)
(0, 4, 0, 144, 1.0047004558154982)
(0, 4, 0, 145, 1.1362877721146978)
(0, 4, 0, 146, 0.9500530238294816)
(0, 4, 0, 147, 0.7976136824371352)
(0, 4, 0, 148, 1.1169329184975814)
(0, 4, 0, 149, 1.0311271596215774)
(0, 4, 0, 150, 0.8494392317413407)
(0, 4, 0, 151, 0.8123423359527155)
(0, 4, 0, 152, 0.9891130089788384)
(0, 4, 0, 153, 0.8237734809077073)
(0, 4, 0, 154, 0.8314086169453714)
(0, 4, 0, 155, 0.8233395772939865)
(0, 4, 0, 156, 0.872347919457592)
(0, 4, 0, 157, 1.120826723534207)
(0, 4, 0, 158, 0.797491939771954)
(0, 4, 0, 159, 1.1331843085004067)
(0, 4, 0, 160, 0.7911970113651725)
(0, 4, 0, 161, 0.8894535294301297)
(0, 4, 0, 162, 0.8157958628346431)
(0, 4, 0, 163, 0.8061105641820128)
(0, 4, 0, 164, 0.8977674767035767)
(0, 4, 0, 165, 0.8204923217445311)
(0, 4, 0, 166, 0.9341371100078258)
(0, 4, 0, 167, 1.1422147150269006)
(0, 4, 0, 168, 0.8780143508016589)
(0, 4, 0, 169, 1.101856034813905)
(0, 4, 0, 170, 1.1076461351897395)
(0, 4, 0, 171, 1.0300491577449757)
(0, 4, 0, 172, 0.899255722934954)
(0, 4, 0, 173, 0.8620799960602773)
(0, 4, 0, 174, 1.0271221971911308)
(0, 4, 0, 175, 0.7804607533491995)
(0, 4, 0, 176, 0.8302420680012016)
(0, 4, 0, 177, 1.1143222569092555)
(0, 4, 0, 178, 0.7911814836087587)
(0, 4, 0, 179, 1.1103741150577833)
(0, 4, 0, 180, 0.8655368672706018)
(0, 4, 0, 181, 0.816455427981375)
(0, 4, 0, 182, 0.7730440200061712)
(0, 4, 0, 183, 0.7965039673710642)
(0, 4, 0, 184, 0.9334476593424226)
(0, 4, 0, 185, 0.7650013150237918)
(0, 4, 0, 186, 0.7114523786164713)
(0, 4, 0, 187, 0.8063704263131463)
(0, 4, 0, 188, 0.8320233811061857)
(0, 4, 0, 189, 0.8941147500462787)
(0, 4, 0, 190, 0.7896850811979458)
(0, 4, 0, 191, 1.1526095282351834)
(0, 4, 0, 192, 0.877270070064482)
(0, 4, 0, 193, 0.873408595210672)
(0, 4, 0, 194, 1.0332148760837154)
(0, 4, 0, 195, 1.135403967755787)
(0, 4, 0, 196, 1.1835275027756598)
(0, 4, 0, 197, 0.8933525362164187)
(0, 4, 0, 198, 1.0597760130999638)
(0, 4, 0, 199, 1.1312387616849953)
(0, 4, 0, 200, 0.8553721232199545)
(0, 4, 0, 201, 1.0166340616655045)
(0, 4, 0, 202, 0.8996733204216772)
(0, 4, 0, 203, 0.7836085513760763)
(0, 4, 0, 204, 0.8136273637634078)
(0, 4, 0, 205, 1.0502063972054452)
(0, 4, 0, 206, 0.8799212704381169)
(0, 4, 0, 207, 0.8739780657908518)
(0, 4, 0, 208, 0.9851596461718485)
(0, 4, 0, 209, 0.8816651014682219)
(0, 4, 0, 210, 0.7896442670088951)
(0, 4, 0, 211, 0.8537408719580556)
(0, 4, 0, 212, 0.791134624036133)
(0, 4, 0, 213, 0.9220205203738506)
(0, 4, 0, 214, 0.9525258207726842)
(0, 4, 0, 215, 0.8202094504631194)
(0, 4, 0, 216, 0.7436168282149109)
(0, 4, 0, 217, 0.8119271201989683)
(0, 4, 0, 218, 0.8140373802952054)
(0, 4, 0, 219, 1.0758746927196612)
(0, 4, 0, 220, 1.0178727178682654)
(0, 4, 0, 221, 0.9172530871015088)
(0, 4, 0, 222, 0.849331810201232)
(0, 4, 0, 223, 0.841917460503308)
(0, 4, 0, 224, 0.8530621578144487)
(0, 4, 0, 225, 0.841397420215861)
(0, 4, 0, 226, 0.9991216263841204)
(0, 4, 0, 227, 0.9625982291682268)
(0, 4, 0, 228, 0.7741351090770063)
(0, 4, 0, 229, 0.8915738412106833)
(0, 4, 0, 230, 1.0635480176991696)
(0, 4, 0, 231, 1.1024915260626547)
(0, 4, 0, 232, 0.8552851336294582)
(0, 4, 0, 233, 1.1735969903828665)
(0, 4, 0, 234, 0.89271634754948)
(0, 4, 0, 235, 1.0324162129984693)
(0, 4, 0, 236, 1.175557147352694)
(0, 4, 0, 237, 0.8845239887485381)
(0, 4, 0, 238, 0.8703857574305192)
(0, 4, 0, 239, 0.8008320457721305)
(0, 4, 0, 240, 0.8249111208544784)
(0, 4, 0, 241, 0.7811333607156935)
(0, 4, 0, 242, 1.1396456608419951)
(0, 4, 0, 243, 0.9088387340773016)
(0, 4, 0, 244, 0.8082260398548669)
(0, 4, 0, 245, 1.017180049464893)
(0, 4, 0, 246, 0.9437243804403925)
(0, 4, 0, 247, 1.060776308356437)
(0, 4, 0, 248, 0.8574430033975715)
(0, 4, 0, 249, 1.0946652299040462)
(0, 4, 1, 0, 1.1622946858409648)
(0, 4, 1, 1, 1.1051082550974014)
(0, 4, 1, 2, 1.1602443976774925)
(0, 4, 1, 3, 1.1400991545747903)
(0, 4, 1, 4, 1.1560128699537287)
(0, 4, 1, 5, 1.1199780606028682)
(0, 4, 1, 6, 1.1467362671970904)
(0, 4, 1, 7, 1.1823900812112929)
(0, 4, 1, 8, 1.1246213991006677)
(0, 4, 1, 9, 1.1809810255110855)
(0, 4, 1, 10, 1.0655406299160808)
(0, 4, 1, 11, 1.1633614839661668)
(0, 4, 1, 12, 1.172992678932031)
(0, 4, 1, 13, 1.144070735886374)
(0, 4, 1, 14, 1.1778183913926192)
(0, 4, 1, 15, 1.1530810557269406)
(0, 4, 1, 16, 1.1619603279904853)
(0, 4, 1, 17, 1.1520523845832207)
(0, 4, 1, 18, 1.1177114509232735)
(0, 4, 1, 19, 1.162857205612201)
(0, 4, 1, 20, 1.1591597441605677)
(0, 4, 1, 21, 1.1539072207069425)
(0, 4, 1, 22, 1.0871867856749873)
(0, 4, 1, 23, 1.1921372154440155)
(0, 4, 1, 24, 1.101026708734514)
(0, 4, 1, 25, 1.1470224801400066)
(0, 4, 1, 26, 1.190271637875017)
(0, 4, 1, 27, 1.1897711299895937)
(0, 4, 1, 28, 1.1485668421861068)
(0, 4, 1, 29, 1.0803029726949178)
(0, 4, 1, 30, 1.1764993652029154)
(0, 4, 1, 31, 1.1042199794845242)
(0, 4, 1, 32, 1.128874011711724)
(0, 4, 1, 33, 1.1259290812471912)
(0, 4, 1, 34, 1.1606283722023634)
(0, 4, 1, 35, 1.1755243962853454)
(0, 4, 1, 36, 1.1274010500771905)
(0, 4, 1, 37, 1.1949780744640726)
(0, 4, 1, 38, 1.1435315096166099)
(0, 4, 1, 39, 1.1879851431126194)
(0, 4, 1, 40, 1.0987783669118325)
(0, 4, 1, 41, 1.1532243056389406)
(0, 4, 1, 42, 1.1592467030015026)
(0, 4, 1, 43, 1.1440161836828495)
(0, 4, 1, 44, 1.1834636802472371)
(0, 4, 1, 45, 1.1793862900785406)
(0, 4, 1, 46, 1.1542250207210591)
(0, 4, 1, 47, 1.1636833864323988)
(0, 4, 1, 48, 1.1728621887500348)
(0, 4, 1, 49, 1.1540106685621376)
(0, 4, 1, 50, 1.147980312523022)
(0, 4, 1, 51, 1.1609198224464063)
(0, 4, 1, 52, 1.1983738566346074)
(0, 4, 1, 53, 1.1610423271092878)
(0, 4, 1, 54, 1.1452409343460814)
(0, 4, 1, 55, 1.181748277352981)
(0, 4, 1, 56, 1.1333652080633183)
(0, 4, 1, 57, 1.1718375016742142)
(0, 4, 1, 58, 1.1089032349265986)
(0, 4, 1, 59, 1.1813608470062456)
(0, 4, 1, 60, 1.1983738566346076)
(0, 4, 1, 61, 1.168239436226317)
(0, 4, 1, 62, 1.1662169779734013)
(0, 4, 1, 63, 1.1659344278824515)
(0, 4, 1, 64, 1.1325483636005864)
(0, 4, 1, 65, 1.1682847909725245)
(0, 4, 1, 66, 1.1968157274124442)
(0, 4, 1, 67, 1.14514717417274)
(0, 4, 1, 68, 1.184401433992229)
(0, 4, 1, 69, 1.1593144727969538)
(0, 4, 1, 70, 1.1374444216269861)
(0, 4, 1, 71, 1.1216677582688028)
(0, 4, 1, 72, 1.1399358915878306)
(0, 4, 1, 73, 1.1173708497523949)
(0, 4, 1, 74, 1.16919648952327)
(0, 4, 1, 75, 1.169760821885363)
(0, 4, 1, 76, 1.1620031969413278)
(0, 4, 1, 77, 1.1768394437897416)
(0, 4, 1, 78, 1.1323090463725247)
(0, 4, 1, 79, 1.1738378702202954)
(0, 4, 1, 80, 1.1596403962874506)
(0, 4, 1, 81, 1.165210444294818)
(0, 4, 1, 82, 1.1449234977431357)
(0, 4, 1, 83, 1.1514749979697945)
(0, 4, 1, 84, 1.169029501517034)
(0, 4, 1, 85, 1.1312764441680212)
(0, 4, 1, 86, 1.182696352203006)
(0, 4, 1, 87, 1.1630316084414518)
(0, 4, 1, 88, 1.171429860495629)
(0, 4, 1, 89, 1.1154362858095797)
(0, 4, 1, 90, 1.1404160871336582)
(0, 4, 1, 91, 1.1532969182952446)
(0, 4, 1, 92, 1.1704960041948176)
(0, 4, 1, 93, 1.1740755625935841)
(0, 4, 1, 94, 1.1760547529886909)
(0, 4, 1, 95, 1.1779316911121194)
(0, 4, 1, 96, 1.1120766279002323)
(0, 4, 1, 97, 1.1643489929289823)
(0, 4, 1, 98, 1.0801843077634539)
(0, 4, 1, 99, 1.129573055232239)
(0, 4, 1, 100, 1.1685734749327923)
(0, 4, 1, 101, 1.1387232058758743)
(0, 4, 1, 102, 1.1821419566886182)
(0, 4, 1, 103, 1.0899119707428517)
(0, 4, 1, 104, 1.1266919438399439)
(0, 4, 1, 105, 1.122098167451312)
(0, 4, 1, 106, 1.1562196481385463)
(0, 4, 1, 107, 1.1741232364885188)
(0, 4, 1, 108, 1.1478927415928122)
(0, 4, 1, 109, 1.1397717230930793)
(0, 4, 1, 110, 1.1913333975994358)
(0, 4, 1, 111, 1.1577767937777996)
(0, 4, 1, 112, 1.163365089672958)
(0, 4, 1, 113, 1.1692116166885056)
(0, 4, 1, 114, 1.1824398803218945)
(0, 4, 1, 115, 1.0906275238865035)
(0, 4, 1, 116, 1.1674015980260388)
(0, 4, 1, 117, 1.1702014055435364)
(0, 4, 1, 118, 1.158985232854601)
(0, 4, 1, 119, 1.1066871863786212)
(0, 4, 1, 120, 1.0981728756415117)
(0, 4, 1, 121, 1.1342453659867817)
(0, 4, 1, 122, 1.1878332651241894)
(0, 4, 1, 123, 1.1709495393966183)
(0, 4, 1, 124, 1.1453339978380732)
(0, 4, 1, 125, 1.0968600917329885)
(0, 4, 1, 126, 1.1177711438096898)
(0, 4, 1, 127, 1.1983738566346074)
(0, 4, 1, 128, 1.0921193640476652)
(0, 4, 1, 129, 1.1567637792415801)
(0, 4, 1, 130, 1.128243206120838)
(0, 4, 1, 131, 1.169286697920453)
(0, 4, 1, 132, 1.182287756867182)
(0, 4, 1, 133, 1.1779867250969502)
(0, 4, 1, 134, 1.1906078414215713)
(0, 4, 1, 135, 1.1607254377590568)
(0, 4, 1, 136, 1.196917725489719)
(0, 4, 1, 137, 1.152649275602612)
(0, 4, 1, 138, 1.128322764022677)
(0, 4, 1, 139, 1.1115774269826635)
(0, 4, 1, 140, 1.1646314775542577)
(0, 4, 1, 141, 1.1807817933536293)
(0, 4, 1, 142, 1.1849972782321236)
(0, 4, 1, 143, 1.1663834686522079)
(0, 4, 1, 144, 1.1685750444954413)
(0, 4, 1, 145, 1.1737981569300147)
(0, 4, 1, 146, 1.1939574484417146)
(0, 4, 1, 147, 1.1180637949304215)
(0, 4, 1, 148, 1.1850515193053648)
(0, 4, 1, 149, 1.0977464651551747)
(0, 4, 1, 150, 1.1772212494453111)
(0, 4, 1, 151, 1.1936185553565557)
(0, 4, 1, 152, 1.1679276587818943)
(0, 4, 1, 153, 1.118225215866395)
(0, 4, 1, 154, 1.1628880018364653)
(0, 4, 1, 155, 1.1700229800407695)
(0, 4, 1, 156, 1.1294558955626741)
(0, 4, 1, 157, 1.1632492362949185)
(0, 4, 1, 158, 1.1533389585782658)
(0, 4, 1, 159, 1.1684703386855766)
(0, 4, 1, 160, 1.1719423743267454)
(0, 4, 1, 161, 1.1977002454561985)
(0, 4, 1, 162, 1.1620227307548827)
(0, 4, 1, 163, 1.1273725332324047)
(0, 4, 1, 164, 1.1032363358496176)
(0, 4, 1, 165, 1.1579634797831448)
(0, 4, 1, 166, 1.1681386108285818)
(0, 4, 1, 167, 1.1875349524970287)
(0, 4, 1, 168, 1.1534385726133478)
(0, 4, 1, 169, 1.1175651186654607)
(0, 4, 1, 170, 1.1597010572231994)
(0, 4, 1, 171, 1.0762186829256633)
(0, 4, 1, 172, 1.1468613519379116)
(0, 4, 1, 173, 1.1558896325235586)
(0, 4, 1, 174, 1.1798000177755918)
(0, 4, 1, 175, 1.1568973247843453)
(0, 4, 1, 176, 1.196024478691668)
(0, 4, 1, 177, 1.154583955347845)
(0, 4, 1, 178, 1.1648969075129103)
(0, 4, 1, 179, 1.1735647064440484)
(0, 4, 1, 180, 1.1815550461065318)
(0, 4, 1, 181, 1.0801892711533676)
(0, 4, 1, 182, 1.1898118811521252)
(0, 4, 1, 183, 1.1269619902333843)
(0, 4, 1, 184, 1.17343517955143)
(0, 4, 1, 185, 1.1250378417333382)
(0, 4, 1, 186, 1.1491081413186641)
(0, 4, 1, 187, 1.1760280683470008)
(0, 4, 1, 188, 1.1403716790262644)
(0, 4, 1, 189, 1.1917895386054003)
(0, 4, 1, 190, 1.1982059681651822)
(0, 4, 1, 191, 1.162335221322669)
(0, 4, 1, 192, 1.1782938153059097)
(0, 4, 1, 193, 1.123992699318051)
(0, 4, 1, 194, 1.1662980366015805)
(0, 4, 1, 195, 1.1667062834370545)
(0, 4, 1, 196, 1.1549299714176002)
(0, 4, 1, 197, 1.1878341339199254)
(0, 4, 1, 198, 1.1781041911045744)
(0, 4, 1, 199, 1.1891611878462525)
(0, 4, 1, 200, 1.1681425248637207)
(0, 4, 1, 201, 1.1640102620588202)
(0, 4, 1, 202, 1.1576571229821375)
(0, 4, 1, 203, 1.1823347153089192)
(0, 4, 1, 204, 1.1513709079779255)
(0, 4, 1, 205, 1.1562769663675365)
(0, 4, 1, 206, 1.168372010317154)
(0, 4, 1, 207, 1.1776103491263374)
(0, 4, 1, 208, 1.1569419175063935)
(0, 4, 1, 209, 1.1625986369137766)
(0, 4, 1, 210, 1.146308338192886)
(0, 4, 1, 211, 1.1549209623013876)
(0, 4, 1, 212, 1.1679133949282616)
(0, 4, 1, 213, 1.172127718886446)
(0, 4, 1, 214, 1.190016644343559)
(0, 4, 1, 215, 1.138814945943418)
(0, 4, 1, 216, 1.1659578667762105)
(0, 4, 1, 217, 1.1063128340537003)
(0, 4, 1, 218, 1.1352312453487632)
(0, 4, 1, 219, 1.0645622233540664)
(0, 4, 1, 220, 1.169388748515005)
(0, 4, 1, 221, 1.1528015579511883)
(0, 4, 1, 222, 1.1490904732766065)
(0, 4, 1, 223, 1.078195653296774)
(0, 4, 1, 224, 1.1491789346101007)
(0, 4, 1, 225, 1.1737426380120057)
(0, 4, 1, 226, 1.168166905002887)
(0, 4, 1, 227, 1.171191520175601)
(0, 4, 1, 228, 1.1777379137021402)
(0, 4, 1, 229, 1.161127101867171)
(0, 4, 1, 230, 1.1878678625506671)
(0, 4, 1, 231, 1.191796081021998)
(0, 4, 1, 232, 1.18859828302181)
(0, 4, 1, 233, 1.1663893899174167)
(0, 4, 1, 234, 1.1590055477152115)
(0, 4, 1, 235, 1.1888802398294924)
(0, 4, 1, 236, 1.1023902700483608)
(0, 4, 1, 237, 1.1741093020202524)
(0, 4, 1, 238, 1.1477048926932512)
(0, 4, 1, 239, 1.1137948788419885)
(0, 4, 1, 240, 1.1539687963889358)
(0, 4, 1, 241, 1.1139711465163988)
(0, 4, 1, 242, 1.16215505196039)
(0, 4, 1, 243, 1.080930466594881)
(0, 4, 1, 244, 1.0672950393258143)
(0, 4, 1, 245, 1.0648241551483955)
(0, 4, 1, 246, 1.0556776129975216)
(0, 4, 1, 247, 1.1055024488254022)
(0, 4, 1, 248, 1.1520043157216586)
(0, 4, 1, 249, 1.1585890192386261)
