(0, 0, 0, 0, 554.2972659504951)
(0, 0, 0, 1, 726.9273071434927)
(0, 0, 0, 2, 654.8625059930259)
(0, 0, 0, 3, 563.4886529252155)
(0, 0, 0, 4, 776.6119065513228)
(0, 0, 0, 5, 697.0196400799588)
(0, 0, 0, 6, 630.7856287630497)
(0, 0, 0, 7, 547.8129570660744)
(0, 0, 0, 8, 688.2773165545291)
(0, 0, 0, 9, 586.3313582157951)
(0, 0, 0, 10, 498.12908004464833)
(0, 0, 0, 11, 683.6282648290587)
(0, 0, 0, 12, 657.4594653956663)
(0, 0, 0, 13, 815.6218787204039)
(0, 0, 0, 14, 547.7293462457799)
(0, 0, 0, 15, 651.2104015548623)
(0, 0, 0, 16, 568.8769161140742)
(0, 0, 0, 17, 858.9442038762801)
(0, 0, 0, 18, 893.7542008292853)
(0, 0, 0, 19, 651.7434573613752)
(0, 0, 0, 20, 714.8976516224528)
(0, 0, 0, 21, 711.3186570308334)
(0, 0, 0, 22, 596.2200479092176)
(0, 0, 0, 23, 870.6626061740931)
(0, 0, 0, 24, 479.2661072412346)
(0, 0, 0, 25, 647.4932833580756)
(0, 0, 0, 26, 618.222091217015)
(0, 0, 0, 27, 536.8941758430891)
(0, 0, 0, 28, 602.8428372309756)
(0, 0, 0, 29, 744.569788031839)
(0, 0, 0, 30, 767.9524040517393)
(0, 0, 0, 31, 754.4659035413122)
(0, 0, 0, 32, 757.1346379119094)
(0, 0, 0, 33, 605.9390575297656)
(0, 0, 0, 34, 605.4535959311901)
(0, 0, 0, 35, 620.5947488289281)
(0, 0, 0, 36, 686.8457535705305)
(0, 0, 0, 37, 493.19053049911275)
(0, 0, 0, 38, 511.3943024476542)
(0, 0, 0, 39, 612.4579223599454)
(0, 0, 0, 40, 613.3021672042232)
(0, 0, 0, 41, 579.9078432470177)
(0, 0, 0, 42, 828.9573981852409)
(0, 0, 0, 43, 654.047388265236)
(0, 0, 0, 44, 551.7353743092118)
(0, 0, 0, 45, 644.2859370097755)
(0, 0, 0, 46, 801.4190597630333)
(0, 0, 0, 47, 448.8076128609949)
(0, 0, 0, 48, 408.06801131883276)
(0, 0, 0, 49, 765.9815695456464)
(0, 0, 0, 50, 908.2817989471573)
(0, 0, 0, 51, 355.63435279808573)
(0, 0, 0, 52, 603.014327847092)
(0, 0, 0, 53, 620.230746506217)
(0, 0, 0, 54, 509.867599597505)
(0, 0, 0, 55, 820.2769247404328)
(0, 0, 0, 56, 710.8513604676951)
(0, 0, 0, 57, 757.2736003089001)
(0, 0, 0, 58, 683.61244873052)
(0, 0, 0, 59, 565.9275140399068)
(0, 0, 0, 60, 954.7120959705563)
(0, 0, 0, 61, 915.6270421475805)
(0, 0, 0, 62, 436.6649557248132)
(0, 0, 0, 63, 547.0696021879875)
(0, 0, 0, 64, 705.274969106655)
(0, 0, 0, 65, 820.2931045319981)
(0, 0, 0, 66, 637.4911860019896)
(0, 0, 0, 67, 719.6233536636353)
(0, 0, 0, 68, 673.5443329113733)
(0, 0, 0, 69, 446.5854173192732)
(0, 0, 0, 70, 661.0912117558149)
(0, 0, 0, 71, 857.2766323396509)
(0, 0, 0, 72, 836.8307730455787)
(0, 0, 0, 73, 693.6413976203821)
(0, 0, 0, 74, 543.3149466746147)
(0, 0, 0, 75, 630.5995223994726)
(0, 0, 0, 76, 502.34203247060043)
(0, 0, 0, 77, 871.3346636984568)
(0, 0, 0, 78, 784.021518077863)
(0, 0, 0, 79, 777.1852789894689)
(0, 0, 0, 80, 848.107472801336)
(0, 0, 0, 81, 455.2320548203196)
(0, 0, 0, 82, 493.2097747475745)
(0, 0, 0, 83, 575.2343441632097)
(0, 0, 0, 84, 553.3160059730245)
(0, 0, 0, 85, 421.1935309337863)
(0, 0, 0, 86, 738.2340074195197)
(0, 0, 0, 87, 666.3573949133306)
(0, 0, 0, 88, 982.8731680606323)
(0, 0, 0, 89, 729.9241770230449)
(0, 0, 0, 90, 557.8825513856654)
(0, 0, 0, 91, 751.4420853910083)
(0, 0, 0, 92, 680.2507873654577)
(0, 0, 0, 93, 768.8238917815463)
(0, 0, 0, 94, 678.5824528203286)
(0, 0, 0, 95, 679.320460711958)
(0, 0, 0, 96, 586.959877261684)
(0, 0, 0, 97, 727.4319264411627)
(0, 0, 0, 98, 535.0997856734969)
(0, 0, 0, 99, 686.2197637944668)
(0, 0, 0, 100, 869.8228636478744)
(0, 0, 0, 101, 1015.4028637049765)
(0, 0, 0, 102, 662.8069953066142)
(0, 0, 0, 103, 688.6280644329014)
(0, 0, 0, 104, 656.6363351996827)
(0, 0, 0, 105, 677.498504123023)
(0, 0, 0, 106, 953.6325176083693)
(0, 0, 0, 107, 734.5533793389211)
(0, 0, 0, 108, 675.6583803501215)
(0, 0, 0, 109, 723.1648067390379)
(0, 0, 0, 110, 712.29956038738)
(0, 0, 0, 111, 570.248993917)
(0, 0, 0, 112, 440.0474710255623)
(0, 0, 0, 113, 703.3881722051605)
(0, 0, 0, 114, 918.1872371563284)
(0, 0, 0, 115, 481.17100866529086)
(0, 0, 0, 116, 676.6954670179437)
(0, 0, 0, 117, 692.4897153153895)
(0, 0, 0, 118, 674.177148770921)
(0, 0, 0, 119, 811.0649015933925)
(0, 0, 0, 120, 628.3281781577006)
(0, 0, 0, 121, 734.098931200832)
(0, 0, 0, 122, 704.5965619919264)
(0, 0, 0, 123, 685.8642984369594)
(0, 0, 0, 124, 587.4433696046198)
(0, 0, 0, 125, 813.4744192668937)
(0, 0, 0, 126, 736.327938669748)
(0, 0, 0, 127, 585.0863295398889)
(0, 0, 0, 128, 1019.6407906637397)
(0, 0, 0, 129, 725.9034166260282)
(0, 0, 0, 130, 578.6190794393839)
(0, 0, 0, 131, 577.3241455625083)
(0, 0, 0, 132, 460.93693784773075)
(0, 0, 0, 133, 712.9687741217713)
(0, 0, 0, 134, 654.1166028559892)
(0, 0, 0, 135, 526.902861333893)
(0, 0, 0, 136, 552.9006528168995)
(0, 0, 0, 137, 878.5546704486349)
(0, 0, 0, 138, 624.3105935567024)
(0, 0, 0, 139, 833.9427560084467)
(0, 0, 0, 140, 506.7923290028201)
(0, 0, 0, 141, 710.7559379169709)
(0, 0, 0, 142, 516.5214988869626)
(0, 0, 0, 143, 747.0780858442274)
(0, 0, 0, 144, 644.9299984248424)
(0, 0, 0, 145, 643.2833823381512)
(0, 0, 0, 146, 644.7906584419908)
(0, 0, 0, 147, 483.50314947920236)
(0, 0, 0, 148, 612.0555505595402)
(0, 0, 0, 149, 412.1014971321585)
(0, 0, 0, 150, 791.9785498101215)
(0, 0, 0, 151, 693.639151985661)
(0, 0, 0, 152, 855.6354520665496)
(0, 0, 0, 153, 544.7311139496019)
(0, 0, 0, 154, 572.3415565939306)
(0, 0, 0, 155, 700.5343498580496)
(0, 0, 0, 156, 620.7056973653835)
(0, 0, 0, 157, 677.4110974685508)
(0, 0, 0, 158, 527.7914127294288)
(0, 0, 0, 159, 913.4213785792311)
(0, 0, 0, 160, 563.8087424856549)
(0, 0, 0, 161, 500.01946308255623)
(0, 0, 0, 162, 662.5069196690417)
(0, 0, 0, 163, 649.4432931349146)
(0, 0, 0, 164, 514.7087568624858)
(0, 0, 0, 165, 1089.7117503899742)
(0, 0, 0, 166, 583.9357215674662)
(0, 0, 0, 167, 672.6321176769476)
(0, 0, 0, 168, 993.479307089202)
(0, 0, 0, 169, 674.2235518513479)
(0, 0, 0, 170, 649.8658668172772)
(0, 0, 0, 171, 443.6781157219553)
(0, 0, 0, 172, 749.0393348467559)
(0, 0, 0, 173, 872.9602420475737)
(0, 0, 0, 174, 587.8751648279866)
(0, 0, 0, 175, 809.1950077907935)
(0, 0, 0, 176, 540.9040499161239)
(0, 0, 0, 177, 504.827365672021)
(0, 0, 0, 178, 587.0078704701191)
(0, 0, 0, 179, 854.6661876166556)
(0, 0, 0, 180, 660.5761049021584)
(0, 0, 0, 181, 453.30076523500657)
(0, 0, 0, 182, 498.611940849581)
(0, 0, 0, 183, 495.86209495273835)
(0, 0, 0, 184, 844.8876133003508)
(0, 0, 0, 185, 688.4294988131261)
(0, 0, 0, 186, 430.2695334224731)
(0, 0, 0, 187, 635.6582138704415)
(0, 0, 0, 188, 603.2028512845823)
(0, 0, 0, 189, 649.9790740531487)
(0, 0, 0, 190, 592.2129250870815)
(0, 0, 0, 191, 571.2366201897275)
(0, 0, 0, 192, 597.0329748607036)
(0, 0, 0, 193, 575.6877874493022)
(0, 0, 0, 194, 960.8983438628416)
(0, 0, 0, 195, 774.3534844659437)
(0, 0, 0, 196, 785.2612946603873)
(0, 0, 0, 197, 818.4838113108149)
(0, 0, 0, 198, 460.56670679790557)
(0, 0, 0, 199, 785.47820790966)
(0, 0, 0, 200, 837.9815793195844)
(0, 0, 0, 201, 495.4584616061262)
(0, 0, 0, 202, 675.819052178994)
(0, 0, 0, 203, 872.69413814534)
(0, 0, 0, 204, 668.9629919447837)
(0, 0, 0, 205, 726.2227210918087)
(0, 0, 0, 206, 662.2532656385957)
(0, 0, 0, 207, 793.0869352755202)
(0, 0, 0, 208, 810.854311187528)
(0, 0, 0, 209, 569.0905678458187)
(0, 0, 0, 210, 910.6810297211844)
(0, 0, 0, 211, 586.107155515878)
(0, 0, 0, 212, 553.2833272839988)
(0, 0, 0, 213, 605.8114608444778)
(0, 0, 0, 214, 689.6455886595816)
(0, 0, 0, 215, 620.2524215824385)
(0, 0, 0, 216, 755.3691307404398)
(0, 0, 0, 217, 776.0352001892765)
(0, 0, 0, 218, 642.7937147333321)
(0, 0, 0, 219, 557.5117109934482)
(0, 0, 0, 220, 573.7044882285151)
(0, 0, 0, 221, 605.6797561526299)
(0, 0, 0, 222, 701.4169089890074)
(0, 0, 0, 223, 641.1876137339317)
(0, 0, 0, 224, 878.6449395784872)
(0, 0, 0, 225, 891.0933435935025)
(0, 0, 0, 226, 686.4528119195868)
(0, 0, 0, 227, 727.5744870687623)
(0, 0, 0, 228, 505.96215920793446)
(0, 0, 0, 229, 705.8737611901215)
(0, 0, 0, 230, 549.676487384269)
(0, 0, 0, 231, 654.4459065734369)
(0, 0, 0, 232, 637.4728992810113)
(0, 0, 0, 233, 660.0170777487965)
(0, 0, 0, 234, 613.5753318090302)
(0, 0, 0, 235, 581.8127843666416)
(0, 0, 0, 236, 601.2910710938605)
(0, 0, 0, 237, 1095.841225031057)
(0, 0, 0, 238, 827.3292247556069)
(0, 0, 0, 239, 861.3961412643578)
(0, 0, 0, 240, 700.9521418786493)
(0, 0, 0, 241, 581.9216925183604)
(0, 0, 0, 242, 633.1253794805618)
(0, 0, 0, 243, 663.0783585844241)
(0, 0, 0, 244, 549.0067257336605)
(0, 0, 0, 245, 697.6507926153141)
(0, 0, 0, 246, 736.6117726281149)
(0, 0, 0, 247, 759.1731087132014)
(0, 0, 0, 248, 599.0097349898791)
(0, 0, 0, 249, 572.7252492133457)
(0, 0, 1, 0, 1116.9004837982743)
(0, 0, 1, 1, 1359.1576141407286)
(0, 0, 1, 2, 1034.7266846387558)
(0, 0, 1, 3, 712.2832178141514)
(0, 0, 1, 4, 1036.648899035783)
(0, 0, 1, 5, 852.4393335794351)
(0, 0, 1, 6, 950.4839961175096)
(0, 0, 1, 7, 2707.522849828174)
(0, 0, 1, 8, 1193.2332569362457)
(0, 0, 1, 9, 987.5900319832459)
(0, 0, 1, 10, 987.4414968144854)
(0, 0, 1, 11, 676.9358078543454)
(0, 0, 1, 12, 1234.401762282288)
(0, 0, 1, 13, 1644.3824181366172)
(0, 0, 1, 14, 1202.6389173196928)
(0, 0, 1, 15, 1844.2312189759796)
(0, 0, 1, 16, 1650.496585305745)
(0, 0, 1, 17, 1602.7497798516351)
(0, 0, 1, 18, 1927.9964628625482)
(0, 0, 1, 19, 1438.7664578516467)
(0, 0, 1, 20, 2005.497708645456)
(0, 0, 1, 21, 1294.1644625829615)
(0, 0, 1, 22, 822.4311527468452)
(0, 0, 1, 23, 1321.7250436678933)
(0, 0, 1, 24, 1082.069037412497)
(0, 0, 1, 25, 1863.5529016003147)
(0, 0, 1, 26, 2120.858193208347)
(0, 0, 1, 27, 1125.5689611015935)
(0, 0, 1, 28, 1658.0723473432372)
(0, 0, 1, 29, 1983.7532482431452)
(0, 0, 1, 30, 1884.7403536075533)
(0, 0, 1, 31, 1426.1931467070833)
(0, 0, 1, 32, 2235.9959334431023)
(0, 0, 1, 33, 3204.5379483635757)
(0, 0, 1, 34, 1274.315402646097)
(0, 0, 1, 35, 1229.8910218491606)
(0, 0, 1, 36, 1755.3544979553103)
(0, 0, 1, 37, 780.3560959915153)
(0, 0, 1, 38, 2875.356100004042)
(0, 0, 1, 39, 1267.8123251203892)
(0, 0, 1, 40, 1982.1398183439555)
(0, 0, 1, 41, 1974.0380951287173)
(0, 0, 1, 42, 1832.9885426801015)
(0, 0, 1, 43, 880.4843755337843)
(0, 0, 1, 44, 2755.471239418488)
(0, 0, 1, 45, 2679.234183586559)
(0, 0, 1, 46, 1223.5163449093016)
(0, 0, 1, 47, 1269.5134587000498)
(0, 0, 1, 48, 1239.7062119083496)
(0, 0, 1, 49, 1434.0039538547742)
(0, 0, 1, 50, 1263.8478495320076)
(0, 0, 1, 51, 582.6189942718896)
(0, 0, 1, 52, 2332.681788214032)
(0, 0, 1, 53, 2961.711765077989)
(0, 0, 1, 54, 1586.1193718973846)
(0, 0, 1, 55, 820.5013767423699)
(0, 0, 1, 56, 2004.8806387991303)
(0, 0, 1, 57, 1754.9592807410484)
(0, 0, 1, 58, 699.6712549159541)
(0, 0, 1, 59, 1896.1723791118593)
(0, 0, 1, 60, 1458.232500167864)
(0, 0, 1, 61, 1078.557215355314)
(0, 0, 1, 62, 1887.5814928351608)
(0, 0, 1, 63, 886.6252726133129)
(0, 0, 1, 64, 2540.9151064582265)
(0, 0, 1, 65, 980.9047722214314)
(0, 0, 1, 66, 1418.532607035209)
(0, 0, 1, 67, 1891.2652743363278)
(0, 0, 1, 68, 991.5954633316812)
(0, 0, 1, 69, 1875.028197537854)
(0, 0, 1, 70, 1444.214679359904)
(0, 0, 1, 71, 694.7072165779189)
(0, 0, 1, 72, 720.7514485907519)
(0, 0, 1, 73, 1876.2616908535279)
(0, 0, 1, 74, 1379.5594832888335)
(0, 0, 1, 75, 1149.4032871043225)
(0, 0, 1, 76, 794.9968555020408)
(0, 0, 1, 77, 1309.1385911440943)
(0, 0, 1, 78, 959.5134821437059)
(0, 0, 1, 79, 2182.5590600745136)
(0, 0, 1, 80, 1564.4449312968902)
(0, 0, 1, 81, 1817.751120771984)
(0, 0, 1, 82, 1435.5572767805127)
(0, 0, 1, 83, 656.2545442626464)
(0, 0, 1, 84, 2808.8598379982764)
(0, 0, 1, 85, 922.3825339555543)
(0, 0, 1, 86, 1301.3895453799955)
(0, 0, 1, 87, 2151.753787499757)
(0, 0, 1, 88, 974.0946443171428)
(0, 0, 1, 89, 1496.045923902047)
(0, 0, 1, 90, 1753.257588462086)
(0, 0, 1, 91, 1461.1907902180124)
(0, 0, 1, 92, 1183.627736644385)
(0, 0, 1, 93, 1201.942203342804)
(0, 0, 1, 94, 1823.7892563782686)
(0, 0, 1, 95, 2459.2588507052374)
(0, 0, 1, 96, 796.4459245507389)
(0, 0, 1, 97, 1253.5363518018623)
(0, 0, 1, 98, 2362.466585550384)
(0, 0, 1, 99, 1251.3471625296654)
(0, 0, 1, 100, 1916.5507343922106)
(0, 0, 1, 101, 1212.8909076335524)
(0, 0, 1, 102, 1359.9944328198253)
(0, 0, 1, 103, 1245.6411616330354)
(0, 0, 1, 104, 1707.0010262547885)
(0, 0, 1, 105, 2269.070095206654)
(0, 0, 1, 106, 1633.4417418507433)
(0, 0, 1, 107, 1147.2739387998624)
(0, 0, 1, 108, 1533.3421242331765)
(0, 0, 1, 109, 851.5701070493908)
(0, 0, 1, 110, 2493.132417842816)
(0, 0, 1, 111, 3555.734770676294)
(0, 0, 1, 112, 966.4376617541295)
(0, 0, 1, 113, 1410.1603826415308)
(0, 0, 1, 114, 2318.2077308721255)
(0, 0, 1, 115, 894.2803983915891)
(0, 0, 1, 116, 1278.964139661338)
(0, 0, 1, 117, 1165.140838801455)
(0, 0, 1, 118, 1078.1193721143918)
(0, 0, 1, 119, 1751.4113481401712)
(0, 0, 1, 120, 1160.2393896861233)
(0, 0, 1, 121, 2100.07591313339)
(0, 0, 1, 122, 1975.0869242009474)
(0, 0, 1, 123, 1059.125210754194)
(0, 0, 1, 124, 587.1100730830738)
(0, 0, 1, 125, 1462.88429379887)
(0, 0, 1, 126, 1775.6307358241213)
(0, 0, 1, 127, 1529.268282537497)
(0, 0, 1, 128, 1149.2783596525908)
(0, 0, 1, 129, 964.0478231574364)
(0, 0, 1, 130, 860.1010642406922)
(0, 0, 1, 131, 2797.96567098199)
(0, 0, 1, 132, 1852.303010755984)
(0, 0, 1, 133, 1546.379356119984)
(0, 0, 1, 134, 1406.6529203048472)
(0, 0, 1, 135, 1744.9133797679965)
(0, 0, 1, 136, 1460.8315716298684)
(0, 0, 1, 137, 2219.4444176619786)
(0, 0, 1, 138, 1770.9674058829692)
(0, 0, 1, 139, 1186.817299794276)
(0, 0, 1, 140, 1790.9381567761322)
(0, 0, 1, 141, 1339.2144043864475)
(0, 0, 1, 142, 1505.218770187335)
(0, 0, 1, 143, 1331.501672380253)
(0, 0, 1, 144, 1119.2039893291708)
(0, 0, 1, 145, 1071.3143481371153)
(0, 0, 1, 146, 1940.5991294703085)
(0, 0, 1, 147, 2311.8437927765212)
(0, 0, 1, 148, 1829.4468392297715)
(0, 0, 1, 149, 825.050610354948)
(0, 0, 1, 150, 1831.3571710529109)
(0, 0, 1, 151, 2731.9968821621424)
(0, 0, 1, 152, 1405.3916345344016)
(0, 0, 1, 153, 1559.0378646750828)
(0, 0, 1, 154, 1302.4988595021728)
(0, 0, 1, 155, 1224.4803828269098)
(0, 0, 1, 156, 1303.007537213083)
(0, 0, 1, 157, 2048.669708199252)
(0, 0, 1, 158, 748.8332977079617)
(0, 0, 1, 159, 905.3619818847849)
(0, 0, 1, 160, 1359.2240085413341)
(0, 0, 1, 161, 1819.5901416410538)
(0, 0, 1, 162, 1523.2334409499053)
(0, 0, 1, 163, 1093.8357892563506)
(0, 0, 1, 164, 1579.9701515306438)
(0, 0, 1, 165, 1325.0236077606135)
(0, 0, 1, 166, 1017.2839766199306)
(0, 0, 1, 167, 3196.942158462118)
(0, 0, 1, 168, 1209.669516208459)
(0, 0, 1, 169, 1125.7945333675957)
(0, 0, 1, 170, 1157.6791500195543)
(0, 0, 1, 171, 602.43880005961)
(0, 0, 1, 172, 917.6526127566362)
(0, 0, 1, 173, 1755.771157528422)
(0, 0, 1, 174, 880.9874460282916)
(0, 0, 1, 175, 1433.1761199089947)
(0, 0, 1, 176, 1412.7505916033833)
(0, 0, 1, 177, 806.8903103464265)
(0, 0, 1, 178, 2047.35755241627)
(0, 0, 1, 179, 843.3497082264358)
(0, 0, 1, 180, 1059.1300911336334)
(0, 0, 1, 181, 1975.7922167757026)
(0, 0, 1, 182, 1664.4262005088542)
(0, 0, 1, 183, 1860.8083437169803)
(0, 0, 1, 184, 1075.4682152068558)
(0, 0, 1, 185, 1423.4956038179332)
(0, 0, 1, 186, 938.4449298299113)
(0, 0, 1, 187, 1025.5269195313203)
(0, 0, 1, 188, 958.0702851903512)
(0, 0, 1, 189, 981.122152111658)
(0, 0, 1, 190, 1258.8510430687686)
(0, 0, 1, 191, 1326.7936654723735)
(0, 0, 1, 192, 1519.0601332370584)
(0, 0, 1, 193, 1127.2900680980513)
(0, 0, 1, 194, 1004.0576915859937)
(0, 0, 1, 195, 1698.5545012110485)
(0, 0, 1, 196, 1082.8035079381677)
(0, 0, 1, 197, 1730.2271429540278)
(0, 0, 1, 198, 758.7198350837364)
(0, 0, 1, 199, 2130.63125082435)
(0, 0, 1, 200, 2606.2452786787967)
(0, 0, 1, 201, 1065.9991991694412)
(0, 0, 1, 202, 1432.5372372655345)
(0, 0, 1, 203, 1371.8740435649252)
(0, 0, 1, 204, 723.662357468016)
(0, 0, 1, 205, 1881.7040432962103)
(0, 0, 1, 206, 1442.4259821931068)
(0, 0, 1, 207, 573.610605320883)
(0, 0, 1, 208, 1936.4146552526324)
(0, 0, 1, 209, 1696.5557308031757)
(0, 0, 1, 210, 1449.456128007517)
(0, 0, 1, 211, 980.5662558424136)
(0, 0, 1, 212, 1740.8461445215682)
(0, 0, 1, 213, 2740.914853714871)
(0, 0, 1, 214, 1115.3694333604703)
(0, 0, 1, 215, 1407.0706229442646)
(0, 0, 1, 216, 1491.0241746978168)
(0, 0, 1, 217, 1377.1170382273287)
(0, 0, 1, 218, 1679.7897968649027)
(0, 0, 1, 219, 2934.3731272961595)
(0, 0, 1, 220, 3272.629520108203)
(0, 0, 1, 221, 1848.049001734537)
(0, 0, 1, 222, 1271.1763824342104)
(0, 0, 1, 223, 1986.6012890267227)
(0, 0, 1, 224, 1428.76269090894)
(0, 0, 1, 225, 813.4584161650201)
(0, 0, 1, 226, 1265.961000842622)
(0, 0, 1, 227, 1340.6864002863501)
(0, 0, 1, 228, 2009.8733169272582)
(0, 0, 1, 229, 1349.2269684492994)
(0, 0, 1, 230, 1277.8901436676526)
(0, 0, 1, 231, 883.5191616778493)
(0, 0, 1, 232, 1831.903634446332)
(0, 0, 1, 233, 885.1397788168366)
(0, 0, 1, 234, 1180.0530179810291)
(0, 0, 1, 235, 1498.4254718508341)
(0, 0, 1, 236, 1871.4777984871664)
(0, 0, 1, 237, 1030.3647387522467)
(0, 0, 1, 238, 1137.4319471369258)
(0, 0, 1, 239, 1440.364455725821)
(0, 0, 1, 240, 1986.7886778058967)
(0, 0, 1, 241, 1579.8791722450103)
(0, 0, 1, 242, 797.4457048813427)
(0, 0, 1, 243, 873.3869288882232)
(0, 0, 1, 244, 2188.483642339448)
(0, 0, 1, 245, 1899.9767252784757)
(0, 0, 1, 246, 1567.456653102587)
(0, 0, 1, 247, 1040.4925716827463)
(0, 0, 1, 248, 740.8679641428545)
(0, 0, 1, 249, 581.7491634662647)
(0, 1, 0, 0, 528.028237257573)
(0, 1, 0, 1, 810.3514087781451)
(0, 1, 0, 2, 542.619189103416)
(0, 1, 0, 3, 474.51800899612)
(0, 1, 0, 4, 706.0571382306871)
(0, 1, 0, 5, 637.2931287865924)
(0, 1, 0, 6, 491.91151952299236)
(0, 1, 0, 7, 623.1447819268035)
(0, 1, 0, 8, 708.3062380478895)
(0, 1, 0, 9, 735.0160221452887)
(0, 1, 0, 10, 435.61556465767467)
(0, 1, 0, 11, 646.1184695156174)
(0, 1, 0, 12, 696.5781374296752)
(0, 1, 0, 13, 714.5304840234855)
(0, 1, 0, 14, 561.1938488825484)
(0, 1, 0, 15, 557.9301778013959)
(0, 1, 0, 16, 591.6679530777393)
(0, 1, 0, 17, 883.7923628175008)
(0, 1, 0, 18, 1138.2537565940681)
(0, 1, 0, 19, 943.6445286416457)
(0, 1, 0, 20, 630.1029620724888)
(0, 1, 0, 21, 434.1334729376908)
(0, 1, 0, 22, 650.1921625634037)
(0, 1, 0, 23, 1032.5358581373337)
(0, 1, 0, 24, 632.0099826376613)
(0, 1, 0, 25, 387.4282813367989)
(0, 1, 0, 26, 775.8666425174492)
(0, 1, 0, 27, 637.0184351817567)
(0, 1, 0, 28, 716.1244650820416)
(0, 1, 0, 29, 568.2668815349467)
(0, 1, 0, 30, 736.1739549232441)
(0, 1, 0, 31, 752.8451406914202)
(0, 1, 0, 32, 829.501731521313)
(0, 1, 0, 33, 534.195803739682)
(0, 1, 0, 34, 389.8134268296427)
(0, 1, 0, 35, 558.4440683313544)
(0, 1, 0, 36, 858.4771585060157)
(0, 1, 0, 37, 664.4536944537426)
(0, 1, 0, 38, 550.602286261808)
(0, 1, 0, 39, 756.8069827787401)
(0, 1, 0, 40, 638.1744718611558)
(0, 1, 0, 41, 695.9295289381137)
(0, 1, 0, 42, 696.1512382492721)
(0, 1, 0, 43, 785.3167310933538)
(0, 1, 0, 44, 775.8507141331997)
(0, 1, 0, 45, 637.4151599268458)
(0, 1, 0, 46, 604.2806916916079)
(0, 1, 0, 47, 513.5958801145357)
(0, 1, 0, 48, 517.1850670373934)
(0, 1, 0, 49, 537.8809376818804)
(0, 1, 0, 50, 707.8846481978296)
(0, 1, 0, 51, 466.32994814419595)
(0, 1, 0, 52, 671.0071170613099)
(0, 1, 0, 53, 755.094987939055)
(0, 1, 0, 54, 651.1083256437076)
(0, 1, 0, 55, 673.285540890213)
(0, 1, 0, 56, 587.89340159557)
(0, 1, 0, 57, 655.4979661667347)
(0, 1, 0, 58, 679.2774379598397)
(0, 1, 0, 59, 723.8693254074487)
(0, 1, 0, 60, 955.94730964965)
(0, 1, 0, 61, 1119.799902112305)
(0, 1, 0, 62, 720.2732473311614)
(0, 1, 0, 63, 578.0478339795125)
(0, 1, 0, 64, 925.5595644482672)
(0, 1, 0, 65, 837.4771773930569)
(0, 1, 0, 66, 591.1115491002149)
(0, 1, 0, 67, 687.7371217988299)
(0, 1, 0, 68, 705.4483627533535)
(0, 1, 0, 69, 568.2695050440022)
(0, 1, 0, 70, 687.2532858942138)
(0, 1, 0, 71, 926.1012135543933)
(0, 1, 0, 72, 1035.3258595239888)
(0, 1, 0, 73, 540.0119022858878)
(0, 1, 0, 74, 645.698023324945)
(0, 1, 0, 75, 709.4720801289141)
(0, 1, 0, 76, 453.1427743975668)
(0, 1, 0, 77, 959.2911575459614)
(0, 1, 0, 78, 691.8362925136993)
(0, 1, 0, 79, 901.3728304650135)
(0, 1, 0, 80, 982.9725251588842)
(0, 1, 0, 81, 527.9380121522238)
(0, 1, 0, 82, 671.9182826373848)
(0, 1, 0, 83, 714.9624165332687)
(0, 1, 0, 84, 619.9871144230407)
(0, 1, 0, 85, 644.2657912509243)
(0, 1, 0, 86, 808.14309011321)
(0, 1, 0, 87, 561.2669715998563)
(0, 1, 0, 88, 1033.5978791137509)
(0, 1, 0, 89, 771.760046773774)
(0, 1, 0, 90, 570.8338257581252)
(0, 1, 0, 91, 483.4087407932542)
(0, 1, 0, 92, 756.598535762938)
(0, 1, 0, 93, 824.2882301923868)
(0, 1, 0, 94, 966.0736225487503)
(0, 1, 0, 95, 578.2654449802669)
(0, 1, 0, 96, 372.7809294729541)
(0, 1, 0, 97, 782.1063290498759)
(0, 1, 0, 98, 699.6204316051069)
(0, 1, 0, 99, 958.9910822727439)
(0, 1, 0, 100, 791.1261153648835)
(0, 1, 0, 101, 1081.6779632683738)
(0, 1, 0, 102, 668.3703526577216)
(0, 1, 0, 103, 602.5843777171206)
(0, 1, 0, 104, 628.6692448283845)
(0, 1, 0, 105, 759.9458379685395)
(0, 1, 0, 106, 737.0448793488641)
(0, 1, 0, 107, 793.2970557151863)
(0, 1, 0, 108, 708.8324118844863)
(0, 1, 0, 109, 802.3076644348245)
(0, 1, 0, 110, 889.2379455673565)
(0, 1, 0, 111, 741.7555062864608)
(0, 1, 0, 112, 487.8130782953887)
(0, 1, 0, 113, 711.2088233065596)
(0, 1, 0, 114, 657.9502345908697)
(0, 1, 0, 115, 427.539086514132)
(0, 1, 0, 116, 722.7307582640818)
(0, 1, 0, 117, 626.7956223130166)
(0, 1, 0, 118, 933.3592044054591)
(0, 1, 0, 119, 797.5709916889173)
(0, 1, 0, 120, 501.08104667930763)
(0, 1, 0, 121, 947.3009501062056)
(0, 1, 0, 122, 946.4822470263327)
(0, 1, 0, 123, 547.1382422196674)
(0, 1, 0, 124, 615.7713509109217)
(0, 1, 0, 125, 814.0070432322794)
(0, 1, 0, 126, 882.0281225672007)
(0, 1, 0, 127, 582.9666631835693)
(0, 1, 0, 128, 796.1001233894675)
(0, 1, 0, 129, 622.8892968041229)
(0, 1, 0, 130, 539.0131794688562)
(0, 1, 0, 131, 628.3316451428731)
(0, 1, 0, 132, 600.207741352696)
(0, 1, 0, 133, 630.7858563126085)
(0, 1, 0, 134, 640.1210675534782)
(0, 1, 0, 135, 591.3799756925655)
(0, 1, 0, 136, 701.4839041030943)
(0, 1, 0, 137, 757.0863057975989)
(0, 1, 0, 138, 725.9738259141728)
(0, 1, 0, 139, 817.4672108060736)
(0, 1, 0, 140, 712.4877217873087)
(0, 1, 0, 141, 702.5424107757317)
(0, 1, 0, 142, 533.0514086942059)
(0, 1, 0, 143, 697.282582480937)
(0, 1, 0, 144, 536.7509126451831)
(0, 1, 0, 145, 512.3785531114854)
(0, 1, 0, 146, 650.2038690857131)
(0, 1, 0, 147, 669.7339556375822)
(0, 1, 0, 148, 661.1173784578222)
(0, 1, 0, 149, 284.2138416974769)
(0, 1, 0, 150, 763.1258486690142)
(0, 1, 0, 151, 515.0163181088957)
(0, 1, 0, 152, 1022.2896715310471)
(0, 1, 0, 153, 515.2290209989136)
(0, 1, 0, 154, 611.1917742087252)
(0, 1, 0, 155, 640.1960893009899)
(0, 1, 0, 156, 796.70736258402)
(0, 1, 0, 157, 567.561976746015)
(0, 1, 0, 158, 551.378796930056)
(0, 1, 0, 159, 857.9407097430777)
(0, 1, 0, 160, 432.8511875335801)
(0, 1, 0, 161, 657.3136435605024)
(0, 1, 0, 162, 789.7841774241795)
(0, 1, 0, 163, 927.3539950147937)
(0, 1, 0, 164, 605.63254459846)
(0, 1, 0, 165, 998.8900440210609)
(0, 1, 0, 166, 594.6288375915366)
(0, 1, 0, 167, 848.426312564061)
(0, 1, 0, 168, 1006.9563816606262)
(0, 1, 0, 169, 656.5840431960505)
(0, 1, 0, 170, 573.6826908375031)
(0, 1, 0, 171, 418.95102127330586)
(0, 1, 0, 172, 793.8026243931872)
(0, 1, 0, 173, 1048.4312738702563)
(0, 1, 0, 174, 795.4116621715735)
(0, 1, 0, 175, 803.9467139328056)
(0, 1, 0, 176, 423.35357507292326)
(0, 1, 0, 177, 460.04827472934977)
(0, 1, 0, 178, 430.18133142042535)
(0, 1, 0, 179, 665.3871911154525)
(0, 1, 0, 180, 656.9408245454766)
(0, 1, 0, 181, 429.8668975534815)
(0, 1, 0, 182, 599.5189213304105)
(0, 1, 0, 183, 483.93703312949725)
(0, 1, 0, 184, 704.8799987558227)
(0, 1, 0, 185, 788.9334717406005)
(0, 1, 0, 186, 375.5707918555894)
(0, 1, 0, 187, 545.901716858537)
(0, 1, 0, 188, 508.5895252239254)
(0, 1, 0, 189, 511.0569383983918)
(0, 1, 0, 190, 525.354541277778)
(0, 1, 0, 191, 586.2994743727271)
(0, 1, 0, 192, 609.1053099953027)
(0, 1, 0, 193, 798.2456193126151)
(0, 1, 0, 194, 1033.2329723716477)
(0, 1, 0, 195, 862.5022775509834)
(0, 1, 0, 196, 637.8494225594231)
(0, 1, 0, 197, 904.2246573460233)
(0, 1, 0, 198, 538.1588854957381)
(0, 1, 0, 199, 720.4346139670141)
(0, 1, 0, 200, 859.9086567179518)
(0, 1, 0, 201, 414.71225139340686)
(0, 1, 0, 202, 697.8921677635917)
(0, 1, 0, 203, 951.7558395665927)
(0, 1, 0, 204, 684.4678195504368)
(0, 1, 0, 205, 473.9276011204279)
(0, 1, 0, 206, 615.1747964592123)
(0, 1, 0, 207, 941.4158263820876)
(0, 1, 0, 208, 912.6589621893822)
(0, 1, 0, 209, 589.4386333405081)
(0, 1, 0, 210, 855.0833351312456)
(0, 1, 0, 211, 493.24184783763843)
(0, 1, 0, 212, 481.6162452975002)
(0, 1, 0, 213, 669.1261809319494)
(0, 1, 0, 214, 546.13632612532)
(0, 1, 0, 215, 530.7765344552912)
(0, 1, 0, 216, 496.72700191689603)
(0, 1, 0, 217, 705.9780566981873)
(0, 1, 0, 218, 625.822687547827)
(0, 1, 0, 219, 454.91222967266634)
(0, 1, 0, 220, 842.8790834578977)
(0, 1, 0, 221, 650.8444848009019)
(0, 1, 0, 222, 862.4756619634207)
(0, 1, 0, 223, 665.9288379127095)
(0, 1, 0, 224, 719.8799387013898)
(0, 1, 0, 225, 799.4456028709573)
(0, 1, 0, 226, 584.6981513275821)
(0, 1, 0, 227, 422.4975070747295)
(0, 1, 0, 228, 757.756673707562)
(0, 1, 0, 229, 777.6248971892664)
(0, 1, 0, 230, 619.6409439160107)
(0, 1, 0, 231, 386.5691716426969)
(0, 1, 0, 232, 712.9874660452818)
(0, 1, 0, 233, 660.952714428648)
(0, 1, 0, 234, 412.15819038478054)
(0, 1, 0, 235, 463.3106019462735)
(0, 1, 0, 236, 733.7769164906109)
(0, 1, 0, 237, 990.5650827786577)
(0, 1, 0, 238, 881.3107905283174)
(0, 1, 0, 239, 868.19410799842)
(0, 1, 0, 240, 786.1187412416033)
(0, 1, 0, 241, 775.4183855892082)
(0, 1, 0, 242, 714.6374167839169)
(0, 1, 0, 243, 636.1472714919836)
(0, 1, 0, 244, 787.3534960529868)
(0, 1, 0, 245, 783.1027623710869)
(0, 1, 0, 246, 681.1209740949048)
(0, 1, 0, 247, 721.9085380240501)
(0, 1, 0, 248, 761.0104249022747)
(0, 1, 0, 249, 612.0587743164036)
(0, 1, 1, 0, 1043.0406557505323)
(0, 1, 1, 1, 1415.5216847399965)
(0, 1, 1, 2, 1012.7236807372287)
(0, 1, 1, 3, 643.3638303436707)
(0, 1, 1, 4, 891.8646833776845)
(0, 1, 1, 5, 866.6551298759189)
(0, 1, 1, 6, 1063.4546566483273)
(0, 1, 1, 7, 2568.1743799176775)
(0, 1, 1, 8, 1108.4236241469973)
(0, 1, 1, 9, 975.0334341450234)
(0, 1, 1, 10, 1060.283894965846)
(0, 1, 1, 11, 590.9757620653587)
(0, 1, 1, 12, 1115.14360726672)
(0, 1, 1, 13, 1653.2263842467685)
(0, 1, 1, 14, 1236.9392302759873)
(0, 1, 1, 15, 1952.5292525500013)
(0, 1, 1, 16, 1833.045306489245)
(0, 1, 1, 17, 1534.6985547004879)
(0, 1, 1, 18, 1868.3967023971186)
(0, 1, 1, 19, 1571.3449912492322)
(0, 1, 1, 20, 2031.9554260954599)
(0, 1, 1, 21, 1471.4954882621812)
(0, 1, 1, 22, 789.5078701676443)
(0, 1, 1, 23, 1350.0899846972482)
(0, 1, 1, 24, 1017.0382754008141)
(0, 1, 1, 25, 1875.1394204550022)
(0, 1, 1, 26, 2203.5775201851125)
(0, 1, 1, 27, 946.3318155750951)
(0, 1, 1, 28, 1595.2670541419975)
(0, 1, 1, 29, 1857.4193472771442)
(0, 1, 1, 30, 1822.0931107557244)
(0, 1, 1, 31, 1561.985782571202)
(0, 1, 1, 32, 2239.1514324137747)
(0, 1, 1, 33, 3237.6043414296764)
(0, 1, 1, 34, 1362.7414500634904)
(0, 1, 1, 35, 1156.6819019047102)
(0, 1, 1, 36, 1870.671873172432)
(0, 1, 1, 37, 788.9264586060859)
(0, 1, 1, 38, 2614.52717677825)
(0, 1, 1, 39, 1427.1559036393824)
(0, 1, 1, 40, 1993.8933537377643)
(0, 1, 1, 41, 1831.7299983726864)
(0, 1, 1, 42, 1758.9239363687116)
(0, 1, 1, 43, 962.004775229748)
(0, 1, 1, 44, 2906.0459805526298)
(0, 1, 1, 45, 2605.018424475767)
(0, 1, 1, 46, 1059.4714297000546)
(0, 1, 1, 47, 1445.6793927880256)
(0, 1, 1, 48, 1387.8874347549938)
(0, 1, 1, 49, 1357.9581991781924)
(0, 1, 1, 50, 1248.7343794066178)
(0, 1, 1, 51, 667.7373775588455)
(0, 1, 1, 52, 2609.9693715650433)
(0, 1, 1, 53, 3147.3043555740037)
(0, 1, 1, 54, 1757.0413346931578)
(0, 1, 1, 55, 850.53468383657)
(0, 1, 1, 56, 1771.7698695282902)
(0, 1, 1, 57, 1603.8788762521826)
(0, 1, 1, 58, 870.8456490276002)
(0, 1, 1, 59, 1983.1564737647689)
(0, 1, 1, 60, 1406.838961722849)
(0, 1, 1, 61, 1177.96159017204)
(0, 1, 1, 62, 2019.895159096715)
(0, 1, 1, 63, 829.8410242560998)
(0, 1, 1, 64, 2091.653669305885)
(0, 1, 1, 65, 992.7069789837078)
(0, 1, 1, 66, 1345.105935919829)
(0, 1, 1, 67, 2190.826547608294)
(0, 1, 1, 68, 1148.9788909439928)
(0, 1, 1, 69, 1975.845271266011)
(0, 1, 1, 70, 1427.543128325955)
(0, 1, 1, 71, 696.280209947697)
(0, 1, 1, 72, 752.1484323254924)
(0, 1, 1, 73, 1531.968065699204)
(0, 1, 1, 74, 1374.5978135005928)
(0, 1, 1, 75, 1294.2216460820184)
(0, 1, 1, 76, 832.1328067658724)
(0, 1, 1, 77, 1191.2864299176763)
(0, 1, 1, 78, 1044.89133098791)
(0, 1, 1, 79, 2393.5409755248215)
(0, 1, 1, 80, 1410.0510996806038)
(0, 1, 1, 81, 1854.3908579807796)
(0, 1, 1, 82, 1446.6822464293518)
(0, 1, 1, 83, 583.6758942005617)
(0, 1, 1, 84, 2480.448594893113)
(0, 1, 1, 85, 982.9763883268851)
(0, 1, 1, 86, 1503.517699079886)
(0, 1, 1, 87, 2033.5151136711986)
(0, 1, 1, 88, 903.675019299941)
(0, 1, 1, 89, 1547.929260883025)
(0, 1, 1, 90, 1775.7181153911968)
(0, 1, 1, 91, 1517.7891120752295)
(0, 1, 1, 92, 1188.7646014338598)
(0, 1, 1, 93, 1243.7627354198567)
(0, 1, 1, 94, 1943.854649530429)
(0, 1, 1, 95, 2148.3719749208103)
(0, 1, 1, 96, 836.1847748690882)
(0, 1, 1, 97, 1268.9820041875942)
(0, 1, 1, 98, 2377.7994348416487)
(0, 1, 1, 99, 1205.0300858987125)
(0, 1, 1, 100, 2151.894514406376)
(0, 1, 1, 101, 898.8973510239316)
(0, 1, 1, 102, 1343.1182981346808)
(0, 1, 1, 103, 975.4678723425288)
(0, 1, 1, 104, 1329.556617293041)
(0, 1, 1, 105, 2122.323643852993)
(0, 1, 1, 106, 1876.1493289835203)
(0, 1, 1, 107, 1178.3412961164886)
(0, 1, 1, 108, 1410.9264095913777)
(0, 1, 1, 109, 895.5602333277461)
(0, 1, 1, 110, 2747.657038711394)
(0, 1, 1, 111, 3624.7018703235135)
(0, 1, 1, 112, 957.6707441082651)
(0, 1, 1, 113, 1173.020919018178)
(0, 1, 1, 114, 1884.2881203177035)
(0, 1, 1, 115, 932.0122917784821)
(0, 1, 1, 116, 1060.781505325778)
(0, 1, 1, 117, 1257.6445068011826)
(0, 1, 1, 118, 1134.986355005812)
(0, 1, 1, 119, 2060.8437303681426)
(0, 1, 1, 120, 985.1468545296966)
(0, 1, 1, 121, 2206.3444055450054)
(0, 1, 1, 122, 2013.1504435391953)
(0, 1, 1, 123, 956.1663316025735)
(0, 1, 1, 124, 527.2850118476849)
(0, 1, 1, 125, 1647.6782011585967)
(0, 1, 1, 126, 1759.0019071778586)
(0, 1, 1, 127, 1580.1926511011109)
(0, 1, 1, 128, 917.6018151015671)
(0, 1, 1, 129, 711.221174366524)
(0, 1, 1, 130, 900.002959155566)
(0, 1, 1, 131, 2343.7893137884735)
(0, 1, 1, 132, 2001.8110305273237)
(0, 1, 1, 133, 1299.9795620340321)
(0, 1, 1, 134, 1302.6004902290297)
(0, 1, 1, 135, 1587.6263265422917)
(0, 1, 1, 136, 1645.8384693235446)
(0, 1, 1, 137, 2169.052350157016)
(0, 1, 1, 138, 1711.6776597151106)
(0, 1, 1, 139, 1284.8182289212805)
(0, 1, 1, 140, 1486.0775622098452)
(0, 1, 1, 141, 1361.5538414802422)
(0, 1, 1, 142, 1244.5246601404695)
(0, 1, 1, 143, 1518.7202130128217)
(0, 1, 1, 144, 1054.8805209998645)
(0, 1, 1, 145, 1244.0498658591448)
(0, 1, 1, 146, 1930.4311301375562)
(0, 1, 1, 147, 2342.3337105930827)
(0, 1, 1, 148, 1717.3586172011278)
(0, 1, 1, 149, 925.1182812366795)
(0, 1, 1, 150, 1889.8648297354687)
(0, 1, 1, 151, 2510.9960902447406)
(0, 1, 1, 152, 1568.995442095202)
(0, 1, 1, 153, 1293.9514683144178)
(0, 1, 1, 154, 1340.7333115571084)
(0, 1, 1, 155, 1318.257017493829)
(0, 1, 1, 156, 1200.3985108186346)
(0, 1, 1, 157, 1955.785039236989)
(0, 1, 1, 158, 871.9825495307992)
(0, 1, 1, 159, 776.1137322975858)
(0, 1, 1, 160, 1552.8523637952246)
(0, 1, 1, 161, 1492.5232351180098)
(0, 1, 1, 162, 1356.7325230934237)
(0, 1, 1, 163, 1118.9184458714926)
(0, 1, 1, 164, 1596.4889586010152)
(0, 1, 1, 165, 1211.4057446391146)
(0, 1, 1, 166, 833.438449361614)
(0, 1, 1, 167, 3420.9350334164956)
(0, 1, 1, 168, 1325.1626648602053)
(0, 1, 1, 169, 1274.198214086946)
(0, 1, 1, 170, 1207.4609165965924)
(0, 1, 1, 171, 670.4506432545436)
(0, 1, 1, 172, 997.5475674190757)
(0, 1, 1, 173, 1685.42856584703)
(0, 1, 1, 174, 885.0435972167421)
(0, 1, 1, 175, 1460.2785846252689)
(0, 1, 1, 176, 1116.5777176765887)
(0, 1, 1, 177, 934.503428248362)
(0, 1, 1, 178, 1822.794882160143)
(0, 1, 1, 179, 847.3603282084271)
(0, 1, 1, 180, 1006.1035182059294)
(0, 1, 1, 181, 1783.7376265367493)
(0, 1, 1, 182, 1637.1393176332776)
(0, 1, 1, 183, 1677.7570899974296)
(0, 1, 1, 184, 1160.7480793276513)
(0, 1, 1, 185, 1613.470137389321)
(0, 1, 1, 186, 984.3289993859408)
(0, 1, 1, 187, 1030.3594687275433)
(0, 1, 1, 188, 894.4353261989285)
(0, 1, 1, 189, 955.8590109121673)
(0, 1, 1, 190, 1383.3768900793716)
(0, 1, 1, 191, 1343.5438501941717)
(0, 1, 1, 192, 1420.8712476028634)
(0, 1, 1, 193, 1169.6947654303194)
(0, 1, 1, 194, 1046.3602239021789)
(0, 1, 1, 195, 1608.3205876756776)
(0, 1, 1, 196, 1165.5282843489533)
(0, 1, 1, 197, 1732.8325008563418)
(0, 1, 1, 198, 743.1231082466005)
(0, 1, 1, 199, 1886.2946621551255)
(0, 1, 1, 200, 2484.1725093375944)
(0, 1, 1, 201, 1180.3665457933969)
(0, 1, 1, 202, 1473.2815744648758)
(0, 1, 1, 203, 1317.028243917469)
(0, 1, 1, 204, 750.7082676930962)
(0, 1, 1, 205, 1723.9750187008647)
(0, 1, 1, 206, 1549.306088454992)
(0, 1, 1, 207, 593.6639440946809)
(0, 1, 1, 208, 2203.2982319303983)
(0, 1, 1, 209, 1899.819629683607)
(0, 1, 1, 210, 1590.303157218002)
(0, 1, 1, 211, 1051.3695058523758)
(0, 1, 1, 212, 1772.811122267169)
(0, 1, 1, 213, 2730.992136318966)
(0, 1, 1, 214, 1236.4306262008745)
(0, 1, 1, 215, 1581.0007360945679)
(0, 1, 1, 216, 1359.8795614811484)
(0, 1, 1, 217, 1295.3218061193802)
(0, 1, 1, 218, 1647.0342930815082)
(0, 1, 1, 219, 2827.535891861897)
(0, 1, 1, 220, 3113.505647479882)
(0, 1, 1, 221, 1872.3677831297457)
(0, 1, 1, 222, 1179.3498745224667)
(0, 1, 1, 223, 2130.02922447018)
(0, 1, 1, 224, 1359.3641171513682)
(0, 1, 1, 225, 770.0930528707768)
(0, 1, 1, 226, 1057.2971403127644)
(0, 1, 1, 227, 1227.0981736921344)
(0, 1, 1, 228, 2043.6935646285508)
(0, 1, 1, 229, 1442.9781779895363)
(0, 1, 1, 230, 1205.6027555695955)
(0, 1, 1, 231, 896.2955589638793)
(0, 1, 1, 232, 1507.7433382196118)
(0, 1, 1, 233, 896.4148021604079)
(0, 1, 1, 234, 1086.361417524923)
(0, 1, 1, 235, 1651.6464551693296)
(0, 1, 1, 236, 1976.4873709634824)
(0, 1, 1, 237, 920.2544996786818)
(0, 1, 1, 238, 957.9998748471793)
(0, 1, 1, 239, 1154.7988924908811)
(0, 1, 1, 240, 1577.657320711188)
(0, 1, 1, 241, 1311.295919000386)
(0, 1, 1, 242, 934.4314409941132)
(0, 1, 1, 243, 980.6244391442342)
(0, 1, 1, 244, 2241.124873495849)
(0, 1, 1, 245, 1941.9439680796838)
(0, 1, 1, 246, 1598.126479874883)
(0, 1, 1, 247, 893.4820526497169)
(0, 1, 1, 248, 811.8134298499144)
(0, 1, 1, 249, 632.5371100365637)
(0, 2, 0, 0, 617.5485626758444)
(0, 2, 0, 1, 455.3731069493471)
(0, 2, 0, 2, 997.9723161231119)
(0, 2, 0, 3, 620.9690223619374)
(0, 2, 0, 4, 772.7033523889608)
(0, 2, 0, 5, 893.9195782882206)
(0, 2, 0, 6, 660.8655255387297)
(0, 2, 0, 7, 592.5394131207979)
(0, 2, 0, 8, 867.8516654439088)
(0, 2, 0, 9, 661.3238646102683)
(0, 2, 0, 10, 403.36051467863956)
(0, 2, 0, 11, 544.7383401503922)
(0, 2, 0, 12, 637.3226051932432)
(0, 2, 0, 13, 858.0182608988981)
(0, 2, 0, 14, 873.459414378497)
(0, 2, 0, 15, 928.2552722177167)
(0, 2, 0, 16, 900.3782814360652)
(0, 2, 0, 17, 881.5121136703933)
(0, 2, 0, 18, 787.2566637431918)
(0, 2, 0, 19, 958.0645636357812)
(0, 2, 0, 20, 585.4151547566377)
(0, 2, 0, 21, 646.3459596044052)
(0, 2, 0, 22, 754.3305421199791)
(0, 2, 0, 23, 781.857527465525)
(0, 2, 0, 24, 752.33057475211)
(0, 2, 0, 25, 562.9256532531181)
(0, 2, 0, 26, 821.2025019552873)
(0, 2, 0, 27, 557.524368899475)
(0, 2, 0, 28, 798.8211916941608)
(0, 2, 0, 29, 478.9488050252327)
(0, 2, 0, 30, 612.1792559991574)
(0, 2, 0, 31, 738.8141572590357)
(0, 2, 0, 32, 734.6969830694308)
(0, 2, 0, 33, 566.6136815272356)
(0, 2, 0, 34, 659.1398377393878)
(0, 2, 0, 35, 590.1696774301072)
(0, 2, 0, 36, 639.3419494668273)
(0, 2, 0, 37, 694.622002414542)
(0, 2, 0, 38, 489.42499743996603)
(0, 2, 0, 39, 846.0630014926699)
(0, 2, 0, 40, 562.685318248123)
(0, 2, 0, 41, 756.9313614736523)
(0, 2, 0, 42, 827.4257834937234)
(0, 2, 0, 43, 612.0021834287645)
(0, 2, 0, 44, 856.5823396773026)
(0, 2, 0, 45, 569.8110816826825)
(0, 2, 0, 46, 694.3586743167419)
(0, 2, 0, 47, 690.4988106934095)
(0, 2, 0, 48, 509.3543243849435)
(0, 2, 0, 49, 493.922527429312)
(0, 2, 0, 50, 836.8636421646469)
(0, 2, 0, 51, 587.5695193308151)
(0, 2, 0, 52, 493.7361099826309)
(0, 2, 0, 53, 737.9852956445947)
(0, 2, 0, 54, 523.6575001438177)
(0, 2, 0, 55, 531.1069642265942)
(0, 2, 0, 56, 656.0313814799616)
(0, 2, 0, 57, 498.9133967078023)
(0, 2, 0, 58, 725.7871671316225)
(0, 2, 0, 59, 1047.1183237574805)
(0, 2, 0, 60, 934.1240089578216)
(0, 2, 0, 61, 789.2918496963288)
(0, 2, 0, 62, 540.580503195051)
(0, 2, 0, 63, 760.1918409262729)
(0, 2, 0, 64, 1159.9335520677596)
(0, 2, 0, 65, 612.5748900576086)
(0, 2, 0, 66, 656.551668778249)
(0, 2, 0, 67, 597.4125262873303)
(0, 2, 0, 68, 583.1850350196377)
(0, 2, 0, 69, 620.4149449478842)
(0, 2, 0, 70, 889.7523990226383)
(0, 2, 0, 71, 742.8804397283839)
(0, 2, 0, 72, 921.1077216371896)
(0, 2, 0, 73, 753.9459137675021)
(0, 2, 0, 74, 617.1376211541653)
(0, 2, 0, 75, 684.2809966414052)
(0, 2, 0, 76, 606.5845370093696)
(0, 2, 0, 77, 944.2118052687944)
(0, 2, 0, 78, 702.5079082343856)
(0, 2, 0, 79, 897.160313844682)
(0, 2, 0, 80, 723.8499963784932)
(0, 2, 0, 81, 574.9078685324365)
(0, 2, 0, 82, 687.3691677167556)
(0, 2, 0, 83, 883.2970913940303)
(0, 2, 0, 84, 681.7588035069672)
(0, 2, 0, 85, 317.95203265830366)
(0, 2, 0, 86, 533.5088784554603)
(0, 2, 0, 87, 609.2286400177895)
(0, 2, 0, 88, 1000.8821122651876)
(0, 2, 0, 89, 833.7386473750136)
(0, 2, 0, 90, 405.30584327417534)
(0, 2, 0, 91, 324.38553374757316)
(0, 2, 0, 92, 894.7502518232129)
(0, 2, 0, 93, 851.6207575824848)
(0, 2, 0, 94, 1082.2095387401653)
(0, 2, 0, 95, 584.6502703874796)
(0, 2, 0, 96, 646.5485447605988)
(0, 2, 0, 97, 611.3586137438987)
(0, 2, 0, 98, 584.4084030363664)
(0, 2, 0, 99, 841.3287544743907)
(0, 2, 0, 100, 1015.2063807576209)
(0, 2, 0, 101, 973.3128310192726)
(0, 2, 0, 102, 659.0904458311553)
(0, 2, 0, 103, 534.8412761895502)
(0, 2, 0, 104, 688.1204224494979)
(0, 2, 0, 105, 724.9696131404166)
(0, 2, 0, 106, 1024.8749081053272)
(0, 2, 0, 107, 798.4187217505417)
(0, 2, 0, 108, 775.5616545250083)
(0, 2, 0, 109, 711.0863416532168)
(0, 2, 0, 110, 1133.7770533900853)
(0, 2, 0, 111, 531.7814586805738)
(0, 2, 0, 112, 651.6237527045084)
(0, 2, 0, 113, 456.9234411415265)
(0, 2, 0, 114, 833.1368591120881)
(0, 2, 0, 115, 311.1212232165057)
(0, 2, 0, 116, 639.7795318837484)
(0, 2, 0, 117, 740.1718403389989)
(0, 2, 0, 118, 828.678691629224)
(0, 2, 0, 119, 615.5113758344886)
(0, 2, 0, 120, 807.7504069156944)
(0, 2, 0, 121, 888.1963855327973)
(0, 2, 0, 122, 829.5584931120438)
(0, 2, 0, 123, 442.37274078434774)
(0, 2, 0, 124, 665.4002549783794)
(0, 2, 0, 125, 641.2039853650795)
(0, 2, 0, 126, 894.0047736777051)
(0, 2, 0, 127, 676.4026270959191)
(0, 2, 0, 128, 652.1759354421295)
(0, 2, 0, 129, 845.7770282049793)
(0, 2, 0, 130, 276.05190659680704)
(0, 2, 0, 131, 697.2059366295618)
(0, 2, 0, 132, 526.9025331038891)
(0, 2, 0, 133, 812.8645796199609)
(0, 2, 0, 134, 991.0728723693956)
(0, 2, 0, 135, 577.1610931278553)
(0, 2, 0, 136, 605.096330261585)
(0, 2, 0, 137, 787.2089921142847)
(0, 2, 0, 138, 756.4245316244726)
(0, 2, 0, 139, 861.6341446202697)
(0, 2, 0, 140, 537.7318734023605)
(0, 2, 0, 141, 935.3542166307392)
(0, 2, 0, 142, 716.6242409762534)
(0, 2, 0, 143, 851.4786937819592)
(0, 2, 0, 144, 576.3185424492729)
(0, 2, 0, 145, 439.8692691853322)
(0, 2, 0, 146, 619.2344886427321)
(0, 2, 0, 147, 626.2095112957886)
(0, 2, 0, 148, 885.4634055413269)
(0, 2, 0, 149, 320.47197282319775)
(0, 2, 0, 150, 492.6453564413507)
(0, 2, 0, 151, 511.4523462212007)
(0, 2, 0, 152, 795.6355272059927)
(0, 2, 0, 153, 546.915690735251)
(0, 2, 0, 154, 476.17483573001)
(0, 2, 0, 155, 847.3474550843638)
(0, 2, 0, 156, 868.8824700771495)
(0, 2, 0, 157, 681.0239237455542)
(0, 2, 0, 158, 338.2491578971229)
(0, 2, 0, 159, 804.6400631193617)
(0, 2, 0, 160, 692.5230896161851)
(0, 2, 0, 161, 651.6317988593532)
(0, 2, 0, 162, 783.1398023277249)
(0, 2, 0, 163, 841.7262100800255)
(0, 2, 0, 164, 504.70403183438304)
(0, 2, 0, 165, 783.0061669980339)
(0, 2, 0, 166, 528.3640608236987)
(0, 2, 0, 167, 814.6501216872398)
(0, 2, 0, 168, 1101.4729322038759)
(0, 2, 0, 169, 789.3054888183989)
(0, 2, 0, 170, 649.5336584176505)
(0, 2, 0, 171, 430.7690181985869)
(0, 2, 0, 172, 781.2823527668527)
(0, 2, 0, 173, 625.830484357282)
(0, 2, 0, 174, 1097.1108359762077)
(0, 2, 0, 175, 836.0004596809781)
(0, 2, 0, 176, 742.3410554897673)
(0, 2, 0, 177, 360.64886121672754)
(0, 2, 0, 178, 657.2186653790542)
(0, 2, 0, 179, 746.2219133481831)
(0, 2, 0, 180, 626.3797587161001)
(0, 2, 0, 181, 508.509490360176)
(0, 2, 0, 182, 735.3941132665773)
(0, 2, 0, 183, 470.6126847366612)
(0, 2, 0, 184, 592.2387208016328)
(0, 2, 0, 185, 732.8296425836782)
(0, 2, 0, 186, 642.1099143000945)
(0, 2, 0, 187, 733.6521884093964)
(0, 2, 0, 188, 879.7754398824999)
(0, 2, 0, 189, 662.3745671429465)
(0, 2, 0, 190, 680.2269637734287)
(0, 2, 0, 191, 705.3433524839725)
(0, 2, 0, 192, 529.7843226511516)
(0, 2, 0, 193, 666.3334959197412)
(0, 2, 0, 194, 751.9196458722502)
(0, 2, 0, 195, 1058.1082650405435)
(0, 2, 0, 196, 597.4868417644745)
(0, 2, 0, 197, 658.7110627375243)
(0, 2, 0, 198, 595.7181859328821)
(0, 2, 0, 199, 780.7977087352691)
(0, 2, 0, 200, 1015.9450052529365)
(0, 2, 0, 201, 468.82038076319685)
(0, 2, 0, 202, 767.7643329782454)
(0, 2, 0, 203, 593.9894574352177)
(0, 2, 0, 204, 552.7738328273866)
(0, 2, 0, 205, 573.135800584561)
(0, 2, 0, 206, 524.1129471833083)
(0, 2, 0, 207, 870.3739820801558)
(0, 2, 0, 208, 1107.4672617512451)
(0, 2, 0, 209, 833.4481255324226)
(0, 2, 0, 210, 905.8248150816504)
(0, 2, 0, 211, 521.5987732271765)
(0, 2, 0, 212, 559.0404619287925)
(0, 2, 0, 213, 585.959890521006)
(0, 2, 0, 214, 596.6346063090072)
(0, 2, 0, 215, 683.8811689781221)
(0, 2, 0, 216, 606.2561334075571)
(0, 2, 0, 217, 1228.5463643913943)
(0, 2, 0, 218, 717.8070099735019)
(0, 2, 0, 219, 393.1562655824514)
(0, 2, 0, 220, 518.9470684299039)
(0, 2, 0, 221, 631.5425077550738)
(0, 2, 0, 222, 492.5832503419701)
(0, 2, 0, 223, 780.5218657738054)
(0, 2, 0, 224, 916.6308833726151)
(0, 2, 0, 225, 1105.8664854940187)
(0, 2, 0, 226, 750.4201756717385)
(0, 2, 0, 227, 750.9606323399489)
(0, 2, 0, 228, 721.4710408513129)
(0, 2, 0, 229, 722.1150122416717)
(0, 2, 0, 230, 613.8348080818854)
(0, 2, 0, 231, 360.33102046166175)
(0, 2, 0, 232, 490.5125269686322)
(0, 2, 0, 233, 691.7078345665062)
(0, 2, 0, 234, 459.751410794084)
(0, 2, 0, 235, 538.7124523031293)
(0, 2, 0, 236, 488.96320366287097)
(0, 2, 0, 237, 958.1399159584839)
(0, 2, 0, 238, 1141.3829147310805)
(0, 2, 0, 239, 981.4825354189588)
(0, 2, 0, 240, 735.9636923776201)
(0, 2, 0, 241, 746.3371069220656)
(0, 2, 0, 242, 630.3879694470799)
(0, 2, 0, 243, 934.9850728431878)
(0, 2, 0, 244, 584.3499138735123)
(0, 2, 0, 245, 567.372279475796)
(0, 2, 0, 246, 878.8150190874679)
(0, 2, 0, 247, 804.4951160390625)
(0, 2, 0, 248, 755.4638095343068)
(0, 2, 0, 249, 351.3197721445391)
(0, 2, 1, 0, 1080.4182948544146)
(0, 2, 1, 1, 1170.8489744890026)
(0, 2, 1, 2, 996.0291071807566)
(0, 2, 1, 3, 739.4849266167912)
(0, 2, 1, 4, 1161.1054454794498)
(0, 2, 1, 5, 976.9452459891338)
(0, 2, 1, 6, 1063.1219044599345)
(0, 2, 1, 7, 2455.5124114189225)
(0, 2, 1, 8, 1058.186690522144)
(0, 2, 1, 9, 849.9560964178851)
(0, 2, 1, 10, 939.0435928538419)
(0, 2, 1, 11, 685.1093606203854)
(0, 2, 1, 12, 1040.0827719321298)
(0, 2, 1, 13, 1413.9015374337594)
(0, 2, 1, 14, 1178.1489589947967)
(0, 2, 1, 15, 1746.9093689375052)
(0, 2, 1, 16, 1667.0915972686614)
(0, 2, 1, 17, 1423.2314409181618)
(0, 2, 1, 18, 1903.8789141480024)
(0, 2, 1, 19, 1393.2929253177535)
(0, 2, 1, 20, 1755.3720576691185)
(0, 2, 1, 21, 1428.1729069753358)
(0, 2, 1, 22, 807.0239756744235)
(0, 2, 1, 23, 1478.1165123502726)
(0, 2, 1, 24, 1090.5397039931777)
(0, 2, 1, 25, 2200.0792921088287)
(0, 2, 1, 26, 1876.8995042202062)
(0, 2, 1, 27, 1227.8914345840515)
(0, 2, 1, 28, 1513.1202843729848)
(0, 2, 1, 29, 2201.4676619962993)
(0, 2, 1, 30, 1626.9803856986373)
(0, 2, 1, 31, 1270.1711915853393)
(0, 2, 1, 32, 2069.999586555005)
(0, 2, 1, 33, 3206.329560221733)
(0, 2, 1, 34, 1319.3046312835518)
(0, 2, 1, 35, 1059.7369546359532)
(0, 2, 1, 36, 1779.1188460148167)
(0, 2, 1, 37, 963.1603978112888)
(0, 2, 1, 38, 2714.4132502786733)
(0, 2, 1, 39, 1349.4542845482943)
(0, 2, 1, 40, 1782.5711699230037)
(0, 2, 1, 41, 2141.5204773497253)
(0, 2, 1, 42, 1644.6748258105913)
(0, 2, 1, 43, 882.9156903523859)
(0, 2, 1, 44, 2470.4735209989044)
(0, 2, 1, 45, 2751.2860919015006)
(0, 2, 1, 46, 1400.8986204484122)
(0, 2, 1, 47, 1242.6924217945957)
(0, 2, 1, 48, 1140.6443957591323)
(0, 2, 1, 49, 1385.513592607358)
(0, 2, 1, 50, 1146.4755290683893)
(0, 2, 1, 51, 713.8206141433245)
(0, 2, 1, 52, 2252.828595131771)
(0, 2, 1, 53, 3217.5153757469147)
(0, 2, 1, 54, 1546.2974334480643)
(0, 2, 1, 55, 721.2158056837076)
(0, 2, 1, 56, 2307.2989770793424)
(0, 2, 1, 57, 1699.300385075678)
(0, 2, 1, 58, 764.4926218322636)
(0, 2, 1, 59, 1876.3679893400536)
(0, 2, 1, 60, 1334.5504014810297)
(0, 2, 1, 61, 914.5383152213487)
(0, 2, 1, 62, 1826.9645039515383)
(0, 2, 1, 63, 833.3844525874251)
(0, 2, 1, 64, 2162.030862200712)
(0, 2, 1, 65, 1289.2342837577637)
(0, 2, 1, 66, 1299.5763035488535)
(0, 2, 1, 67, 2094.759540776002)
(0, 2, 1, 68, 1044.6153895199614)
(0, 2, 1, 69, 1790.3316913706356)
(0, 2, 1, 70, 1407.3195294044644)
(0, 2, 1, 71, 669.9713662923523)
(0, 2, 1, 72, 695.094654693253)
(0, 2, 1, 73, 1836.4964939530148)
(0, 2, 1, 74, 1253.1452807860433)
(0, 2, 1, 75, 1206.4081703472457)
(0, 2, 1, 76, 820.9419299002076)
(0, 2, 1, 77, 1338.4628624525535)
(0, 2, 1, 78, 865.6084407156246)
(0, 2, 1, 79, 2098.4238022711475)
(0, 2, 1, 80, 1599.0283111918802)
(0, 2, 1, 81, 1652.1999892106535)
(0, 2, 1, 82, 1416.2753982233523)
(0, 2, 1, 83, 548.0215802095317)
(0, 2, 1, 84, 2938.512956451272)
(0, 2, 1, 85, 983.4948654658688)
(0, 2, 1, 86, 1496.2156808676582)
(0, 2, 1, 87, 1911.6719002304696)
(0, 2, 1, 88, 953.9831638473274)
(0, 2, 1, 89, 1400.835975930094)
(0, 2, 1, 90, 1853.1425834214845)
(0, 2, 1, 91, 1459.8037320379376)
(0, 2, 1, 92, 1127.2099379042836)
(0, 2, 1, 93, 1501.22257805233)
(0, 2, 1, 94, 1932.152169442738)
(0, 2, 1, 95, 2680.1251630132324)
(0, 2, 1, 96, 866.5829210372269)
(0, 2, 1, 97, 1257.2320455980368)
(0, 2, 1, 98, 2677.7141483556143)
(0, 2, 1, 99, 1183.7813610296373)
(0, 2, 1, 100, 1920.6513014895668)
(0, 2, 1, 101, 872.3244404993624)
(0, 2, 1, 102, 1308.147101258304)
(0, 2, 1, 103, 1337.4540103745655)
(0, 2, 1, 104, 1470.7090268379698)
(0, 2, 1, 105, 1993.4918649011272)
(0, 2, 1, 106, 1719.8143792484298)
(0, 2, 1, 107, 1134.290168081356)
(0, 2, 1, 108, 1277.499563609144)
(0, 2, 1, 109, 761.5036312166819)
(0, 2, 1, 110, 2665.6691803095823)
(0, 2, 1, 111, 2984.4912121751404)
(0, 2, 1, 112, 905.001716070894)
(0, 2, 1, 113, 1542.294261150275)
(0, 2, 1, 114, 1933.1981034427426)
(0, 2, 1, 115, 865.4277505250127)
(0, 2, 1, 116, 1183.8497670689283)
(0, 2, 1, 117, 1136.7780667702116)
(0, 2, 1, 118, 1067.797358981085)
(0, 2, 1, 119, 1927.7549150000295)
(0, 2, 1, 120, 1279.9128201013991)
(0, 2, 1, 121, 1915.1937055931119)
(0, 2, 1, 122, 1986.5978967636775)
(0, 2, 1, 123, 1028.8055094437213)
(0, 2, 1, 124, 624.6153453768887)
(0, 2, 1, 125, 1366.3087928840646)
(0, 2, 1, 126, 2097.58615348503)
(0, 2, 1, 127, 1814.6939579590098)
(0, 2, 1, 128, 1005.1031525253264)
(0, 2, 1, 129, 1187.4413220126808)
(0, 2, 1, 130, 943.141214006329)
(0, 2, 1, 131, 2330.229033863952)
(0, 2, 1, 132, 2042.71374402685)
(0, 2, 1, 133, 1361.9212782693028)
(0, 2, 1, 134, 1542.5369521674138)
(0, 2, 1, 135, 2094.956516691686)
(0, 2, 1, 136, 1549.7125462171773)
(0, 2, 1, 137, 2415.656375575995)
(0, 2, 1, 138, 1638.252381501122)
(0, 2, 1, 139, 1040.4714296224774)
(0, 2, 1, 140, 1872.7755825382205)
(0, 2, 1, 141, 1211.2813813965759)
(0, 2, 1, 142, 1782.2936826111502)
(0, 2, 1, 143, 1376.9735109403045)
(0, 2, 1, 144, 968.639098580572)
(0, 2, 1, 145, 1155.3689867027365)
(0, 2, 1, 146, 2085.8349501601756)
(0, 2, 1, 147, 2169.446561178895)
(0, 2, 1, 148, 1645.754317242749)
(0, 2, 1, 149, 1022.8285178539701)
(0, 2, 1, 150, 1757.1844134215169)
(0, 2, 1, 151, 2336.607378873553)
(0, 2, 1, 152, 1574.065869811487)
(0, 2, 1, 153, 1248.535183945052)
(0, 2, 1, 154, 1582.7201083576197)
(0, 2, 1, 155, 1422.8531843876008)
(0, 2, 1, 156, 1463.0447787202686)
(0, 2, 1, 157, 2310.1566863537455)
(0, 2, 1, 158, 953.4042462070424)
(0, 2, 1, 159, 817.9504630302749)
(0, 2, 1, 160, 1344.9265045490533)
(0, 2, 1, 161, 1786.6669595597261)
(0, 2, 1, 162, 1472.527771291394)
(0, 2, 1, 163, 1289.8273496185684)
(0, 2, 1, 164, 1691.86670179873)
(0, 2, 1, 165, 1110.5073726521046)
(0, 2, 1, 166, 1162.2595226444312)
(0, 2, 1, 167, 3030.9385287170044)
(0, 2, 1, 168, 1254.1458510432844)
(0, 2, 1, 169, 1205.1831412863069)
(0, 2, 1, 170, 1097.3911329036096)
(0, 2, 1, 171, 643.1211860977112)
(0, 2, 1, 172, 896.5064354256901)
(0, 2, 1, 173, 1806.1920113622741)
(0, 2, 1, 174, 902.983319524441)
(0, 2, 1, 175, 1560.5122425175557)
(0, 2, 1, 176, 1253.237093502096)
(0, 2, 1, 177, 903.7475144592202)
(0, 2, 1, 178, 1647.146296679047)
(0, 2, 1, 179, 929.9879592445717)
(0, 2, 1, 180, 955.6909105263151)
(0, 2, 1, 181, 2161.401260190499)
(0, 2, 1, 182, 1604.517347733838)
(0, 2, 1, 183, 1957.4874076672306)
(0, 2, 1, 184, 1253.8411511208178)
(0, 2, 1, 185, 1387.7083600284843)
(0, 2, 1, 186, 963.7807020553871)
(0, 2, 1, 187, 856.4716386525037)
(0, 2, 1, 188, 780.7376120276223)
(0, 2, 1, 189, 1044.212330374189)
(0, 2, 1, 190, 1144.8724476210011)
(0, 2, 1, 191, 1513.391479141888)
(0, 2, 1, 192, 1246.218472140798)
(0, 2, 1, 193, 1077.4810350013297)
(0, 2, 1, 194, 1014.7751339200063)
(0, 2, 1, 195, 1759.7151193432592)
(0, 2, 1, 196, 1034.2801087150858)
(0, 2, 1, 197, 1925.1921816169424)
(0, 2, 1, 198, 710.7596167421893)
(0, 2, 1, 199, 2117.0454385809244)
(0, 2, 1, 200, 2123.1748629121475)
(0, 2, 1, 201, 1116.6240239036633)
(0, 2, 1, 202, 1299.261199858465)
(0, 2, 1, 203, 1294.3962904734294)
(0, 2, 1, 204, 750.082209425908)
(0, 2, 1, 205, 2057.734892822342)
(0, 2, 1, 206, 1443.3280212904772)
(0, 2, 1, 207, 531.9637567662704)
(0, 2, 1, 208, 2088.8683583736015)
(0, 2, 1, 209, 1605.3813989647047)
(0, 2, 1, 210, 1310.5189436434878)
(0, 2, 1, 211, 889.4460485946529)
(0, 2, 1, 212, 1756.4698213110655)
(0, 2, 1, 213, 2370.639189490005)
(0, 2, 1, 214, 1078.4343743152842)
(0, 2, 1, 215, 1557.8647623014483)
(0, 2, 1, 216, 1555.1771342169127)
(0, 2, 1, 217, 1480.807255467809)
(0, 2, 1, 218, 1583.493128490978)
(0, 2, 1, 219, 3110.36930137506)
(0, 2, 1, 220, 3270.2966515285057)
(0, 2, 1, 221, 1957.0324747367315)
(0, 2, 1, 222, 1197.3874982657344)
(0, 2, 1, 223, 1966.7404931639985)
(0, 2, 1, 224, 1396.9519447119133)
(0, 2, 1, 225, 738.0514176303193)
(0, 2, 1, 226, 1492.9638515194795)
(0, 2, 1, 227, 1124.7178156196414)
(0, 2, 1, 228, 1998.3692918790202)
(0, 2, 1, 229, 1467.9631812244425)
(0, 2, 1, 230, 1310.8589953589794)
(0, 2, 1, 231, 871.9299689854765)
(0, 2, 1, 232, 1657.28634920556)
(0, 2, 1, 233, 861.2575956430077)
(0, 2, 1, 234, 1179.8529828588346)
(0, 2, 1, 235, 1764.492216079638)
(0, 2, 1, 236, 1596.8823052747277)
(0, 2, 1, 237, 832.6058859402923)
(0, 2, 1, 238, 1095.5883727363114)
(0, 2, 1, 239, 1200.1103003614771)
(0, 2, 1, 240, 1824.9155511364079)
(0, 2, 1, 241, 1424.076132752975)
(0, 2, 1, 242, 893.5879165333216)
(0, 2, 1, 243, 839.7533485139202)
(0, 2, 1, 244, 2035.1305986461282)
(0, 2, 1, 245, 1801.6774677552105)
(0, 2, 1, 246, 1381.6476279599372)
(0, 2, 1, 247, 1141.8723485686878)
(0, 2, 1, 248, 795.6659261223964)
(0, 2, 1, 249, 616.1651868193861)
