(0, 0, 0, 0, 157.77617801519054)
(0, 0, 0, 1, 318.86912211838165)
(0, 0, 0, 2, 187.01229654120215)
(0, 0, 0, 3, 158.23449954666856)
(0, 0, 0, 4, 221.07042840376718)
(0, 0, 0, 5, 195.83991495139398)
(0, 0, 0, 6, 265.7124366279312)
(0, 0, 0, 7, 243.6184548957028)
(0, 0, 0, 8, 245.8739096540051)
(0, 0, 0, 9, 175.05359320059162)
(0, 0, 0, 10, 152.6716720101742)
(0, 0, 0, 11, 280.1303036995835)
(0, 0, 0, 12, 222.2788433234556)
(0, 0, 0, 13, 217.9356889576623)
(0, 0, 0, 14, 281.8301454188952)
(0, 0, 0, 15, 302.24955735951494)
(0, 0, 0, 16, 240.62102675705762)
(0, 0, 0, 17, 265.85532737281187)
(0, 0, 0, 18, 335.00397944687205)
(0, 0, 0, 19, 219.96443742276537)
(0, 0, 0, 20, 177.2558503975341)
(0, 0, 0, 21, 201.4191382001945)
(0, 0, 0, 22, 195.7644460542623)
(0, 0, 0, 23, 236.4981732728709)
(0, 0, 0, 24, 161.1493902714841)
(0, 0, 0, 25, 171.0390110439175)
(0, 0, 0, 26, 195.58874999249628)
(0, 0, 0, 27, 194.04518037470885)
(0, 0, 0, 28, 261.7883951456061)
(0, 0, 0, 29, 219.70263000330294)
(0, 0, 0, 30, 161.72521416961172)
(0, 0, 0, 31, 243.06312638849798)
(0, 0, 0, 32, 378.0179101570544)
(0, 0, 0, 33, 202.6952191365438)
(0, 0, 0, 34, 239.50314773848345)
(0, 0, 0, 35, 152.55615248446983)
(0, 0, 0, 36, 282.97215445248474)
(0, 0, 0, 37, 160.5000714664438)
(0, 0, 0, 38, 152.19291993995418)
(0, 0, 0, 39, 198.25780315376713)
(0, 0, 0, 40, 185.16853371356726)
(0, 0, 0, 41, 265.90834028441475)
(0, 0, 0, 42, 295.7422585157883)
(0, 0, 0, 43, 306.74367133215134)
(0, 0, 0, 44, 289.34065019948895)
(0, 0, 0, 45, 243.6031987616053)
(0, 0, 0, 46, 193.47954144987224)
(0, 0, 0, 47, 232.04835036696787)
(0, 0, 0, 48, 184.75765686838258)
(0, 0, 0, 49, 230.12633865610724)
(0, 0, 0, 50, 367.5902649851578)
(0, 0, 0, 51, 161.33926585514948)
(0, 0, 0, 52, 235.46101436493504)
(0, 0, 0, 53, 256.3224455723485)
(0, 0, 0, 54, 152.56033560096438)
(0, 0, 0, 55, 271.3772369443746)
(0, 0, 0, 56, 222.45361944699252)
(0, 0, 0, 57, 259.5986604336178)
(0, 0, 0, 58, 224.40898807274488)
(0, 0, 0, 59, 229.10549978311744)
(0, 0, 0, 60, 349.24958751069056)
(0, 0, 0, 61, 396.05362753402034)
(0, 0, 0, 62, 180.2785091677012)
(0, 0, 0, 63, 223.35299214832978)
(0, 0, 0, 64, 273.674325626289)
(0, 0, 0, 65, 305.2769138696792)
(0, 0, 0, 66, 224.0738921792211)
(0, 0, 0, 67, 233.4777463360101)
(0, 0, 0, 68, 235.5620702331576)
(0, 0, 0, 69, 123.61638336291225)
(0, 0, 0, 70, 259.93648532509525)
(0, 0, 0, 71, 403.9279329583347)
(0, 0, 0, 72, 268.9300594341819)
(0, 0, 0, 73, 221.1460466298042)
(0, 0, 0, 74, 183.18319128812456)
(0, 0, 0, 75, 176.86927355326415)
(0, 0, 0, 76, 206.26427308806177)
(0, 0, 0, 77, 227.11584999177023)
(0, 0, 0, 78, 279.80169113369845)
(0, 0, 0, 79, 229.19641288310342)
(0, 0, 0, 80, 259.9570705802428)
(0, 0, 0, 81, 172.76084181736846)
(0, 0, 0, 82, 161.01394388403745)
(0, 0, 0, 83, 209.86105331028614)
(0, 0, 0, 84, 291.0696914930602)
(0, 0, 0, 85, 193.84071703867576)
(0, 0, 0, 86, 274.214445472346)
(0, 0, 0, 87, 212.28140209803365)
(0, 0, 0, 88, 367.5511482472475)
(0, 0, 0, 89, 302.47216573140395)
(0, 0, 0, 90, 196.0473045759992)
(0, 0, 0, 91, 182.67879574169214)
(0, 0, 0, 92, 264.0724877874269)
(0, 0, 0, 93, 209.1560628513905)
(0, 0, 0, 94, 224.8434092846089)
(0, 0, 0, 95, 159.17781428513385)
(0, 0, 0, 96, 188.82477197201962)
(0, 0, 0, 97, 252.18075873465992)
(0, 0, 0, 98, 220.962509227699)
(0, 0, 0, 99, 379.4112719092073)
(0, 0, 0, 100, 273.9156537560687)
(0, 0, 0, 101, 449.4214020373531)
(0, 0, 0, 102, 234.23690557916595)
(0, 0, 0, 103, 210.5648267888945)
(0, 0, 0, 104, 176.10970433665906)
(0, 0, 0, 105, 238.28526930975215)
(0, 0, 0, 106, 290.9968187110089)
(0, 0, 0, 107, 181.25610273011986)
(0, 0, 0, 108, 338.172004948163)
(0, 0, 0, 109, 240.1807264103222)
(0, 0, 0, 110, 252.43306645743272)
(0, 0, 0, 111, 236.5032554166539)
(0, 0, 0, 112, 254.4760147898949)
(0, 0, 0, 113, 233.3621727259725)
(0, 0, 0, 114, 279.44790767683384)
(0, 0, 0, 115, 198.7762802066824)
(0, 0, 0, 116, 179.1879875905711)
(0, 0, 0, 117, 214.59360322412346)
(0, 0, 0, 118, 310.77781579969417)
(0, 0, 0, 119, 251.81575251165674)
(0, 0, 0, 120, 137.8173506236926)
(0, 0, 0, 121, 345.5120802838176)
(0, 0, 0, 122, 348.3268593237209)
(0, 0, 0, 123, 150.13295949541327)
(0, 0, 0, 124, 300.98017923856963)
(0, 0, 0, 125, 224.96077192677157)
(0, 0, 0, 126, 337.94255428505534)
(0, 0, 0, 127, 176.1435576403116)
(0, 0, 0, 128, 195.473226846977)
(0, 0, 0, 129, 301.8665909921209)
(0, 0, 0, 130, 178.1884095983994)
(0, 0, 0, 131, 169.62384592783977)
(0, 0, 0, 132, 154.07498442247976)
(0, 0, 0, 133, 201.87446796740096)
(0, 0, 0, 134, 245.0004963512159)
(0, 0, 0, 135, 207.74091039806729)
(0, 0, 0, 136, 176.14782049272105)
(0, 0, 0, 137, 283.9121051370997)
(0, 0, 0, 138, 217.21547551919986)
(0, 0, 0, 139, 241.45198550625574)
(0, 0, 0, 140, 164.77955200724247)
(0, 0, 0, 141, 172.43487814274147)
(0, 0, 0, 142, 214.05983905421897)
(0, 0, 0, 143, 247.2819980739214)
(0, 0, 0, 144, 232.76892233102734)
(0, 0, 0, 145, 225.55340257925383)
(0, 0, 0, 146, 237.9906095009199)
(0, 0, 0, 147, 252.18154339914437)
(0, 0, 0, 148, 210.4669337292523)
(0, 0, 0, 149, 143.59417893495882)
(0, 0, 0, 150, 167.86084498700913)
(0, 0, 0, 151, 182.02675097598302)
(0, 0, 0, 152, 363.8563167133972)
(0, 0, 0, 153, 225.11477794123175)
(0, 0, 0, 154, 186.60142019658844)
(0, 0, 0, 155, 258.6163171527895)
(0, 0, 0, 156, 204.32819472762853)
(0, 0, 0, 157, 214.24017602628192)
(0, 0, 0, 158, 199.85195606586305)
(0, 0, 0, 159, 366.3523955919654)
(0, 0, 0, 160, 274.0663167325936)
(0, 0, 0, 161, 180.40266932797329)
(0, 0, 0, 162, 181.19039191307186)
(0, 0, 0, 163, 169.21858368287317)
(0, 0, 0, 164, 184.34024021763955)
(0, 0, 0, 165, 290.41966862001533)
(0, 0, 0, 166, 219.1141738768932)
(0, 0, 0, 167, 264.85703027281323)
(0, 0, 0, 168, 350.34156765463456)
(0, 0, 0, 169, 268.1596544567004)
(0, 0, 0, 170, 244.12411835132752)
(0, 0, 0, 171, 231.38290874027712)
(0, 0, 0, 172, 265.2942322451135)
(0, 0, 0, 173, 300.4364437710569)
(0, 0, 0, 174, 149.06659308408967)
(0, 0, 0, 175, 186.1157782534493)
(0, 0, 0, 176, 161.30005254755102)
(0, 0, 0, 177, 173.366724956274)
(0, 0, 0, 178, 218.5172530382713)
(0, 0, 0, 179, 285.5195024754802)
(0, 0, 0, 180, 342.25784602534503)
(0, 0, 0, 181, 156.59733919368637)
(0, 0, 0, 182, 151.5877997986032)
(0, 0, 0, 183, 168.63746312316619)
(0, 0, 0, 184, 248.1944409141775)
(0, 0, 0, 185, 208.31329671501095)
(0, 0, 0, 186, 143.9288363126935)
(0, 0, 0, 187, 154.48180661283422)
(0, 0, 0, 188, 178.95217405413678)
(0, 0, 0, 189, 151.36536841292124)
(0, 0, 0, 190, 159.33274417125142)
(0, 0, 0, 191, 160.868220031631)
(0, 0, 0, 192, 242.46563056291052)
(0, 0, 0, 193, 156.79072148616575)
(0, 0, 0, 194, 231.13245451704094)
(0, 0, 0, 195, 293.56946977027474)
(0, 0, 0, 196, 243.00237422377398)
(0, 0, 0, 197, 244.66301591704342)
(0, 0, 0, 198, 179.5890872746361)
(0, 0, 0, 199, 213.41005230056254)
(0, 0, 0, 200, 298.60999202318214)
(0, 0, 0, 201, 241.15506218459245)
(0, 0, 0, 202, 258.1857009027846)
(0, 0, 0, 203, 327.01796946429283)
(0, 0, 0, 204, 273.7861166917783)
(0, 0, 0, 205, 186.0762413231924)
(0, 0, 0, 206, 270.78038848278356)
(0, 0, 0, 207, 244.88782993694335)
(0, 0, 0, 208, 222.230621084214)
(0, 0, 0, 209, 194.11741731238047)
(0, 0, 0, 210, 178.60880476229153)
(0, 0, 0, 211, 166.06123996320838)
(0, 0, 0, 212, 226.35406466962763)
(0, 0, 0, 213, 279.1927323321765)
(0, 0, 0, 214, 234.803339630751)
(0, 0, 0, 215, 203.9442858501861)
(0, 0, 0, 216, 205.55200694092304)
(0, 0, 0, 217, 189.85355694744655)
(0, 0, 0, 218, 190.82480414566234)
(0, 0, 0, 219, 192.15287502206507)
(0, 0, 0, 220, 210.18869517822466)
(0, 0, 0, 221, 228.54009747262333)
(0, 0, 0, 222, 217.4806684616644)
(0, 0, 0, 223, 241.57483606238554)
(0, 0, 0, 224, 333.94999418086604)
(0, 0, 0, 225, 285.60515380894526)
(0, 0, 0, 226, 195.7502832247683)
(0, 0, 0, 227, 147.07516548080307)
(0, 0, 0, 228, 207.5522709566032)
(0, 0, 0, 229, 180.58273080366834)
(0, 0, 0, 230, 262.13059325314094)
(0, 0, 0, 231, 164.91365608421995)
(0, 0, 0, 232, 186.59256640591718)
(0, 0, 0, 233, 272.7816379113386)
(0, 0, 0, 234, 193.00676692136756)
(0, 0, 0, 235, 228.33979180496073)
(0, 0, 0, 236, 205.9512706379788)
(0, 0, 0, 237, 299.491376274913)
(0, 0, 0, 238, 221.68468729440565)
(0, 0, 0, 239, 238.75211225264175)
(0, 0, 0, 240, 219.1530258813109)
(0, 0, 0, 241, 259.4728645564906)
(0, 0, 0, 242, 192.90270252596503)
(0, 0, 0, 243, 180.87723230794703)
(0, 0, 0, 244, 199.74224992977955)
(0, 0, 0, 245, 188.11185021225566)
(0, 0, 0, 246, 211.5098242383338)
(0, 0, 0, 247, 225.15786843079937)
(0, 0, 0, 248, 182.07049041265032)
(0, 0, 0, 249, 197.37466323647575)
(0, 0, 1, 0, 361.81746541179143)
(0, 0, 1, 1, 471.9263302200261)
(0, 0, 1, 2, 384.6893160952172)
(0, 0, 1, 3, 241.96018246454258)
(0, 0, 1, 4, 362.77096552799594)
(0, 0, 1, 5, 378.09593669426175)
(0, 0, 1, 6, 390.93160083010065)
(0, 0, 1, 7, 1359.689361493845)
(0, 0, 1, 8, 363.07310677908083)
(0, 0, 1, 9, 379.41925275496453)
(0, 0, 1, 10, 390.6500648121828)
(0, 0, 1, 11, 221.34625128816336)
(0, 0, 1, 12, 380.60398231631353)
(0, 0, 1, 13, 568.9366092594279)
(0, 0, 1, 14, 421.6862627251544)
(0, 0, 1, 15, 702.2525056098214)
(0, 0, 1, 16, 635.9270815066084)
(0, 0, 1, 17, 510.87123134760617)
(0, 0, 1, 18, 811.7945830198234)
(0, 0, 1, 19, 500.47948001520314)
(0, 0, 1, 20, 866.1838794030731)
(0, 0, 1, 21, 438.2283283834968)
(0, 0, 1, 22, 334.15389597351856)
(0, 0, 1, 23, 416.2890956435509)
(0, 0, 1, 24, 401.3130884221077)
(0, 0, 1, 25, 830.1763033677757)
(0, 0, 1, 26, 1016.8688985357078)
(0, 0, 1, 27, 346.3697678427872)
(0, 0, 1, 28, 535.6599353738001)
(0, 0, 1, 29, 792.1340120363955)
(0, 0, 1, 30, 705.4224176323548)
(0, 0, 1, 31, 480.0167223040641)
(0, 0, 1, 32, 1048.5424499071169)
(0, 0, 1, 33, 1906.9434890176703)
(0, 0, 1, 34, 386.88627104800065)
(0, 0, 1, 35, 379.2596912968577)
(0, 0, 1, 36, 709.7739868163736)
(0, 0, 1, 37, 295.8412539407561)
(0, 0, 1, 38, 1353.8212772626305)
(0, 0, 1, 39, 412.4517107344386)
(0, 0, 1, 40, 814.1881269023148)
(0, 0, 1, 41, 897.0691466868847)
(0, 0, 1, 42, 671.3539212390075)
(0, 0, 1, 43, 379.1438052065711)
(0, 0, 1, 44, 1454.0763418607348)
(0, 0, 1, 45, 1438.938128363195)
(0, 0, 1, 46, 404.73114524612134)
(0, 0, 1, 47, 403.63983281269225)
(0, 0, 1, 48, 365.3410907605814)
(0, 0, 1, 49, 334.7312091541187)
(0, 0, 1, 50, 326.4887475352831)
(0, 0, 1, 51, 198.0518819329322)
(0, 0, 1, 52, 1146.4601161164983)
(0, 0, 1, 53, 1821.7324267285262)
(0, 0, 1, 54, 544.4274764880429)
(0, 0, 1, 55, 300.57745376779)
(0, 0, 1, 56, 882.0287962143111)
(0, 0, 1, 57, 471.91265195953537)
(0, 0, 1, 58, 262.5322775396345)
(0, 0, 1, 59, 744.694700535743)
(0, 0, 1, 60, 447.2538993035417)
(0, 0, 1, 61, 341.2807167318823)
(0, 0, 1, 62, 776.3746143432874)
(0, 0, 1, 63, 381.70941914048706)
(0, 0, 1, 64, 1115.563690966689)
(0, 0, 1, 65, 348.1369258003922)
(0, 0, 1, 66, 474.4855384256946)
(0, 0, 1, 67, 863.2623201374467)
(0, 0, 1, 68, 393.8728448652084)
(0, 0, 1, 69, 719.7685346486404)
(0, 0, 1, 70, 499.600971972621)
(0, 0, 1, 71, 336.49783154680927)
(0, 0, 1, 72, 307.86112042571307)
(0, 0, 1, 73, 598.6767462386537)
(0, 0, 1, 74, 441.1296920872974)
(0, 0, 1, 75, 391.6072779577382)
(0, 0, 1, 76, 329.68496634211175)
(0, 0, 1, 77, 454.09560930654294)
(0, 0, 1, 78, 349.2386532868856)
(0, 0, 1, 79, 1023.8210679464347)
(0, 0, 1, 80, 498.84872301910093)
(0, 0, 1, 81, 774.3839337921727)
(0, 0, 1, 82, 472.2654395468186)
(0, 0, 1, 83, 217.7694075504165)
(0, 0, 1, 84, 1558.046916433045)
(0, 0, 1, 85, 357.35147679709996)
(0, 0, 1, 86, 468.46172348746364)
(0, 0, 1, 87, 897.3138637164049)
(0, 0, 1, 88, 405.2272830374304)
(0, 0, 1, 89, 455.11941445562894)
(0, 0, 1, 90, 751.1281353480281)
(0, 0, 1, 91, 481.89394625603524)
(0, 0, 1, 92, 360.8703384154592)
(0, 0, 1, 93, 379.3683290184144)
(0, 0, 1, 94, 559.4062333242732)
(0, 0, 1, 95, 1304.1441061236553)
(0, 0, 1, 96, 342.9359620893458)
(0, 0, 1, 97, 399.40460340524754)
(0, 0, 1, 98, 1088.434636911441)
(0, 0, 1, 99, 439.2338629673906)
(0, 0, 1, 100, 826.3276590786913)
(0, 0, 1, 101, 320.72970604576636)
(0, 0, 1, 102, 446.23887918562286)
(0, 0, 1, 103, 379.9054297621743)
(0, 0, 1, 104, 476.3071916725103)
(0, 0, 1, 105, 979.992064395424)
(0, 0, 1, 106, 660.8718747735526)
(0, 0, 1, 107, 403.9912619075006)
(0, 0, 1, 108, 479.5542113911384)
(0, 0, 1, 109, 368.93379352486375)
(0, 0, 1, 110, 1366.212398777304)
(0, 0, 1, 111, 2276.968026375896)
(0, 0, 1, 112, 369.80231609164855)
(0, 0, 1, 113, 444.0319228674216)
(0, 0, 1, 114, 982.5813288601818)
(0, 0, 1, 115, 360.8233421303502)
(0, 0, 1, 116, 354.04802310621886)
(0, 0, 1, 117, 371.68522681133146)
(0, 0, 1, 118, 360.79268976218174)
(0, 0, 1, 119, 760.6592077771395)
(0, 0, 1, 120, 358.5318643017901)
(0, 0, 1, 121, 909.3855182839044)
(0, 0, 1, 122, 784.6157208844268)
(0, 0, 1, 123, 326.3075523365103)
(0, 0, 1, 124, 228.73047442921268)
(0, 0, 1, 125, 438.1246036391094)
(0, 0, 1, 126, 762.8729954834492)
(0, 0, 1, 127, 549.9618883585903)
(0, 0, 1, 128, 337.9580689151765)
(0, 0, 1, 129, 349.9697305256586)
(0, 0, 1, 130, 319.25072389450355)
(0, 0, 1, 131, 1357.2562547600537)
(0, 0, 1, 132, 835.3241696646319)
(0, 0, 1, 133, 485.313345354966)
(0, 0, 1, 134, 422.5769683261909)
(0, 0, 1, 135, 643.1752270463529)
(0, 0, 1, 136, 598.9886331172968)
(0, 0, 1, 137, 961.797349330743)
(0, 0, 1, 138, 632.4693866058578)
(0, 0, 1, 139, 404.6321657718843)
(0, 0, 1, 140, 703.7935406899547)
(0, 0, 1, 141, 430.16357800462504)
(0, 0, 1, 142, 480.1747526079419)
(0, 0, 1, 143, 459.07263069415774)
(0, 0, 1, 144, 353.78613043144753)
(0, 0, 1, 145, 388.3375432831578)
(0, 0, 1, 146, 680.2383223515383)
(0, 0, 1, 147, 832.1737259649395)
(0, 0, 1, 148, 663.9475750941514)
(0, 0, 1, 149, 319.248974654075)
(0, 0, 1, 150, 750.6525908761097)
(0, 0, 1, 151, 1316.9125936949129)
(0, 0, 1, 152, 539.652690159982)
(0, 0, 1, 153, 465.4821223598573)
(0, 0, 1, 154, 399.07547695961625)
(0, 0, 1, 155, 379.643545745095)
(0, 0, 1, 156, 430.7784540809443)
(0, 0, 1, 157, 882.1182279652331)
(0, 0, 1, 158, 298.45158030892856)
(0, 0, 1, 159, 330.2075931659773)
(0, 0, 1, 160, 371.8348088704677)
(0, 0, 1, 161, 582.5144948911337)
(0, 0, 1, 162, 435.1860803467829)
(0, 0, 1, 163, 371.54176676438203)
(0, 0, 1, 164, 628.3520869531427)
(0, 0, 1, 165, 381.48858872606905)
(0, 0, 1, 166, 380.10751177473037)
(0, 0, 1, 167, 1811.9049723327844)
(0, 0, 1, 168, 405.4180064603322)
(0, 0, 1, 169, 365.22963494008343)
(0, 0, 1, 170, 381.2875997391612)
(0, 0, 1, 171, 224.86324848901387)
(0, 0, 1, 172, 341.58550309572473)
(0, 0, 1, 173, 665.4870767295422)
(0, 0, 1, 174, 365.9115565648191)
(0, 0, 1, 175, 474.28929527683016)
(0, 0, 1, 176, 365.357162604278)
(0, 0, 1, 177, 352.65213216551393)
(0, 0, 1, 178, 813.3803231408274)
(0, 0, 1, 179, 411.7518092108944)
(0, 0, 1, 180, 369.1391493114198)
(0, 0, 1, 181, 862.5242686043149)
(0, 0, 1, 182, 575.9128510416197)
(0, 0, 1, 183, 715.8091988380024)
(0, 0, 1, 184, 353.18151979922163)
(0, 0, 1, 185, 519.1630955477085)
(0, 0, 1, 186, 380.9418472232142)
(0, 0, 1, 187, 356.7312265277955)
(0, 0, 1, 188, 377.00070263074673)
(0, 0, 1, 189, 363.9625793276849)
(0, 0, 1, 190, 429.34853910196506)
(0, 0, 1, 191, 445.3173038248404)
(0, 0, 1, 192, 514.9258574742962)
(0, 0, 1, 193, 388.4820406290844)
(0, 0, 1, 194, 399.23109976701636)
(0, 0, 1, 195, 661.1255253925465)
(0, 0, 1, 196, 383.0760418558294)
(0, 0, 1, 197, 598.8301806997599)
(0, 0, 1, 198, 304.46254169694805)
(0, 0, 1, 199, 912.3759217567376)
(0, 0, 1, 200, 1327.6928737053956)
(0, 0, 1, 201, 360.14777909642754)
(0, 0, 1, 202, 501.1408199402279)
(0, 0, 1, 203, 440.8453369577005)
(0, 0, 1, 204, 264.00750245061374)
(0, 0, 1, 205, 827.244650419125)
(0, 0, 1, 206, 479.78668585215405)
(0, 0, 1, 207, 200.9435588326492)
(0, 0, 1, 208, 928.674946102049)
(0, 0, 1, 209, 654.5792345959477)
(0, 0, 1, 210, 443.2296708134193)
(0, 0, 1, 211, 314.87952937788106)
(0, 0, 1, 212, 666.4217905224903)
(0, 0, 1, 213, 1521.6995515701287)
(0, 0, 1, 214, 429.2349506604588)
(0, 0, 1, 215, 457.1402556658038)
(0, 0, 1, 216, 357.7083291572329)
(0, 0, 1, 217, 368.37219778693736)
(0, 0, 1, 218, 570.9209131803628)
(0, 0, 1, 219, 1783.7905195400544)
(0, 0, 1, 220, 2105.1432645292643)
(0, 0, 1, 221, 776.7244896580216)
(0, 0, 1, 222, 332.8692928532587)
(0, 0, 1, 223, 807.739725661307)
(0, 0, 1, 224, 455.9248245881299)
(0, 0, 1, 225, 325.9843654545733)
(0, 0, 1, 226, 400.31307355068213)
(0, 0, 1, 227, 388.6595287429843)
(0, 0, 1, 228, 829.1334408764922)
(0, 0, 1, 229, 473.6787130823515)
(0, 0, 1, 230, 422.8387762094914)
(0, 0, 1, 231, 369.10659738546036)
(0, 0, 1, 232, 636.1172739099737)
(0, 0, 1, 233, 359.59096039865125)
(0, 0, 1, 234, 421.9608724328814)
(0, 0, 1, 235, 607.7860493248985)
(0, 0, 1, 236, 838.5107053587465)
(0, 0, 1, 237, 350.54989785538964)
(0, 0, 1, 238, 346.7645264807698)
(0, 0, 1, 239, 388.1769927669976)
(0, 0, 1, 240, 729.7051357629033)
(0, 0, 1, 241, 480.6618254132332)
(0, 0, 1, 242, 305.53699761070186)
(0, 0, 1, 243, 333.84639468496755)
(0, 0, 1, 244, 1017.2464770395012)
(0, 0, 1, 245, 753.4107381095733)
(0, 0, 1, 246, 574.9645238355511)
(0, 0, 1, 247, 372.1709553395783)
(0, 0, 1, 248, 327.94557398240875)
(0, 0, 1, 249, 209.31450458029036)
(0, 1, 0, 0, 370.44944802003346)
(0, 1, 0, 1, 419.5020972434115)
(0, 1, 0, 2, 399.84765422613793)
(0, 1, 0, 3, 273.83193863699466)
(0, 1, 0, 4, 438.4825021650206)
(0, 1, 0, 5, 560.1508198181825)
(0, 1, 0, 6, 542.3445252289397)
(0, 1, 0, 7, 471.89236545544844)
(0, 1, 0, 8, 392.96886243715056)
(0, 1, 0, 9, 297.6442805474113)
(0, 1, 0, 10, 297.52338014702553)
(0, 1, 0, 11, 469.5070692755242)
(0, 1, 0, 12, 410.1705944471779)
(0, 1, 0, 13, 379.9719951853561)
(0, 1, 0, 14, 366.4607603154078)
(0, 1, 0, 15, 422.99542573050604)
(0, 1, 0, 16, 545.6503001251842)
(0, 1, 0, 17, 537.5222388388767)
(0, 1, 0, 18, 572.3809863398001)
(0, 1, 0, 19, 370.96302957985466)
(0, 1, 0, 20, 323.2993298939424)
(0, 1, 0, 21, 402.8473728397273)
(0, 1, 0, 22, 320.974487140899)
(0, 1, 0, 23, 434.348894479368)
(0, 1, 0, 24, 256.58350748462465)
(0, 1, 0, 25, 461.59413034498414)
(0, 1, 0, 26, 337.2560250448555)
(0, 1, 0, 27, 410.08693139742707)
(0, 1, 0, 28, 422.3199402765444)
(0, 1, 0, 29, 342.1774824134293)
(0, 1, 0, 30, 314.7110845939531)
(0, 1, 0, 31, 508.6194275781623)
(0, 1, 0, 32, 491.68603089365473)
(0, 1, 0, 33, 412.96454849894377)
(0, 1, 0, 34, 339.4996002982811)
(0, 1, 0, 35, 332.1821953293216)
(0, 1, 0, 36, 492.12102021218556)
(0, 1, 0, 37, 295.9803345553969)
(0, 1, 0, 38, 389.94634860466505)
(0, 1, 0, 39, 448.5347041507471)
(0, 1, 0, 40, 297.103698805115)
(0, 1, 0, 41, 389.6716988638054)
(0, 1, 0, 42, 444.6060236575999)
(0, 1, 0, 43, 516.3915551593254)
(0, 1, 0, 44, 459.82162604205627)
(0, 1, 0, 45, 496.4385521126341)
(0, 1, 0, 46, 541.8824015089267)
(0, 1, 0, 47, 366.3690090619972)
(0, 1, 0, 48, 342.59083396041086)
(0, 1, 0, 49, 353.5091900758574)
(0, 1, 0, 50, 535.0394818855643)
(0, 1, 0, 51, 358.6449342422023)
(0, 1, 0, 52, 438.42815358764585)
(0, 1, 0, 53, 390.7139840882903)
(0, 1, 0, 54, 308.13095588351814)
(0, 1, 0, 55, 421.94564491800065)
(0, 1, 0, 56, 437.00683117126334)
(0, 1, 0, 57, 369.6197324455089)
(0, 1, 0, 58, 329.6998768490337)
(0, 1, 0, 59, 406.8574169225472)
(0, 1, 0, 60, 594.6208707834519)
(0, 1, 0, 61, 532.4465740220027)
(0, 1, 0, 62, 359.86389497091915)
(0, 1, 0, 63, 350.4995541897551)
(0, 1, 0, 64, 556.547127328605)
(0, 1, 0, 65, 619.6578338726958)
(0, 1, 0, 66, 449.06214700249114)
(0, 1, 0, 67, 401.66432299224005)
(0, 1, 0, 68, 487.1195210392921)
(0, 1, 0, 69, 255.86553619254346)
(0, 1, 0, 70, 501.9038393477456)
(0, 1, 0, 71, 597.9129432905464)
(0, 1, 0, 72, 448.11603004121554)
(0, 1, 0, 73, 395.60972221718987)
(0, 1, 0, 74, 269.41590942509424)
(0, 1, 0, 75, 259.4625145844121)
(0, 1, 0, 76, 333.2305246412365)
(0, 1, 0, 77, 586.2759400737586)
(0, 1, 0, 78, 407.90127177877315)
(0, 1, 0, 79, 446.98932688777467)
(0, 1, 0, 80, 466.0141512903235)
(0, 1, 0, 81, 321.58408258538435)
(0, 1, 0, 82, 292.232117424386)
(0, 1, 0, 83, 360.8938254499816)
(0, 1, 0, 84, 410.8413355145676)
(0, 1, 0, 85, 326.7188399441763)
(0, 1, 0, 86, 417.06814531659865)
(0, 1, 0, 87, 395.1741076858223)
(0, 1, 0, 88, 592.6913996192902)
(0, 1, 0, 89, 523.0681081034273)
(0, 1, 0, 90, 328.8372268133227)
(0, 1, 0, 91, 401.75709796834434)
(0, 1, 0, 92, 535.8981571093266)
(0, 1, 0, 93, 334.1624831895965)
(0, 1, 0, 94, 557.6073504548707)
(0, 1, 0, 95, 323.4591911482699)
(0, 1, 0, 96, 418.01814717594567)
(0, 1, 0, 97, 477.59733379281016)
(0, 1, 0, 98, 460.7715908143737)
(0, 1, 0, 99, 468.9658665035956)
(0, 1, 0, 100, 501.7829713936908)
(0, 1, 0, 101, 711.4725441015717)
(0, 1, 0, 102, 439.3007919188243)
(0, 1, 0, 103, 423.1375320604404)
(0, 1, 0, 104, 326.2449157771028)
(0, 1, 0, 105, 535.6436594827057)
(0, 1, 0, 106, 461.66677647928003)
(0, 1, 0, 107, 389.39404941984435)
(0, 1, 0, 108, 426.0846466896681)
(0, 1, 0, 109, 469.23800401022027)
(0, 1, 0, 110, 446.0065621880803)
(0, 1, 0, 111, 364.5889471312713)
(0, 1, 0, 112, 473.44564197258484)
(0, 1, 0, 113, 394.09085473602846)
(0, 1, 0, 114, 571.33546688614)
(0, 1, 0, 115, 359.3286837077175)
(0, 1, 0, 116, 391.31645819468264)
(0, 1, 0, 117, 366.8691951879959)
(0, 1, 0, 118, 567.4413832386477)
(0, 1, 0, 119, 452.49267316705755)
(0, 1, 0, 120, 309.23187304290565)
(0, 1, 0, 121, 615.6947199535322)
(0, 1, 0, 122, 577.5397215851651)
(0, 1, 0, 123, 384.21995137188276)
(0, 1, 0, 124, 433.12776488862124)
(0, 1, 0, 125, 462.14580917473353)
(0, 1, 0, 126, 494.27057644533517)
(0, 1, 0, 127, 348.18976936813715)
(0, 1, 0, 128, 452.6501171387461)
(0, 1, 0, 129, 526.9543408830458)
(0, 1, 0, 130, 276.97962856859624)
(0, 1, 0, 131, 356.90801892240864)
(0, 1, 0, 132, 289.84740601964063)
(0, 1, 0, 133, 381.23711671625176)
(0, 1, 0, 134, 455.3685405422565)
(0, 1, 0, 135, 368.28781280213644)
(0, 1, 0, 136, 314.8761056334341)
(0, 1, 0, 137, 540.0574785555589)
(0, 1, 0, 138, 379.69874928653235)
(0, 1, 0, 139, 484.30339936420506)
(0, 1, 0, 140, 392.5151270242723)
(0, 1, 0, 141, 376.7270371819326)
(0, 1, 0, 142, 418.23171591108417)
(0, 1, 0, 143, 435.22052119969965)
(0, 1, 0, 144, 419.48419812048456)
(0, 1, 0, 145, 424.2025726123449)
(0, 1, 0, 146, 413.28037143776686)
(0, 1, 0, 147, 382.1067327100559)
(0, 1, 0, 148, 454.3307425666649)
(0, 1, 0, 149, 279.4016442492875)
(0, 1, 0, 150, 340.5302605995736)
(0, 1, 0, 151, 337.1414455631229)
(0, 1, 0, 152, 586.54625067021)
(0, 1, 0, 153, 370.9894833844842)
(0, 1, 0, 154, 378.2671234103972)
(0, 1, 0, 155, 493.75283965183763)
(0, 1, 0, 156, 562.354839626603)
(0, 1, 0, 157, 330.16126879030685)
(0, 1, 0, 158, 322.94791700476236)
(0, 1, 0, 159, 537.2563442763)
(0, 1, 0, 160, 393.72219913223176)
(0, 1, 0, 161, 398.11364743185004)
(0, 1, 0, 162, 391.262979959653)
(0, 1, 0, 163, 349.0577534821449)
(0, 1, 0, 164, 320.3861176695443)
(0, 1, 0, 165, 635.7717298762088)
(0, 1, 0, 166, 332.3079229405359)
(0, 1, 0, 167, 393.32958542775845)
(0, 1, 0, 168, 684.2655955435224)
(0, 1, 0, 169, 559.0511340581176)
(0, 1, 0, 170, 390.9421799935456)
(0, 1, 0, 171, 429.6990472758341)
(0, 1, 0, 172, 572.5714563954909)
(0, 1, 0, 173, 630.9920712386971)
(0, 1, 0, 174, 335.75996170031107)
(0, 1, 0, 175, 453.78989325642084)
(0, 1, 0, 176, 326.70721902017874)
(0, 1, 0, 177, 377.79735256529676)
(0, 1, 0, 178, 458.70590794092266)
(0, 1, 0, 179, 488.30366824092454)
(0, 1, 0, 180, 583.0805341945488)
(0, 1, 0, 181, 373.5760158979118)
(0, 1, 0, 182, 315.0761706432636)
(0, 1, 0, 183, 338.52187978273133)
(0, 1, 0, 184, 426.0151841070241)
(0, 1, 0, 185, 368.9980643314666)
(0, 1, 0, 186, 278.96494709279375)
(0, 1, 0, 187, 384.295806446187)
(0, 1, 0, 188, 385.2609363024633)
(0, 1, 0, 189, 431.348908479581)
(0, 1, 0, 190, 379.7428465805277)
(0, 1, 0, 191, 307.41166205384343)
(0, 1, 0, 192, 448.4645514986541)
(0, 1, 0, 193, 268.7312852900216)
(0, 1, 0, 194, 486.58215936941906)
(0, 1, 0, 195, 446.6714649231439)
(0, 1, 0, 196, 402.86732857856344)
(0, 1, 0, 197, 442.94328660809754)
(0, 1, 0, 198, 322.70041602415876)
(0, 1, 0, 199, 488.7155122096326)
(0, 1, 0, 200, 516.0980626675081)
(0, 1, 0, 201, 374.9201818261986)
(0, 1, 0, 202, 484.9988692581699)
(0, 1, 0, 203, 507.34505927921674)
(0, 1, 0, 204, 466.8864348494922)
(0, 1, 0, 205, 387.905253283421)
(0, 1, 0, 206, 411.24829748257235)
(0, 1, 0, 207, 579.0737625274351)
(0, 1, 0, 208, 579.6587472233911)
(0, 1, 0, 209, 356.15340008568944)
(0, 1, 0, 210, 363.68017800529356)
(0, 1, 0, 211, 409.6774661017077)
(0, 1, 0, 212, 408.65521656510526)
(0, 1, 0, 213, 481.04575129105154)
(0, 1, 0, 214, 396.1318568718858)
(0, 1, 0, 215, 402.50506172402316)
(0, 1, 0, 216, 416.076923856595)
(0, 1, 0, 217, 429.60590381858106)
(0, 1, 0, 218, 451.502691816005)
(0, 1, 0, 219, 372.0864057079664)
(0, 1, 0, 220, 351.6838448586571)
(0, 1, 0, 221, 361.6709561254254)
(0, 1, 0, 222, 496.95250903641045)
(0, 1, 0, 223, 423.0746792051378)
(0, 1, 0, 224, 485.28078486025146)
(0, 1, 0, 225, 599.9373108572204)
(0, 1, 0, 226, 356.31109261278175)
(0, 1, 0, 227, 315.6524068599759)
(0, 1, 0, 228, 369.9267634640917)
(0, 1, 0, 229, 496.11419992364057)
(0, 1, 0, 230, 472.3234475758166)
(0, 1, 0, 231, 320.60262860358034)
(0, 1, 0, 232, 295.4082587229526)
(0, 1, 0, 233, 367.1505663751439)
(0, 1, 0, 234, 348.5642783856286)
(0, 1, 0, 235, 435.5170468215495)
(0, 1, 0, 236, 429.02132044744064)
(0, 1, 0, 237, 659.1369479510851)
(0, 1, 0, 238, 498.19971230145404)
(0, 1, 0, 239, 528.383676876703)
(0, 1, 0, 240, 436.7488435911853)
(0, 1, 0, 241, 447.324711170481)
(0, 1, 0, 242, 398.2381075828754)
(0, 1, 0, 243, 408.01789436974803)
(0, 1, 0, 244, 414.81180023057146)
(0, 1, 0, 245, 364.88487244638947)
(0, 1, 0, 246, 376.01986662293143)
(0, 1, 0, 247, 518.7226159218437)
(0, 1, 0, 248, 356.81095865978125)
(0, 1, 0, 249, 278.04857616247716)
(0, 1, 1, 0, 1004.4092923354182)
(0, 1, 1, 1, 1219.5629709203854)
(0, 1, 1, 2, 920.1617206091893)
(0, 1, 1, 3, 591.5166237061512)
(0, 1, 1, 4, 920.9206268205982)
(0, 1, 1, 5, 849.1583573733377)
(0, 1, 1, 6, 983.6003893884481)
(0, 1, 1, 7, 2291.4482276667595)
(0, 1, 1, 8, 970.5097255413127)
(0, 1, 1, 9, 880.6128706977131)
(0, 1, 1, 10, 940.9677404460505)
(0, 1, 1, 11, 571.9561270121102)
(0, 1, 1, 12, 1111.1745872198426)
(0, 1, 1, 13, 1448.547835598122)
(0, 1, 1, 14, 1073.999344416736)
(0, 1, 1, 15, 1641.5513919919676)
(0, 1, 1, 16, 1459.948000381285)
(0, 1, 1, 17, 1392.0147709721582)
(0, 1, 1, 18, 1754.5160393456551)
(0, 1, 1, 19, 1370.248546042268)
(0, 1, 1, 20, 1717.1874563927652)
(0, 1, 1, 21, 1259.6421806867584)
(0, 1, 1, 22, 736.3231185611143)
(0, 1, 1, 23, 1245.450087745497)
(0, 1, 1, 24, 889.9940579192722)
(0, 1, 1, 25, 1758.281465233178)
(0, 1, 1, 26, 1902.9935993589143)
(0, 1, 1, 27, 889.1979508403075)
(0, 1, 1, 28, 1433.9864586951733)
(0, 1, 1, 29, 1662.555038429448)
(0, 1, 1, 30, 1667.7990489213223)
(0, 1, 1, 31, 1263.6896568156294)
(0, 1, 1, 32, 1909.9299722508583)
(0, 1, 1, 33, 2981.596435102214)
(0, 1, 1, 34, 1225.1788493933072)
(0, 1, 1, 35, 1025.2343921395825)
(0, 1, 1, 36, 1639.700927858814)
(0, 1, 1, 37, 723.0800474480623)
(0, 1, 1, 38, 2444.7095616740726)
(0, 1, 1, 39, 1124.7149812081075)
(0, 1, 1, 40, 1834.6017296181872)
(0, 1, 1, 41, 1810.663713855916)
(0, 1, 1, 42, 1732.6624304274003)
(0, 1, 1, 43, 854.5342546105334)
(0, 1, 1, 44, 2450.5795591038905)
(0, 1, 1, 45, 2473.9613462956163)
(0, 1, 1, 46, 1124.9492179892368)
(0, 1, 1, 47, 1098.5062245166469)
(0, 1, 1, 48, 1144.488704231733)
(0, 1, 1, 49, 1072.5844704701033)
(0, 1, 1, 50, 981.7260344291951)
(0, 1, 1, 51, 519.2885039200362)
(0, 1, 1, 52, 2177.2092943295024)
(0, 1, 1, 53, 2848.287138988419)
(0, 1, 1, 54, 1456.6676069355046)
(0, 1, 1, 55, 731.8612722353041)
(0, 1, 1, 56, 1924.9678885661342)
(0, 1, 1, 57, 1338.6288925256943)
(0, 1, 1, 58, 732.5103508742806)
(0, 1, 1, 59, 1671.22364735521)
(0, 1, 1, 60, 1190.8691129797824)
(0, 1, 1, 61, 1016.0747985359461)
(0, 1, 1, 62, 1694.6864262032207)
(0, 1, 1, 63, 815.1563866683687)
(0, 1, 1, 64, 2296.8591666829734)
(0, 1, 1, 65, 847.0112599866314)
(0, 1, 1, 66, 1280.1524276137943)
(0, 1, 1, 67, 1753.4828081056944)
(0, 1, 1, 68, 997.8760329494711)
(0, 1, 1, 69, 1665.5685569507582)
(0, 1, 1, 70, 1349.907496315173)
(0, 1, 1, 71, 685.449673203521)
(0, 1, 1, 72, 699.6279827589196)
(0, 1, 1, 73, 1620.7802727069434)
(0, 1, 1, 74, 1153.613035712996)
(0, 1, 1, 75, 1115.1847109169723)
(0, 1, 1, 76, 815.1588212444763)
(0, 1, 1, 77, 1223.3563481863562)
(0, 1, 1, 78, 922.045397439837)
(0, 1, 1, 79, 2088.6409155945585)
(0, 1, 1, 80, 1376.626627256515)
(0, 1, 1, 81, 1696.8978266281651)
(0, 1, 1, 82, 1315.7103463090746)
(0, 1, 1, 83, 555.6801866780804)
(0, 1, 1, 84, 2514.062903050356)
(0, 1, 1, 85, 941.4540252351794)
(0, 1, 1, 86, 1283.7327666959793)
(0, 1, 1, 87, 1975.3345954163483)
(0, 1, 1, 88, 751.6280985536923)
(0, 1, 1, 89, 1277.7605365343381)
(0, 1, 1, 90, 1642.4506533379415)
(0, 1, 1, 91, 1312.881748258394)
(0, 1, 1, 92, 1056.068115452384)
(0, 1, 1, 93, 1021.4908559189604)
(0, 1, 1, 94, 1544.9900301887471)
(0, 1, 1, 95, 2287.5881769578396)
(0, 1, 1, 96, 747.2718229275013)
(0, 1, 1, 97, 1067.486512089871)
(0, 1, 1, 98, 2041.8075954489648)
(0, 1, 1, 99, 1003.9207605137136)
(0, 1, 1, 100, 1799.4249717751818)
(0, 1, 1, 101, 818.3793699911209)
(0, 1, 1, 102, 1243.9345321424262)
(0, 1, 1, 103, 1117.98893409409)
(0, 1, 1, 104, 1418.1659549946476)
(0, 1, 1, 105, 2086.3108748929412)
(0, 1, 1, 106, 1597.7697292004514)
(0, 1, 1, 107, 1105.108144412759)
(0, 1, 1, 108, 1298.6843736535282)
(0, 1, 1, 109, 815.7968876583686)
(0, 1, 1, 110, 2385.8678891979675)
(0, 1, 1, 111, 3112.139035107374)
(0, 1, 1, 112, 921.0296802827283)
(0, 1, 1, 113, 1262.0375041687166)
(0, 1, 1, 114, 2135.3126251948806)
(0, 1, 1, 115, 853.8024788718442)
(0, 1, 1, 116, 897.6759813868784)
(0, 1, 1, 117, 1035.1788628570055)
(0, 1, 1, 118, 948.6531437610728)
(0, 1, 1, 119, 1719.9238162217046)
(0, 1, 1, 120, 932.4231101886559)
(0, 1, 1, 121, 1990.542865343242)
(0, 1, 1, 122, 1820.4912035298578)
(0, 1, 1, 123, 832.9200522448583)
(0, 1, 1, 124, 585.1328697241296)
(0, 1, 1, 125, 1263.7376323894812)
(0, 1, 1, 126, 1767.8098195454897)
(0, 1, 1, 127, 1393.303305610385)
(0, 1, 1, 128, 1045.9139842109007)
(0, 1, 1, 129, 932.4572958454988)
(0, 1, 1, 130, 816.494688291589)
(0, 1, 1, 131, 2586.553385738944)
(0, 1, 1, 132, 1748.7449136019147)
(0, 1, 1, 133, 1274.8513491841204)
(0, 1, 1, 134, 1208.8366815005893)
(0, 1, 1, 135, 1569.7591414308597)
(0, 1, 1, 136, 1417.1795814985069)
(0, 1, 1, 137, 1869.4881725653554)
(0, 1, 1, 138, 1567.7137662717455)
(0, 1, 1, 139, 1092.9962418681696)
(0, 1, 1, 140, 1577.6924840133906)
(0, 1, 1, 141, 1219.7070402854602)
(0, 1, 1, 142, 1401.6966954703055)
(0, 1, 1, 143, 1268.3888617228256)
(0, 1, 1, 144, 1019.6616062025519)
(0, 1, 1, 145, 984.0002388646683)
(0, 1, 1, 146, 1596.533816956823)
(0, 1, 1, 147, 1949.8955222085656)
(0, 1, 1, 148, 1669.453962634365)
(0, 1, 1, 149, 786.098828023749)
(0, 1, 1, 150, 1709.0103293914526)
(0, 1, 1, 151, 2485.9022267422342)
(0, 1, 1, 152, 1382.5777298885196)
(0, 1, 1, 153, 1396.6967869204898)
(0, 1, 1, 154, 1093.0900495765866)
(0, 1, 1, 155, 1101.1640071708214)
(0, 1, 1, 156, 1230.1983331522767)
(0, 1, 1, 157, 1745.9762944436804)
(0, 1, 1, 158, 743.4335995301302)
(0, 1, 1, 159, 888.2542290501289)
(0, 1, 1, 160, 1176.253309053414)
(0, 1, 1, 161, 1385.2458568148984)
(0, 1, 1, 162, 1330.5896187178625)
(0, 1, 1, 163, 963.2352154132295)
(0, 1, 1, 164, 1548.8525055729003)
(0, 1, 1, 165, 1144.5905772882545)
(0, 1, 1, 166, 880.4387635908148)
(0, 1, 1, 167, 3027.570730600996)
(0, 1, 1, 168, 1072.5781194009999)
(0, 1, 1, 169, 1006.9366162030627)
(0, 1, 1, 170, 1030.7606726641402)
(0, 1, 1, 171, 609.4328554270483)
(0, 1, 1, 172, 892.049951600877)
(0, 1, 1, 173, 1587.2452168662667)
(0, 1, 1, 174, 846.4063753788909)
(0, 1, 1, 175, 1281.917269705004)
(0, 1, 1, 176, 1137.0819656664185)
(0, 1, 1, 177, 838.3428753699894)
(0, 1, 1, 178, 1797.6313148816314)
(0, 1, 1, 179, 867.2757097503792)
(0, 1, 1, 180, 950.3317528776084)
(0, 1, 1, 181, 1798.2665467941251)
(0, 1, 1, 182, 1483.5719810891792)
(0, 1, 1, 183, 1664.7306279469403)
(0, 1, 1, 184, 974.3819881501026)
(0, 1, 1, 185, 1321.0692318651347)
(0, 1, 1, 186, 924.2535703409105)
(0, 1, 1, 187, 923.9482855316195)
(0, 1, 1, 188, 813.2843058544839)
(0, 1, 1, 189, 903.1436328381847)
(0, 1, 1, 190, 1137.4194924776564)
(0, 1, 1, 191, 1219.4684513201507)
(0, 1, 1, 192, 1322.884485890219)
(0, 1, 1, 193, 1067.2641967245927)
(0, 1, 1, 194, 901.9297339356885)
(0, 1, 1, 195, 1583.7130601692197)
(0, 1, 1, 196, 973.5876389760003)
(0, 1, 1, 197, 1525.8774193444162)
(0, 1, 1, 198, 692.5813038735471)
(0, 1, 1, 199, 1893.8465116768205)
(0, 1, 1, 200, 2229.9028828297173)
(0, 1, 1, 201, 950.8124481674646)
(0, 1, 1, 202, 1319.6380639116423)
(0, 1, 1, 203, 1202.3732582599632)
(0, 1, 1, 204, 693.7332625897704)
(0, 1, 1, 205, 1771.3000162004664)
(0, 1, 1, 206, 1301.3798126721204)
(0, 1, 1, 207, 545.1205344717795)
(0, 1, 1, 208, 1891.264744160849)
(0, 1, 1, 209, 1597.82469738001)
(0, 1, 1, 210, 1349.6349132454352)
(0, 1, 1, 211, 826.4378510816241)
(0, 1, 1, 212, 1521.5252946653013)
(0, 1, 1, 213, 2513.5492769441853)
(0, 1, 1, 214, 993.454815808411)
(0, 1, 1, 215, 1258.348354438025)
(0, 1, 1, 216, 1218.9996112800966)
(0, 1, 1, 217, 1083.01323901123)
(0, 1, 1, 218, 1489.15793300477)
(0, 1, 1, 219, 2744.8175380413018)
(0, 1, 1, 220, 3114.9557864982917)
(0, 1, 1, 221, 1606.6135747201868)
(0, 1, 1, 222, 971.065530128071)
(0, 1, 1, 223, 1826.5325628457765)
(0, 1, 1, 224, 1282.628738394554)
(0, 1, 1, 225, 712.724546641213)
(0, 1, 1, 226, 1199.0046749082098)
(0, 1, 1, 227, 1161.6096140511397)
(0, 1, 1, 228, 1921.1701413060869)
(0, 1, 1, 229, 1284.7680956878114)
(0, 1, 1, 230, 1057.398190945925)
(0, 1, 1, 231, 827.169636146155)
(0, 1, 1, 232, 1649.2284331221356)
(0, 1, 1, 233, 862.9832139590644)
(0, 1, 1, 234, 1072.433814909266)
(0, 1, 1, 235, 1562.3532806001654)
(0, 1, 1, 236, 1685.7241253215243)
(0, 1, 1, 237, 924.1492453749883)
(0, 1, 1, 238, 943.0243578306381)
(0, 1, 1, 239, 1278.0801365447799)
(0, 1, 1, 240, 1542.747726973295)
(0, 1, 1, 241, 1392.4454175446187)
(0, 1, 1, 242, 773.2979634625416)
(0, 1, 1, 243, 880.8761876031476)
(0, 1, 1, 244, 2029.4001460444538)
(0, 1, 1, 245, 1655.474597633158)
(0, 1, 1, 246, 1410.6089534337668)
(0, 1, 1, 247, 945.9927919032052)
(0, 1, 1, 248, 677.0132955405362)
(0, 1, 1, 249, 558.152698806972)
(0, 2, 0, 0, 443.1442785741884)
(0, 2, 0, 1, 567.6476924018345)
(0, 2, 0, 2, 571.3344092798737)
(0, 2, 0, 3, 406.16120181796805)
(0, 2, 0, 4, 669.7419150408773)
(0, 2, 0, 5, 643.7295508474306)
(0, 2, 0, 6, 571.9546602891415)
(0, 2, 0, 7, 483.88758169296295)
(0, 2, 0, 8, 636.1112266041237)
(0, 2, 0, 9, 547.3157104049872)
(0, 2, 0, 10, 442.88546913961085)
(0, 2, 0, 11, 504.2491487722579)
(0, 2, 0, 12, 623.7208094338437)
(0, 2, 0, 13, 511.57734093673747)
(0, 2, 0, 14, 523.0859724067865)
(0, 2, 0, 15, 503.86220378393915)
(0, 2, 0, 16, 681.2721967942276)
(0, 2, 0, 17, 814.9564430582052)
(0, 2, 0, 18, 698.2951139349271)
(0, 2, 0, 19, 541.8756389450227)
(0, 2, 0, 20, 463.58969473916756)
(0, 2, 0, 21, 530.143350590812)
(0, 2, 0, 22, 486.7769263832173)
(0, 2, 0, 23, 511.4923782370622)
(0, 2, 0, 24, 455.45056596887383)
(0, 2, 0, 25, 543.3111230828453)
(0, 2, 0, 26, 559.8532474838933)
(0, 2, 0, 27, 577.4911665732038)
(0, 2, 0, 28, 577.7968939682206)
(0, 2, 0, 29, 562.8381660109162)
(0, 2, 0, 30, 585.7712975580945)
(0, 2, 0, 31, 670.6538614238129)
(0, 2, 0, 32, 787.7427772510755)
(0, 2, 0, 33, 532.8912673465707)
(0, 2, 0, 34, 499.51387530097344)
(0, 2, 0, 35, 524.340730966689)
(0, 2, 0, 36, 601.6986041524466)
(0, 2, 0, 37, 464.26778350868574)
(0, 2, 0, 38, 550.4605450641651)
(0, 2, 0, 39, 586.5927168253269)
(0, 2, 0, 40, 475.4713284470134)
(0, 2, 0, 41, 541.0117844177253)
(0, 2, 0, 42, 563.7692087308317)
(0, 2, 0, 43, 715.2517421701305)
(0, 2, 0, 44, 559.0913225881593)
(0, 2, 0, 45, 643.052579763732)
(0, 2, 0, 46, 719.5239850776641)
(0, 2, 0, 47, 512.8235100599135)
(0, 2, 0, 48, 546.41849571092)
(0, 2, 0, 49, 433.21573248134575)
(0, 2, 0, 50, 866.711579237682)
(0, 2, 0, 51, 398.64918787927974)
(0, 2, 0, 52, 534.4466165098042)
(0, 2, 0, 53, 555.3808878905648)
(0, 2, 0, 54, 384.75785842674344)
(0, 2, 0, 55, 474.8218950486223)
(0, 2, 0, 56, 649.128477826723)
(0, 2, 0, 57, 461.8839881296672)
(0, 2, 0, 58, 559.1094430639081)
(0, 2, 0, 59, 638.6521541061089)
(0, 2, 0, 60, 804.5115434002298)
(0, 2, 0, 61, 768.8795864599771)
(0, 2, 0, 62, 479.72050951935154)
(0, 2, 0, 63, 507.37040382741213)
(0, 2, 0, 64, 669.7650424100539)
(0, 2, 0, 65, 706.4931314841856)
(0, 2, 0, 66, 631.0799278849499)
(0, 2, 0, 67, 643.1175993396681)
(0, 2, 0, 68, 613.3405448795986)
(0, 2, 0, 69, 536.9371811752419)
(0, 2, 0, 70, 620.7815237709552)
(0, 2, 0, 71, 782.6008560513134)
(0, 2, 0, 72, 692.9961433757145)
(0, 2, 0, 73, 634.6441500421973)
(0, 2, 0, 74, 406.8680248084898)
(0, 2, 0, 75, 486.0516886560299)
(0, 2, 0, 76, 426.7647325979806)
(0, 2, 0, 77, 662.2725548058792)
(0, 2, 0, 78, 597.0338130590835)
(0, 2, 0, 79, 577.681464400073)
(0, 2, 0, 80, 654.088045804859)
(0, 2, 0, 81, 569.2879791337281)
(0, 2, 0, 82, 401.99754955975)
(0, 2, 0, 83, 564.7058083543418)
(0, 2, 0, 84, 523.1785926585849)
(0, 2, 0, 85, 614.9385340666043)
(0, 2, 0, 86, 533.5235229221765)
(0, 2, 0, 87, 626.1808052785859)
(0, 2, 0, 88, 972.6973364832343)
(0, 2, 0, 89, 635.9163144504231)
(0, 2, 0, 90, 459.3451647229923)
(0, 2, 0, 91, 547.6333197172182)
(0, 2, 0, 92, 652.5334052323531)
(0, 2, 0, 93, 546.1449697208097)
(0, 2, 0, 94, 738.8231034733054)
(0, 2, 0, 95, 390.58137346858155)
(0, 2, 0, 96, 431.78345153814047)
(0, 2, 0, 97, 698.6216842499798)
(0, 2, 0, 98, 533.1129337302503)
(0, 2, 0, 99, 673.7132448731074)
(0, 2, 0, 100, 833.1138110118004)
(0, 2, 0, 101, 836.4872250599162)
(0, 2, 0, 102, 560.8768859713291)
(0, 2, 0, 103, 506.93565223455187)
(0, 2, 0, 104, 547.4007179758464)
(0, 2, 0, 105, 664.7525073222376)
(0, 2, 0, 106, 790.5859759038952)
(0, 2, 0, 107, 625.4041260543129)
(0, 2, 0, 108, 612.0361562093846)
(0, 2, 0, 109, 615.7556929930385)
(0, 2, 0, 110, 737.0784688498585)
(0, 2, 0, 111, 560.7041693237771)
(0, 2, 0, 112, 453.2604502628562)
(0, 2, 0, 113, 533.804420238245)
(0, 2, 0, 114, 660.5798608709808)
(0, 2, 0, 115, 619.0011574217692)
(0, 2, 0, 116, 622.2381836185776)
(0, 2, 0, 117, 487.20938016157623)
(0, 2, 0, 118, 654.8505184457518)
(0, 2, 0, 119, 690.8717473149452)
(0, 2, 0, 120, 494.68232773752885)
(0, 2, 0, 121, 810.7703843531172)
(0, 2, 0, 122, 642.9366686180817)
(0, 2, 0, 123, 442.8229142189608)
(0, 2, 0, 124, 560.7966339311325)
(0, 2, 0, 125, 604.2197860859224)
(0, 2, 0, 126, 738.2215829254378)
(0, 2, 0, 127, 561.0342163237651)
(0, 2, 0, 128, 532.263607088147)
(0, 2, 0, 129, 669.8602323237718)
(0, 2, 0, 130, 444.4679697112246)
(0, 2, 0, 131, 471.43298475648913)
(0, 2, 0, 132, 414.48846421651234)
(0, 2, 0, 133, 620.870214551509)
(0, 2, 0, 134, 732.9875406346863)
(0, 2, 0, 135, 482.58690416731804)
(0, 2, 0, 136, 509.8758011160776)
(0, 2, 0, 137, 748.3326187416479)
(0, 2, 0, 138, 558.2000912582879)
(0, 2, 0, 139, 647.1980848696999)
(0, 2, 0, 140, 434.50217204401986)
(0, 2, 0, 141, 572.0056086659959)
(0, 2, 0, 142, 509.0305022408653)
(0, 2, 0, 143, 550.4057470811391)
(0, 2, 0, 144, 561.9179238630078)
(0, 2, 0, 145, 511.92038777739754)
(0, 2, 0, 146, 490.1296540509825)
(0, 2, 0, 147, 544.2894210734438)
(0, 2, 0, 148, 619.5743280614098)
(0, 2, 0, 149, 441.5927557654138)
(0, 2, 0, 150, 497.9430265438763)
(0, 2, 0, 151, 510.76624931829303)
(0, 2, 0, 152, 649.392177618244)
(0, 2, 0, 153, 608.877397565637)
(0, 2, 0, 154, 563.839677747564)
(0, 2, 0, 155, 701.4628790513515)
(0, 2, 0, 156, 640.3307813906108)
(0, 2, 0, 157, 504.4660939636041)
(0, 2, 0, 158, 314.2758576664603)
(0, 2, 0, 159, 752.2970011421768)
(0, 2, 0, 160, 542.5820289746329)
(0, 2, 0, 161, 573.7898134306906)
(0, 2, 0, 162, 586.6819462212761)
(0, 2, 0, 163, 525.4568251154599)
(0, 2, 0, 164, 561.7930240612291)
(0, 2, 0, 165, 979.818283817177)
(0, 2, 0, 166, 449.3812910792978)
(0, 2, 0, 167, 557.4197935514959)
(0, 2, 0, 168, 861.7196343540476)
(0, 2, 0, 169, 770.598305219411)
(0, 2, 0, 170, 465.31393985655495)
(0, 2, 0, 171, 421.03652939271274)
(0, 2, 0, 172, 809.4856684857856)
(0, 2, 0, 173, 845.2038056223065)
(0, 2, 0, 174, 396.10032722269546)
(0, 2, 0, 175, 682.3648443237105)
(0, 2, 0, 176, 484.93555377152086)
(0, 2, 0, 177, 422.06309473725526)
(0, 2, 0, 178, 555.3188711894308)
(0, 2, 0, 179, 625.390971934673)
(0, 2, 0, 180, 748.261713779406)
(0, 2, 0, 181, 493.5240221471443)
(0, 2, 0, 182, 517.1313263537214)
(0, 2, 0, 183, 455.78878043669124)
(0, 2, 0, 184, 783.9559868337174)
(0, 2, 0, 185, 583.3147989961737)
(0, 2, 0, 186, 512.4968411965781)
(0, 2, 0, 187, 451.2549589858651)
(0, 2, 0, 188, 558.3087163673714)
(0, 2, 0, 189, 531.5760837862929)
(0, 2, 0, 190, 535.4965442778816)
(0, 2, 0, 191, 596.1258483101312)
(0, 2, 0, 192, 521.790459957792)
(0, 2, 0, 193, 397.2372992346954)
(0, 2, 0, 194, 771.8021882047348)
(0, 2, 0, 195, 511.5726521816184)
(0, 2, 0, 196, 562.6088441934355)
(0, 2, 0, 197, 580.9932661004881)
(0, 2, 0, 198, 491.02883860977425)
(0, 2, 0, 199, 658.6694247723398)
(0, 2, 0, 200, 779.0600846928836)
(0, 2, 0, 201, 508.2518130279415)
(0, 2, 0, 202, 670.0318275635963)
(0, 2, 0, 203, 548.164294170026)
(0, 2, 0, 204, 694.3051614063036)
(0, 2, 0, 205, 458.0549266528339)
(0, 2, 0, 206, 430.12497102998134)
(0, 2, 0, 207, 701.3821033875115)
(0, 2, 0, 208, 709.8947818044282)
(0, 2, 0, 209, 570.7026270600198)
(0, 2, 0, 210, 696.6037556634309)
(0, 2, 0, 211, 425.3485949826876)
(0, 2, 0, 212, 439.74063415389713)
(0, 2, 0, 213, 499.8255365193049)
(0, 2, 0, 214, 650.5447910009357)
(0, 2, 0, 215, 657.7203584228675)
(0, 2, 0, 216, 580.7593276254262)
(0, 2, 0, 217, 653.568052536881)
(0, 2, 0, 218, 564.9121288972765)
(0, 2, 0, 219, 443.33869361241915)
(0, 2, 0, 220, 586.6445529281964)
(0, 2, 0, 221, 544.8100855610326)
(0, 2, 0, 222, 631.0682271071563)
(0, 2, 0, 223, 566.532297141439)
(0, 2, 0, 224, 529.8937000274746)
(0, 2, 0, 225, 939.2988828446356)
(0, 2, 0, 226, 470.0432814149271)
(0, 2, 0, 227, 475.76459765326456)
(0, 2, 0, 228, 551.24381460928)
(0, 2, 0, 229, 648.6930380322997)
(0, 2, 0, 230, 544.8851862309369)
(0, 2, 0, 231, 460.2890043559924)
(0, 2, 0, 232, 457.40695508056996)
(0, 2, 0, 233, 462.48075123598494)
(0, 2, 0, 234, 434.9100373853708)
(0, 2, 0, 235, 580.2275946172915)
(0, 2, 0, 236, 563.9266606597412)
(0, 2, 0, 237, 937.2178990508472)
(0, 2, 0, 238, 787.5052624266963)
(0, 2, 0, 239, 668.3295941020867)
(0, 2, 0, 240, 589.6873080974041)
(0, 2, 0, 241, 648.4941215532743)
(0, 2, 0, 242, 570.5015919641392)
(0, 2, 0, 243, 494.37439711984894)
(0, 2, 0, 244, 620.8989794073512)
(0, 2, 0, 245, 581.2390506153098)
(0, 2, 0, 246, 747.1098851141311)
(0, 2, 0, 247, 619.5617563701538)
(0, 2, 0, 248, 439.2677297054375)
(0, 2, 0, 249, 416.58133299148506)
(0, 2, 1, 0, 1110.654126778713)
(0, 2, 1, 1, 1419.0682683284547)
(0, 2, 1, 2, 1013.7162041408955)
(0, 2, 1, 3, 663.8837324410995)
(0, 2, 1, 4, 1090.162268255577)
(0, 2, 1, 5, 871.2147976014619)
(0, 2, 1, 6, 1068.7881024865806)
(0, 2, 1, 7, 2562.197049206738)
(0, 2, 1, 8, 1264.1675253320175)
(0, 2, 1, 9, 1043.2783588453794)
(0, 2, 1, 10, 999.7093142100097)
(0, 2, 1, 11, 658.0123390624603)
(0, 2, 1, 12, 1156.6062190507944)
(0, 2, 1, 13, 1661.6828899778043)
(0, 2, 1, 14, 1197.0027353693754)
(0, 2, 1, 15, 1774.1695449569831)
(0, 2, 1, 16, 1605.6625098223033)
(0, 2, 1, 17, 1587.3203382861066)
(0, 2, 1, 18, 1806.17323102115)
(0, 2, 1, 19, 1539.3251595591698)
(0, 2, 1, 20, 2063.437434801884)
(0, 2, 1, 21, 1408.8139591590639)
(0, 2, 1, 22, 713.8116787424857)
(0, 2, 1, 23, 1445.3849601911586)
(0, 2, 1, 24, 983.0275151859788)
(0, 2, 1, 25, 2014.7384367026302)
(0, 2, 1, 26, 2170.810461295906)
(0, 2, 1, 27, 1163.2154834170153)
(0, 2, 1, 28, 1525.6256219229256)
(0, 2, 1, 29, 2048.0190612847296)
(0, 2, 1, 30, 1842.980166525556)
(0, 2, 1, 31, 1497.8652479317027)
(0, 2, 1, 32, 2271.586065312064)
(0, 2, 1, 33, 3115.8675397650754)
(0, 2, 1, 34, 1436.5002300909316)
(0, 2, 1, 35, 1189.8239784376708)
(0, 2, 1, 36, 1817.4038213456197)
(0, 2, 1, 37, 850.5668573033249)
(0, 2, 1, 38, 2753.5897842661802)
(0, 2, 1, 39, 1248.6303538622315)
(0, 2, 1, 40, 1966.4394543198594)
(0, 2, 1, 41, 1879.332458279853)
(0, 2, 1, 42, 1849.6095533640207)
(0, 2, 1, 43, 947.6098523956224)
(0, 2, 1, 44, 2847.8547488694853)
(0, 2, 1, 45, 2545.6537476103254)
(0, 2, 1, 46, 1245.8583515456369)
(0, 2, 1, 47, 1230.0863756686138)
(0, 2, 1, 48, 1257.8892926734857)
(0, 2, 1, 49, 1134.953803174897)
(0, 2, 1, 50, 1000.1765992191208)
(0, 2, 1, 51, 644.0399946926939)
(0, 2, 1, 52, 2361.8008404544967)
(0, 2, 1, 53, 3107.78147983423)
(0, 2, 1, 54, 1597.927198705384)
(0, 2, 1, 55, 775.8163989086049)
(0, 2, 1, 56, 1996.812869743978)
(0, 2, 1, 57, 1560.8583904473112)
(0, 2, 1, 58, 849.9289398675359)
(0, 2, 1, 59, 1870.5592186809408)
(0, 2, 1, 60, 1474.6337084128604)
(0, 2, 1, 61, 1106.5863356781156)
(0, 2, 1, 62, 1862.76043086913)
(0, 2, 1, 63, 786.7707590012542)
(0, 2, 1, 64, 2294.232261989474)
(0, 2, 1, 65, 1049.677013041654)
(0, 2, 1, 66, 1356.3613067984002)
(0, 2, 1, 67, 2078.0906614471755)
(0, 2, 1, 68, 1108.476643872746)
(0, 2, 1, 69, 1821.3847437685058)
(0, 2, 1, 70, 1421.5557277202122)
(0, 2, 1, 71, 691.5938252465054)
(0, 2, 1, 72, 754.3911129024648)
(0, 2, 1, 73, 1688.5621677199902)
(0, 2, 1, 74, 1393.804885806581)
(0, 2, 1, 75, 1244.1834454306018)
(0, 2, 1, 76, 919.1695029788062)
(0, 2, 1, 77, 1249.5032823524548)
(0, 2, 1, 78, 961.3917330359011)
(0, 2, 1, 79, 2276.830811994583)
(0, 2, 1, 80, 1588.7891589533692)
(0, 2, 1, 81, 1878.312299972448)
(0, 2, 1, 82, 1434.6868190465455)
(0, 2, 1, 83, 638.3985649450987)
(0, 2, 1, 84, 2678.5570813553877)
(0, 2, 1, 85, 1018.5150538228659)
(0, 2, 1, 86, 1439.537343678073)
(0, 2, 1, 87, 2072.947359134544)
(0, 2, 1, 88, 792.2593962118885)
(0, 2, 1, 89, 1412.434374617985)
(0, 2, 1, 90, 1852.370428486404)
(0, 2, 1, 91, 1409.351308260989)
(0, 2, 1, 92, 1201.9401931022874)
(0, 2, 1, 93, 1260.4807907322274)
(0, 2, 1, 94, 1613.1513382235626)
(0, 2, 1, 95, 2404.209349523207)
(0, 2, 1, 96, 796.2318863950284)
(0, 2, 1, 97, 1206.4644842914845)
(0, 2, 1, 98, 2368.9034163232036)
(0, 2, 1, 99, 1114.3949159210263)
(0, 2, 1, 100, 1971.6121710374434)
(0, 2, 1, 101, 1093.92340533468)
(0, 2, 1, 102, 1335.6753027147506)
(0, 2, 1, 103, 1158.213249127394)
(0, 2, 1, 104, 1508.7607944089475)
(0, 2, 1, 105, 2164.5761385571423)
(0, 2, 1, 106, 1686.5636438348843)
(0, 2, 1, 107, 1209.037261037425)
(0, 2, 1, 108, 1430.4399641492976)
(0, 2, 1, 109, 901.4450702216157)
(0, 2, 1, 110, 2566.279146499216)
(0, 2, 1, 111, 3515.1471248505504)
(0, 2, 1, 112, 1037.4543291801149)
(0, 2, 1, 113, 1339.8394088207967)
(0, 2, 1, 114, 2109.8542609760016)
(0, 2, 1, 115, 901.8553662115208)
(0, 2, 1, 116, 1102.2924462071235)
(0, 2, 1, 117, 1168.7910928100762)
(0, 2, 1, 118, 1133.5993243886141)
(0, 2, 1, 119, 1859.4186701622193)
(0, 2, 1, 120, 1179.0956034401308)
(0, 2, 1, 121, 2106.062066928603)
(0, 2, 1, 122, 2052.7375425699584)
(0, 2, 1, 123, 930.8906471870725)
(0, 2, 1, 124, 536.2284092190455)
(0, 2, 1, 125, 1477.7251322953193)
(0, 2, 1, 126, 1936.6144945804288)
(0, 2, 1, 127, 1609.211334670973)
(0, 2, 1, 128, 1153.3163755582518)
(0, 2, 1, 129, 909.7595742790561)
(0, 2, 1, 130, 890.6377903066307)
(0, 2, 1, 131, 2542.9254735177255)
(0, 2, 1, 132, 1954.7335640631266)
(0, 2, 1, 133, 1483.8844204866566)
(0, 2, 1, 134, 1449.9514122550497)
(0, 2, 1, 135, 1731.3093260790806)
(0, 2, 1, 136, 1512.8386121069993)
(0, 2, 1, 137, 2213.6345157083983)
(0, 2, 1, 138, 1840.5346961993705)
(0, 2, 1, 139, 1253.669382455317)
(0, 2, 1, 140, 1667.156615989801)
(0, 2, 1, 141, 1393.117495297597)
(0, 2, 1, 142, 1464.826465711888)
(0, 2, 1, 143, 1454.5645081551993)
(0, 2, 1, 144, 1054.9789449469788)
(0, 2, 1, 145, 1014.2894079876443)
(0, 2, 1, 146, 1864.2279227703305)
(0, 2, 1, 147, 1839.5517401114691)
(0, 2, 1, 148, 1798.9392422763026)
(0, 2, 1, 149, 809.0118493752146)
(0, 2, 1, 150, 1892.7005505202749)
(0, 2, 1, 151, 2526.086716909356)
(0, 2, 1, 152, 1522.0859416889032)
(0, 2, 1, 153, 1436.2967217774271)
(0, 2, 1, 154, 1345.0565631486181)
(0, 2, 1, 155, 1305.8006498450502)
(0, 2, 1, 156, 1309.6199648748068)
(0, 2, 1, 157, 2120.0158562105835)
(0, 2, 1, 158, 847.7560371597999)
(0, 2, 1, 159, 989.0933947548502)
(0, 2, 1, 160, 1266.4469206169542)
(0, 2, 1, 161, 1737.0555923019642)
(0, 2, 1, 162, 1412.9709654667192)
(0, 2, 1, 163, 1118.0106790242055)
(0, 2, 1, 164, 1598.2805882553498)
(0, 2, 1, 165, 1217.460652913523)
(0, 2, 1, 166, 997.1296220970326)
(0, 2, 1, 167, 3088.793768841748)
(0, 2, 1, 168, 1247.9572382145775)
(0, 2, 1, 169, 1181.4130074619466)
(0, 2, 1, 170, 1155.4558522158688)
(0, 2, 1, 171, 630.0926821224955)
(0, 2, 1, 172, 988.335433494088)
(0, 2, 1, 173, 1653.3154423414746)
(0, 2, 1, 174, 880.5960055680549)
(0, 2, 1, 175, 1520.9311738334682)
(0, 2, 1, 176, 1250.7033338294075)
(0, 2, 1, 177, 791.0622823146771)
(0, 2, 1, 178, 1860.881750197318)
(0, 2, 1, 179, 856.0469147844946)
(0, 2, 1, 180, 1080.8679789471623)
(0, 2, 1, 181, 1862.0863066064596)
(0, 2, 1, 182, 1787.4294544068118)
(0, 2, 1, 183, 1852.1937463272823)
(0, 2, 1, 184, 1179.8480520460907)
(0, 2, 1, 185, 1476.7931118077072)
(0, 2, 1, 186, 916.5175195576469)
(0, 2, 1, 187, 1143.9793826117752)
(0, 2, 1, 188, 819.5722128778245)
(0, 2, 1, 189, 1006.8687000923343)
(0, 2, 1, 190, 1360.352999145896)
(0, 2, 1, 191, 1400.671850580927)
(0, 2, 1, 192, 1440.3567583153697)
(0, 2, 1, 193, 1163.586102889611)
(0, 2, 1, 194, 1027.7101063202601)
(0, 2, 1, 195, 1697.4077645520292)
(0, 2, 1, 196, 1151.0855741763635)
(0, 2, 1, 197, 1760.0141484283563)
(0, 2, 1, 198, 683.7946400555365)
(0, 2, 1, 199, 2127.1528254287623)
(0, 2, 1, 200, 2452.7585034655453)
(0, 2, 1, 201, 1139.9179254570442)
(0, 2, 1, 202, 1550.7647461722997)
(0, 2, 1, 203, 1300.286737379992)
(0, 2, 1, 204, 747.8243542098511)
(0, 2, 1, 205, 1889.1849618237018)
(0, 2, 1, 206, 1523.4452063571525)
(0, 2, 1, 207, 606.3883517951122)
(0, 2, 1, 208, 2039.3057281522947)
(0, 2, 1, 209, 1734.4405872967045)
(0, 2, 1, 210, 1463.2872590181357)
(0, 2, 1, 211, 894.6948742217451)
(0, 2, 1, 212, 1725.8194452645055)
(0, 2, 1, 213, 2680.5024639745975)
(0, 2, 1, 214, 1123.6436457080067)
(0, 2, 1, 215, 1475.8069781174886)
(0, 2, 1, 216, 1542.3477564017787)
(0, 2, 1, 217, 1328.2388002715968)
(0, 2, 1, 218, 1755.8091443875587)
(0, 2, 1, 219, 3365.9549654954294)
(0, 2, 1, 220, 3640.75832756136)
(0, 2, 1, 221, 1721.1684790862553)
(0, 2, 1, 222, 1042.8355340302755)
(0, 2, 1, 223, 1994.795528877235)
(0, 2, 1, 224, 1444.0913608578528)
(0, 2, 1, 225, 783.973399258698)
(0, 2, 1, 226, 1220.7300451814187)
(0, 2, 1, 227, 1211.3055665559898)
(0, 2, 1, 228, 2140.215743756571)
(0, 2, 1, 229, 1384.5756977953474)
(0, 2, 1, 230, 1195.8746490069552)
(0, 2, 1, 231, 913.467277144801)
(0, 2, 1, 232, 1710.266656076039)
(0, 2, 1, 233, 982.803893902038)
(0, 2, 1, 234, 1152.4736933989232)
(0, 2, 1, 235, 1639.151850689311)
(0, 2, 1, 236, 1902.3030848985454)
(0, 2, 1, 237, 1010.4716194478517)
(0, 2, 1, 238, 1037.1806500070234)
(0, 2, 1, 239, 1330.0680197111628)
(0, 2, 1, 240, 1780.3125301644927)
(0, 2, 1, 241, 1531.6458781934048)
(0, 2, 1, 242, 923.7280008656267)
(0, 2, 1, 243, 892.9002032023648)
(0, 2, 1, 244, 2155.876067198321)
(0, 2, 1, 245, 1846.0365762845272)
(0, 2, 1, 246, 1606.3320681178486)
(0, 2, 1, 247, 1049.838713477758)
(0, 2, 1, 248, 651.1461366175238)
(0, 2, 1, 249, 675.8405685217687)
(0, 3, 0, 0, 404.4112042539572)
(0, 3, 0, 1, 546.217706764588)
(0, 3, 0, 2, 766.7043688468386)
(0, 3, 0, 3, 468.5806968522084)
(0, 3, 0, 4, 414.9311453524758)
(0, 3, 0, 5, 753.0918000945306)
(0, 3, 0, 6, 636.4602508455334)
(0, 3, 0, 7, 628.7832117648975)
(0, 3, 0, 8, 693.8747740249914)
(0, 3, 0, 9, 514.0665867603088)
(0, 3, 0, 10, 435.08059371219866)
(0, 3, 0, 11, 459.0179353871517)
(0, 3, 0, 12, 549.3072508597156)
(0, 3, 0, 13, 717.8557613493055)
(0, 3, 0, 14, 616.8826610425695)
(0, 3, 0, 15, 804.3082519996292)
(0, 3, 0, 16, 613.529819501886)
(0, 3, 0, 17, 856.5626879550455)
(0, 3, 0, 18, 788.0405163410725)
(0, 3, 0, 19, 736.5600474857453)
(0, 3, 0, 20, 669.6472519384743)
(0, 3, 0, 21, 661.9672293149256)
(0, 3, 0, 22, 561.4697131452647)
(0, 3, 0, 23, 503.0357671320059)
(0, 3, 0, 24, 453.32167647736316)
(0, 3, 0, 25, 454.7771648041567)
(0, 3, 0, 26, 677.2596597811105)
(0, 3, 0, 27, 645.6429849528586)
(0, 3, 0, 28, 569.5480840303468)
(0, 3, 0, 29, 561.1216164988689)
(0, 3, 0, 30, 624.8838590183367)
(0, 3, 0, 31, 659.6237379184074)
(0, 3, 0, 32, 792.0512360174737)
(0, 3, 0, 33, 507.307618675101)
(0, 3, 0, 34, 497.1285843455636)
(0, 3, 0, 35, 603.0166604669007)
(0, 3, 0, 36, 724.5472292615337)
(0, 3, 0, 37, 465.91069543206254)
(0, 3, 0, 38, 539.2281165506384)
(0, 3, 0, 39, 584.6734403739829)
(0, 3, 0, 40, 562.2851090298734)
(0, 3, 0, 41, 605.2758882672209)
(0, 3, 0, 42, 543.3043456313143)
(0, 3, 0, 43, 779.3629973813835)
(0, 3, 0, 44, 607.9075673239722)
(0, 3, 0, 45, 618.4047022670447)
(0, 3, 0, 46, 749.6242034488207)
(0, 3, 0, 47, 566.1423326410713)
(0, 3, 0, 48, 638.7569517318507)
(0, 3, 0, 49, 607.531945230257)
(0, 3, 0, 50, 813.7123754914833)
(0, 3, 0, 51, 509.3853613349922)
(0, 3, 0, 52, 642.7407479829171)
(0, 3, 0, 53, 627.8341308853198)
(0, 3, 0, 54, 477.22418043943077)
(0, 3, 0, 55, 607.9526261696674)
(0, 3, 0, 56, 715.0117361024638)
(0, 3, 0, 57, 593.1050559216217)
(0, 3, 0, 58, 647.1006152270396)
(0, 3, 0, 59, 447.77277022385886)
(0, 3, 0, 60, 897.0964092345278)
(0, 3, 0, 61, 981.8204615495949)
(0, 3, 0, 62, 507.11475018755243)
(0, 3, 0, 63, 553.6346103824558)
(0, 3, 0, 64, 880.0058056019888)
(0, 3, 0, 65, 726.698144010593)
(0, 3, 0, 66, 546.7430010219585)
(0, 3, 0, 67, 576.7819622895388)
(0, 3, 0, 68, 608.7216663092087)
(0, 3, 0, 69, 491.76630711151523)
(0, 3, 0, 70, 594.4151265979787)
(0, 3, 0, 71, 966.6669919783542)
(0, 3, 0, 72, 692.9012680238772)
(0, 3, 0, 73, 650.0087374219253)
(0, 3, 0, 74, 620.3783811009203)
(0, 3, 0, 75, 506.2881162096477)
(0, 3, 0, 76, 480.68788538741865)
(0, 3, 0, 77, 875.4497254173709)
(0, 3, 0, 78, 621.7700275729406)
(0, 3, 0, 79, 651.5806647866264)
(0, 3, 0, 80, 702.2388111933369)
(0, 3, 0, 81, 507.64518142408724)
(0, 3, 0, 82, 597.5798887453859)
(0, 3, 0, 83, 517.6682100902046)
(0, 3, 0, 84, 501.3258963862693)
(0, 3, 0, 85, 552.5538815848017)
(0, 3, 0, 86, 714.2903316229635)
(0, 3, 0, 87, 537.8644068351686)
(0, 3, 0, 88, 894.0756760061329)
(0, 3, 0, 89, 809.1711313817691)
(0, 3, 0, 90, 556.7621391925518)
(0, 3, 0, 91, 643.5878211384971)
(0, 3, 0, 92, 864.0202874010405)
(0, 3, 0, 93, 563.065746884165)
(0, 3, 0, 94, 859.1218429348348)
(0, 3, 0, 95, 531.3774785872876)
(0, 3, 0, 96, 390.40111321940776)
(0, 3, 0, 97, 889.5260630444577)
(0, 3, 0, 98, 539.3368993511074)
(0, 3, 0, 99, 795.1294430782702)
(0, 3, 0, 100, 736.0823606743046)
(0, 3, 0, 101, 993.625250056484)
(0, 3, 0, 102, 556.6436604903611)
(0, 3, 0, 103, 712.5813628180136)
(0, 3, 0, 104, 604.7588067180691)
(0, 3, 0, 105, 661.6562137925655)
(0, 3, 0, 106, 831.117548918244)
(0, 3, 0, 107, 669.3029054413613)
(0, 3, 0, 108, 727.9937931415972)
(0, 3, 0, 109, 613.9926228798798)
(0, 3, 0, 110, 617.4407228785119)
(0, 3, 0, 111, 637.1599862344723)
(0, 3, 0, 112, 592.2845756886476)
(0, 3, 0, 113, 577.6064075505958)
(0, 3, 0, 114, 618.4438156604754)
(0, 3, 0, 115, 583.4097698215468)
(0, 3, 0, 116, 632.8616664370544)
(0, 3, 0, 117, 612.121323605026)
(0, 3, 0, 118, 824.065744439716)
(0, 3, 0, 119, 641.173570990173)
(0, 3, 0, 120, 358.2613879407419)
(0, 3, 0, 121, 803.5245772504439)
(0, 3, 0, 122, 845.1028491584219)
(0, 3, 0, 123, 600.1724714738764)
(0, 3, 0, 124, 635.2904731371713)
(0, 3, 0, 125, 571.8589398850838)
(0, 3, 0, 126, 879.2283497108813)
(0, 3, 0, 127, 624.379239184547)
(0, 3, 0, 128, 669.8978362534887)
(0, 3, 0, 129, 539.4193953232318)
(0, 3, 0, 130, 471.7216938278694)
(0, 3, 0, 131, 439.3915329004852)
(0, 3, 0, 132, 572.4135513496801)
(0, 3, 0, 133, 483.4557447679807)
(0, 3, 0, 134, 656.1219795562329)
(0, 3, 0, 135, 412.23128589081557)
(0, 3, 0, 136, 508.58166777770464)
(0, 3, 0, 137, 659.0899388061005)
(0, 3, 0, 138, 614.0595402553743)
(0, 3, 0, 139, 764.1889699033294)
(0, 3, 0, 140, 546.2495365630454)
(0, 3, 0, 141, 534.9313794559763)
(0, 3, 0, 142, 547.5297097359862)
(0, 3, 0, 143, 651.6705947671761)
(0, 3, 0, 144, 615.7293078392635)
(0, 3, 0, 145, 413.45572183784503)
(0, 3, 0, 146, 602.7900624597032)
(0, 3, 0, 147, 561.8496012287841)
(0, 3, 0, 148, 685.4275707563451)
(0, 3, 0, 149, 391.66687769189144)
(0, 3, 0, 150, 562.1824275758208)
(0, 3, 0, 151, 544.6229878916438)
(0, 3, 0, 152, 834.3163163005831)
(0, 3, 0, 153, 545.0884778649737)
(0, 3, 0, 154, 516.5445019899474)
(0, 3, 0, 155, 637.212242880132)
(0, 3, 0, 156, 583.2437623089501)
(0, 3, 0, 157, 590.8644729664895)
(0, 3, 0, 158, 418.84405523310613)
(0, 3, 0, 159, 832.2500639441809)
(0, 3, 0, 160, 568.8480646196191)
(0, 3, 0, 161, 613.7974598943164)
(0, 3, 0, 162, 533.5544280548214)
(0, 3, 0, 163, 525.3848272049811)
(0, 3, 0, 164, 648.1055332679898)
(0, 3, 0, 165, 957.8253158795546)
(0, 3, 0, 166, 533.2800277615657)
(0, 3, 0, 167, 689.0317224954105)
(0, 3, 0, 168, 830.4080563960385)
(0, 3, 0, 169, 644.5282716374827)
(0, 3, 0, 170, 581.9395977284285)
(0, 3, 0, 171, 444.03371140224823)
(0, 3, 0, 172, 879.8838589192956)
(0, 3, 0, 173, 922.0748997828713)
(0, 3, 0, 174, 589.6420329787919)
(0, 3, 0, 175, 653.4259494494653)
(0, 3, 0, 176, 539.6281835359471)
(0, 3, 0, 177, 414.8439749981905)
(0, 3, 0, 178, 477.54252945321105)
(0, 3, 0, 179, 721.2817900543498)
(0, 3, 0, 180, 701.7311745854013)
(0, 3, 0, 181, 510.3652573816189)
(0, 3, 0, 182, 396.8275015181208)
(0, 3, 0, 183, 535.2481864340392)
(0, 3, 0, 184, 780.9628275608153)
(0, 3, 0, 185, 621.1617832111612)
(0, 3, 0, 186, 563.5921832338344)
(0, 3, 0, 187, 478.7564143184266)
(0, 3, 0, 188, 582.5461813807503)
(0, 3, 0, 189, 453.2105706049149)
(0, 3, 0, 190, 531.8194513122608)
(0, 3, 0, 191, 578.830884385081)
(0, 3, 0, 192, 568.9203472364886)
(0, 3, 0, 193, 494.69567348873636)
(0, 3, 0, 194, 887.8941315181295)
(0, 3, 0, 195, 738.2895992789876)
(0, 3, 0, 196, 562.1548553451469)
(0, 3, 0, 197, 803.8091350063286)
(0, 3, 0, 198, 539.2135651776418)
(0, 3, 0, 199, 665.5208182521751)
(0, 3, 0, 200, 780.7031179334339)
(0, 3, 0, 201, 541.838877359568)
(0, 3, 0, 202, 632.6404246241622)
(0, 3, 0, 203, 671.8910594989045)
(0, 3, 0, 204, 699.7463315496649)
(0, 3, 0, 205, 723.7448565842068)
(0, 3, 0, 206, 482.1466814504222)
(0, 3, 0, 207, 823.5969605671327)
(0, 3, 0, 208, 775.8365320992127)
(0, 3, 0, 209, 538.9965673250107)
(0, 3, 0, 210, 711.4787849281807)
(0, 3, 0, 211, 395.0520277203325)
(0, 3, 0, 212, 467.56207739637705)
(0, 3, 0, 213, 571.3381699799154)
(0, 3, 0, 214, 686.5682655135148)
(0, 3, 0, 215, 638.5708342179923)
(0, 3, 0, 216, 556.3387751288948)
(0, 3, 0, 217, 801.7901635488654)
(0, 3, 0, 218, 625.298347092323)
(0, 3, 0, 219, 598.6669576023261)
(0, 3, 0, 220, 724.4654167840578)
(0, 3, 0, 221, 610.2201064725966)
(0, 3, 0, 222, 669.5400599447555)
(0, 3, 0, 223, 621.8792865392223)
(0, 3, 0, 224, 712.8171914629152)
(0, 3, 0, 225, 766.1383731229264)
(0, 3, 0, 226, 589.7699067388933)
(0, 3, 0, 227, 487.6944777343164)
(0, 3, 0, 228, 488.11941276710536)
(0, 3, 0, 229, 574.3122883032221)
(0, 3, 0, 230, 545.7284433052479)
(0, 3, 0, 231, 614.3231964675283)
(0, 3, 0, 232, 441.329194058867)
(0, 3, 0, 233, 490.31671450346164)
(0, 3, 0, 234, 424.03206828839535)
(0, 3, 0, 235, 734.9847073538592)
(0, 3, 0, 236, 497.2244226827538)
(0, 3, 0, 237, 866.8006624377753)
(0, 3, 0, 238, 869.0426409265141)
(0, 3, 0, 239, 797.3466689409678)
(0, 3, 0, 240, 629.5387502967974)
(0, 3, 0, 241, 728.8793535902767)
(0, 3, 0, 242, 613.7362466560435)
(0, 3, 0, 243, 563.7397054589848)
(0, 3, 0, 244, 668.6465396789907)
(0, 3, 0, 245, 538.8870802292132)
(0, 3, 0, 246, 649.993273175243)
(0, 3, 0, 247, 534.3058138942979)
(0, 3, 0, 248, 520.6116381101863)
(0, 3, 0, 249, 490.7602328368379)
(0, 3, 1, 0, 1097.3292485829975)
(0, 3, 1, 1, 1311.0816090510534)
(0, 3, 1, 2, 995.5378453623856)
(0, 3, 1, 3, 722.3686939750799)
(0, 3, 1, 4, 1082.005066168189)
(0, 3, 1, 5, 894.6952554521495)
(0, 3, 1, 6, 1092.3401099113382)
(0, 3, 1, 7, 2439.5089248986947)
(0, 3, 1, 8, 1205.973082515428)
(0, 3, 1, 9, 1056.886218142094)
(0, 3, 1, 10, 990.4375755931973)
(0, 3, 1, 11, 588.9409947623847)
(0, 3, 1, 12, 1144.7005692020084)
(0, 3, 1, 13, 1581.6437491912727)
(0, 3, 1, 14, 1278.974601975803)
(0, 3, 1, 15, 1686.7751602231758)
(0, 3, 1, 16, 1695.094929286601)
(0, 3, 1, 17, 1357.5596085218372)
(0, 3, 1, 18, 1835.4050715793833)
(0, 3, 1, 19, 1497.4561662309907)
(0, 3, 1, 20, 1928.1265500303891)
(0, 3, 1, 21, 1496.1221644963184)
(0, 3, 1, 22, 779.869001052662)
(0, 3, 1, 23, 1477.5312241697827)
(0, 3, 1, 24, 1086.8224430916355)
(0, 3, 1, 25, 2083.2022246648785)
(0, 3, 1, 26, 2011.197674320978)
(0, 3, 1, 27, 1065.3124655567008)
(0, 3, 1, 28, 1499.2872382539222)
(0, 3, 1, 29, 1952.6330344522414)
(0, 3, 1, 30, 1637.9256242232932)
(0, 3, 1, 31, 1395.6450764429142)
(0, 3, 1, 32, 2158.225381063903)
(0, 3, 1, 33, 3177.118219965729)
(0, 3, 1, 34, 1385.2193242096703)
(0, 3, 1, 35, 1137.8129469132316)
(0, 3, 1, 36, 1780.4235981970128)
(0, 3, 1, 37, 831.4344746993285)
(0, 3, 1, 38, 2676.274799200572)
(0, 3, 1, 39, 1313.6480855078353)
(0, 3, 1, 40, 1941.1820705448213)
(0, 3, 1, 41, 1897.0864050653372)
(0, 3, 1, 42, 1817.1072680594245)
(0, 3, 1, 43, 929.543634859175)
(0, 3, 1, 44, 2632.7657530619567)
(0, 3, 1, 45, 2651.558892030464)
(0, 3, 1, 46, 1154.7654343825131)
(0, 3, 1, 47, 1297.8927542239408)
(0, 3, 1, 48, 1173.5986661589316)
(0, 3, 1, 49, 1220.673327001937)
(0, 3, 1, 50, 1130.344307988367)
(0, 3, 1, 51, 669.2349630735858)
(0, 3, 1, 52, 2353.6573416535894)
(0, 3, 1, 53, 3069.040990308762)
(0, 3, 1, 54, 1453.0125186612815)
(0, 3, 1, 55, 853.4905868497889)
(0, 3, 1, 56, 2007.1461174146962)
(0, 3, 1, 57, 1450.3492618346872)
(0, 3, 1, 58, 818.4631282233826)
(0, 3, 1, 59, 1841.9184151241839)
(0, 3, 1, 60, 1372.7305591771785)
(0, 3, 1, 61, 1098.6629918292042)
(0, 3, 1, 62, 1695.695771555919)
(0, 3, 1, 63, 849.5290465143909)
(0, 3, 1, 64, 2387.582863778236)
(0, 3, 1, 65, 1003.4078265305332)
(0, 3, 1, 66, 1417.0838482757822)
(0, 3, 1, 67, 2061.608525632341)
(0, 3, 1, 68, 1139.7690167783066)
(0, 3, 1, 69, 1684.1024868697036)
(0, 3, 1, 70, 1414.0748990909594)
(0, 3, 1, 71, 679.9390798047874)
(0, 3, 1, 72, 776.0153329877553)
(0, 3, 1, 73, 1720.8972076884431)
(0, 3, 1, 74, 1319.9151062534263)
(0, 3, 1, 75, 1221.5312382314078)
(0, 3, 1, 76, 832.4713119895389)
(0, 3, 1, 77, 1264.3937397632146)
(0, 3, 1, 78, 932.8224405869829)
(0, 3, 1, 79, 2154.8652344426455)
(0, 3, 1, 80, 1591.7745414565013)
(0, 3, 1, 81, 1762.984298377096)
(0, 3, 1, 82, 1434.6204941975648)
(0, 3, 1, 83, 626.3089817951004)
(0, 3, 1, 84, 2680.4908064200895)
(0, 3, 1, 85, 986.7478894472841)
(0, 3, 1, 86, 1513.1478011883767)
(0, 3, 1, 87, 2058.8623837276987)
(0, 3, 1, 88, 798.3632520881284)
(0, 3, 1, 89, 1323.7742383053421)
(0, 3, 1, 90, 1791.3783147234446)
(0, 3, 1, 91, 1389.5574155718953)
(0, 3, 1, 92, 1133.3524844327826)
(0, 3, 1, 93, 1229.830937030549)
(0, 3, 1, 94, 1621.089427698132)
(0, 3, 1, 95, 2438.9251022824837)
(0, 3, 1, 96, 846.1019366489388)
(0, 3, 1, 97, 1139.7001462717747)
(0, 3, 1, 98, 2342.1407823350464)
(0, 3, 1, 99, 1183.4417975690933)
(0, 3, 1, 100, 1824.1372973493321)
(0, 3, 1, 101, 1071.6252377300143)
(0, 3, 1, 102, 1293.1347091291404)
(0, 3, 1, 103, 1110.8958245251713)
(0, 3, 1, 104, 1545.0341027563202)
(0, 3, 1, 105, 2142.6173177275937)
(0, 3, 1, 106, 1680.8767517689341)
(0, 3, 1, 107, 1173.4351048028689)
(0, 3, 1, 108, 1403.45463165256)
(0, 3, 1, 109, 864.2827603040089)
(0, 3, 1, 110, 2645.612226447425)
(0, 3, 1, 111, 3295.4797120249177)
(0, 3, 1, 112, 940.4518135098132)
(0, 3, 1, 113, 1330.7902527331662)
(0, 3, 1, 114, 2235.4506453768927)
(0, 3, 1, 115, 924.1346683805292)
(0, 3, 1, 116, 1045.406217717214)
(0, 3, 1, 117, 1114.6420566239376)
(0, 3, 1, 118, 1119.1571635882183)
(0, 3, 1, 119, 1830.3105778477534)
(0, 3, 1, 120, 1106.9343391807595)
(0, 3, 1, 121, 2056.8742539649147)
(0, 3, 1, 122, 2023.4592081875537)
(0, 3, 1, 123, 983.6666669665764)
(0, 3, 1, 124, 545.260840090258)
(0, 3, 1, 125, 1406.4762185706309)
(0, 3, 1, 126, 2055.024582502693)
(0, 3, 1, 127, 1687.4733939962164)
(0, 3, 1, 128, 1153.0692401533156)
(0, 3, 1, 129, 904.5105361001778)
(0, 3, 1, 130, 930.5188984674899)
(0, 3, 1, 131, 2669.330049387747)
(0, 3, 1, 132, 1985.5008073324543)
(0, 3, 1, 133, 1372.341036021312)
(0, 3, 1, 134, 1297.7929557468892)
(0, 3, 1, 135, 1728.1791893044408)
(0, 3, 1, 136, 1626.4278798107484)
(0, 3, 1, 137, 2077.6515075000098)
(0, 3, 1, 138, 1830.884363846011)
(0, 3, 1, 139, 1170.203809148306)
(0, 3, 1, 140, 1650.542579242096)
(0, 3, 1, 141, 1289.2426813495906)
(0, 3, 1, 142, 1491.189606392138)
(0, 3, 1, 143, 1383.4243493691017)
(0, 3, 1, 144, 1027.9332682248917)
(0, 3, 1, 145, 1128.9298215031924)
(0, 3, 1, 146, 1816.230542116805)
(0, 3, 1, 147, 2018.138206389636)
(0, 3, 1, 148, 1761.4363041552817)
(0, 3, 1, 149, 872.7061061707477)
(0, 3, 1, 150, 1813.5591852019488)
(0, 3, 1, 151, 2543.153260131194)
(0, 3, 1, 152, 1524.249382107679)
(0, 3, 1, 153, 1454.1251989240163)
(0, 3, 1, 154, 1320.4581012079716)
(0, 3, 1, 155, 1211.962928313609)
(0, 3, 1, 156, 1344.319101698178)
(0, 3, 1, 157, 2028.5087574272156)
(0, 3, 1, 158, 845.6982924245182)
(0, 3, 1, 159, 988.3142411239367)
(0, 3, 1, 160, 1272.2535628136477)
(0, 3, 1, 161, 1714.7061320556068)
(0, 3, 1, 162, 1417.5602148471496)
(0, 3, 1, 163, 1142.8735682953088)
(0, 3, 1, 164, 1668.7971552173105)
(0, 3, 1, 165, 1195.1945513013168)
(0, 3, 1, 166, 914.7816060691077)
(0, 3, 1, 167, 3062.3702744280995)
(0, 3, 1, 168, 1244.9585940439931)
(0, 3, 1, 169, 1186.0412530045562)
(0, 3, 1, 170, 1158.1150000418518)
(0, 3, 1, 171, 575.8424125217792)
(0, 3, 1, 172, 932.1935137250175)
(0, 3, 1, 173, 1712.0599376625344)
(0, 3, 1, 174, 914.8585434897586)
(0, 3, 1, 175, 1370.9425743329623)
(0, 3, 1, 176, 1309.7342959645632)
(0, 3, 1, 177, 814.1073957850401)
(0, 3, 1, 178, 1875.7459860655138)
(0, 3, 1, 179, 874.9271765916167)
(0, 3, 1, 180, 918.369168756899)
(0, 3, 1, 181, 1890.783956230948)
(0, 3, 1, 182, 1745.7775857986849)
(0, 3, 1, 183, 1743.1769764362346)
(0, 3, 1, 184, 1046.5174725041975)
(0, 3, 1, 185, 1591.717401946724)
(0, 3, 1, 186, 937.6986069296362)
(0, 3, 1, 187, 1085.6489918194768)
(0, 3, 1, 188, 832.9855367871875)
(0, 3, 1, 189, 1081.9731345488863)
(0, 3, 1, 190, 1249.2352566267868)
(0, 3, 1, 191, 1437.4756013127208)
(0, 3, 1, 192, 1467.4097680074867)
(0, 3, 1, 193, 1131.1888791059012)
(0, 3, 1, 194, 1029.5511693666108)
(0, 3, 1, 195, 1662.624928050233)
(0, 3, 1, 196, 1016.938095926759)
(0, 3, 1, 197, 1748.9059077127167)
(0, 3, 1, 198, 739.1565324473468)
(0, 3, 1, 199, 2166.2073429887237)
(0, 3, 1, 200, 2413.262405464265)
(0, 3, 1, 201, 1055.1354137141132)
(0, 3, 1, 202, 1395.3172142295648)
(0, 3, 1, 203, 1386.4033275625673)
(0, 3, 1, 204, 672.5644344699223)
(0, 3, 1, 205, 1863.3091549596527)
(0, 3, 1, 206, 1457.5961478187455)
(0, 3, 1, 207, 601.2532368617512)
(0, 3, 1, 208, 2029.756419276867)
(0, 3, 1, 209, 1663.1943948473324)
(0, 3, 1, 210, 1403.4236412617588)
(0, 3, 1, 211, 942.8366454451892)
(0, 3, 1, 212, 1699.8542717032567)
(0, 3, 1, 213, 2597.465369544845)
(0, 3, 1, 214, 1120.3517604239846)
(0, 3, 1, 215, 1405.9622604616295)
(0, 3, 1, 216, 1447.2254657672022)
(0, 3, 1, 217, 1324.6054239672817)
(0, 3, 1, 218, 1740.5433055954666)
(0, 3, 1, 219, 3183.450456746589)
(0, 3, 1, 220, 3513.5967328659635)
(0, 3, 1, 221, 1849.4990005821287)
(0, 3, 1, 222, 1109.680341989159)
(0, 3, 1, 223, 1989.7585161756067)
(0, 3, 1, 224, 1246.956017643512)
(0, 3, 1, 225, 773.2501532992624)
(0, 3, 1, 226, 1233.1731081639762)
(0, 3, 1, 227, 1210.3920321951725)
(0, 3, 1, 228, 2069.614125837814)
(0, 3, 1, 229, 1404.841815114219)
(0, 3, 1, 230, 1296.660678091599)
(0, 3, 1, 231, 897.0259001108438)
(0, 3, 1, 232, 1758.065813555011)
(0, 3, 1, 233, 832.541346409792)
(0, 3, 1, 234, 1198.4378905402714)
(0, 3, 1, 235, 1721.3320139643001)
(0, 3, 1, 236, 1842.3627220801511)
(0, 3, 1, 237, 982.3562168095268)
(0, 3, 1, 238, 1054.8774344989163)
(0, 3, 1, 239, 1412.1052184517637)
(0, 3, 1, 240, 1621.2299276633687)
(0, 3, 1, 241, 1543.639625011971)
(0, 3, 1, 242, 873.2739531497368)
(0, 3, 1, 243, 857.1069505373846)
(0, 3, 1, 244, 2108.215083524355)
(0, 3, 1, 245, 1730.1272717009213)
(0, 3, 1, 246, 1470.3055095695277)
(0, 3, 1, 247, 1033.945302839811)
(0, 3, 1, 248, 687.9161715567085)
(0, 3, 1, 249, 594.4494308980939)
