(0, 0, 0, 993, 1.3236683207286344)
(0, 0, 0, 859, 1.4637904418192889)
(0, 0, 0, 298, 2.937551529739195)
(0, 0, 0, 553, 1.455011448350712)
(0, 0, 0, 672, 2.523262858669867)
(0, 0, 0, 971, 2.558944289843558)
(0, 0, 0, 27, 2.332421098846116)
(0, 0, 0, 231, 3.1226748949440717)
(0, 0, 0, 306, 1.4038640001581557)
(0, 0, 0, 706, 1.2815598641009462)
(0, 0, 0, 496, 1.6147172661175493)
(0, 0, 0, 558, 3.11058874870069)
(0, 0, 0, 784, 2.5581515801856223)
(0, 0, 0, 239, 1.982696423578518)
(0, 0, 0, 578, 1.7301019279440852)
(0, 0, 0, 55, 3.4818416987283323)
(0, 0, 0, 906, 1.9022762193573814)
(0, 0, 0, 175, 1.572082254226861)
(0, 0, 0, 14, 5.030524816607655)
(0, 0, 0, 77, 2.9377998898198157)
(0, 0, 0, 31, 1.203827748899043)
(0, 0, 0, 481, 1.4448835503446322)
(0, 0, 0, 310, 1.3512363816187096)
(0, 0, 0, 311, 2.0492836978772027)
(0, 0, 0, 883, 2.174562421277626)
(0, 0, 0, 788, 2.359546109453789)
(0, 0, 0, 45, 1.2092683506868962)
(0, 0, 0, 103, 3.933761937957051)
(0, 0, 0, 760, 11.878728093639543)
(0, 0, 0, 1, 3.6437319458261865)
(0, 0, 0, 823, 1.4144951073003404)
(0, 0, 0, 710, 4.335282779604927)
(0, 0, 0, 614, 2.078989706704948)
(0, 0, 0, 790, 10.360132927940741)
(0, 0, 0, 408, 2.878075491682185)
(0, 0, 0, 736, 1.5293961922849144)
(0, 0, 0, 957, 1.5870244558095434)
(0, 0, 0, 366, 1.4600439239543934)
(0, 0, 0, 918, 1.4399945747312213)
(0, 0, 0, 267, 1.5404952196162758)
(0, 0, 0, 230, 4.343996746186262)
(0, 0, 0, 996, 2.283190160168068)
(0, 0, 0, 635, 2.362053176240871)
(0, 0, 0, 698, 2.5313265677714027)
(0, 0, 0, 251, 1.4544329634678421)
(0, 0, 0, 783, 3.9235461810868744)
(0, 0, 0, 819, 1.3368848517088752)
(0, 0, 0, 141, 2.4312316359822943)
(0, 0, 0, 316, 2.082935611500022)
(0, 0, 0, 587, 3.0317035449038325)
(0, 0, 0, 331, 1.5139168255101192)
(0, 0, 0, 295, 1.5735704347751227)
(0, 0, 0, 262, 5.336265696046781)
(0, 0, 0, 432, 1.3792324351754073)
(0, 0, 0, 862, 2.316453423451594)
(0, 0, 0, 582, 1.8036349363763478)
(0, 0, 0, 272, 6.527107764311509)
(0, 0, 0, 270, 1.7793754124644954)
(0, 0, 0, 987, 1.7423551338998748)
(0, 0, 0, 319, 1.5860640845766292)
(0, 0, 0, 569, 1.8395297118459684)
(0, 0, 0, 643, 2.077241298179665)
(0, 0, 0, 142, 6.685070166014109)
(0, 0, 0, 202, 4.280548574655604)
(0, 0, 0, 413, 1.870337041033829)
(0, 0, 0, 196, 1.9470526763689662)
(0, 0, 0, 264, 1.5430127454542855)
(0, 0, 0, 531, 2.0317479490783095)
(0, 0, 0, 252, 1.891453060789698)
(0, 0, 0, 576, 3.258853451502695)
(0, 0, 0, 738, 1.594573709457229)
(0, 0, 0, 299, 6.769929986809239)
(0, 0, 0, 740, 1.4958721158683703)
(0, 0, 0, 247, 1.7045049115236977)
(0, 0, 0, 926, 2.875550837364727)
(0, 0, 0, 412, 1.9187196142617204)
(0, 0, 0, 389, 4.453297982079515)
(0, 0, 0, 796, 1.7905681087278995)
(0, 0, 0, 601, 1.471887982431589)
(0, 0, 0, 654, 3.3126311545364167)
(0, 0, 0, 261, 1.4256177367192158)
(0, 0, 0, 456, 1.4687918452237432)
(0, 0, 0, 386, 1.3469906259672522)
(0, 0, 0, 982, 1.695840914120784)
(0, 0, 0, 909, 1.9664495273073699)
(0, 0, 0, 693, 2.0971071517531503)
(0, 0, 0, 236, 1.943839264745717)
(0, 0, 0, 501, 1.1934018687268348)
(0, 0, 0, 497, 2.961616494022726)
(0, 0, 0, 874, 1.9909892899710595)
(0, 0, 0, 452, 1.931825027706837)
(0, 0, 0, 494, 8.665301843247498)
(0, 0, 0, 923, 1.3610240335201864)
(0, 0, 0, 279, 1.7997751247563563)
(0, 0, 0, 638, 2.76000860790968)
(0, 0, 0, 485, 2.201920526871217)
(0, 0, 0, 568, 1.1551179713703918)
(0, 0, 0, 108, 1.6493025152667835)
(0, 0, 0, 367, 2.8709384957087694)
(0, 0, 0, 644, 1.7882721965840755)
(0, 0, 0, 785, 5.177273238872238)
(0, 0, 0, 873, 4.332071634500529)
(0, 0, 0, 65, 1.7214450775118673)
(0, 0, 0, 902, 2.5867753264366744)
(0, 0, 0, 317, 2.857199058439502)
(0, 0, 0, 636, 2.3846619755788727)
(0, 0, 0, 666, 1.652565263861328)
(0, 0, 0, 789, 1.5491481021203266)
(0, 0, 0, 958, 2.905704654400563)
(0, 0, 0, 214, 3.373609865395548)
(0, 0, 0, 97, 2.063824325132431)
(0, 0, 0, 583, 1.5671005012921904)
(0, 0, 0, 466, 1.992951713203854)
(0, 0, 0, 523, 7.240765514758225)
(0, 0, 0, 255, 3.5717100071743033)
(0, 0, 0, 385, 1.835013034908489)
(0, 0, 0, 545, 4.69294767600701)
(0, 0, 0, 382, 4.121631628113409)
(0, 0, 0, 489, 2.8060289369715545)
(0, 0, 0, 513, 1.5341222496954001)
(0, 0, 0, 780, 3.5324261117937494)
(0, 0, 0, 904, 1.7077324324787375)
(0, 0, 0, 122, 1.5407724035475776)
(0, 0, 0, 946, 1.9358973066327303)
(0, 0, 0, 60, 2.021206795988122)
(0, 0, 0, 844, 1.5919149339475178)
(0, 0, 0, 372, 3.6876700000387386)
(0, 0, 0, 283, 2.2058212861506847)
(0, 0, 0, 939, 2.1176262417648317)
(0, 0, 0, 608, 1.339982487287562)
(0, 0, 0, 495, 2.5136072702811294)
(0, 0, 0, 630, 2.8670207452574363)
(0, 0, 0, 596, 4.1052292493175155)
(0, 0, 0, 713, 1.3232922667750606)
(0, 0, 0, 753, 2.9868688494933564)
(0, 0, 0, 624, 1.6736020366396727)
(0, 0, 0, 312, 3.9313152702093537)
(0, 0, 0, 8, 1.6854433837415863)
(0, 0, 0, 529, 3.2172088955670346)
(0, 0, 0, 876, 1.5671217134904722)
(0, 0, 0, 101, 1.2616225165432409)
(0, 0, 0, 615, 6.0634889237067435)
(0, 0, 0, 520, 0.8795715238291621)
(0, 0, 0, 249, 2.2666485892764574)
(0, 0, 0, 278, 1.7336849761791193)
(0, 0, 0, 424, 1.8898659810581764)
(0, 0, 0, 384, 2.618505928170292)
(0, 0, 0, 395, 1.5127225895073237)
(0, 0, 0, 54, 5.550251121279132)
(0, 0, 0, 34, 1.8220324516305504)
(0, 0, 0, 271, 2.0549808225254176)
(0, 0, 0, 30, 1.6117501988260927)
(0, 0, 0, 403, 1.0616940345202381)
(0, 0, 0, 757, 2.9493840918134038)
(0, 0, 0, 975, 1.2568153377458342)
(0, 0, 0, 990, 4.431211579533274)
(0, 0, 0, 457, 1.8056578065505084)
(0, 0, 0, 362, 2.0094403005312165)
(0, 0, 0, 860, 1.3819232266230563)
(0, 0, 0, 483, 1.6780196576613917)
(0, 0, 0, 580, 2.6023867913686893)
(0, 0, 0, 986, 1.7190936469595486)
(0, 0, 0, 688, 1.7302991096454818)
(0, 0, 0, 864, 3.1373173716338734)
(0, 0, 0, 927, 1.8671885614684658)
(0, 0, 0, 378, 4.584402440839168)
(0, 0, 0, 320, 2.6942247560424875)
(0, 0, 0, 942, 1.2024611266499)
(0, 0, 0, 351, 4.992923541407378)
(0, 0, 0, 418, 20.249626533141136)
(0, 0, 0, 945, 0.9344839820859981)
(0, 0, 0, 795, 2.7769395145800573)
(0, 0, 0, 145, 2.2597794233889434)
(0, 0, 0, 826, 8.151921339303861)
(0, 0, 0, 492, 3.4062316668590675)
(0, 0, 0, 751, 7.062748060619524)
(0, 0, 0, 240, 1.7886130966651785)
(0, 0, 0, 648, 1.509928229727401)
(0, 0, 0, 886, 1.8330455467942663)
(0, 0, 0, 144, 2.491323699094424)
(0, 0, 0, 767, 3.4187512227048185)
(0, 0, 0, 999, 5.2108078395706805)
(0, 0, 0, 467, 1.2377968540546151)
(0, 0, 0, 315, 2.3959635804939974)
(0, 0, 0, 989, 2.5174091774164147)
(0, 0, 0, 922, 1.9683073980361765)
(0, 0, 0, 717, 3.6583813435068944)
(0, 0, 0, 458, 1.5848047515287784)
(0, 0, 0, 773, 1.629752311350067)
(0, 0, 0, 204, 2.021876839149929)
(0, 0, 0, 834, 1.223312447361553)
(0, 0, 0, 832, 1.7176753732431194)
(0, 0, 0, 435, 1.6285326164243705)
(0, 0, 0, 5, 1.9278470134819015)
(0, 0, 0, 769, 1.9676825197993113)
(0, 0, 0, 679, 2.6586467154237354)
(0, 0, 0, 722, 1.6986553100692792)
(0, 0, 0, 215, 1.6321634129434646)
(0, 0, 0, 653, 2.0242141089118704)
(0, 0, 0, 150, 1.9376779631901058)
(0, 0, 0, 687, 2.6262427608587156)
(0, 0, 0, 500, 1.1694124029470554)
(0, 0, 0, 332, 1.2175468821039659)
(0, 0, 0, 979, 1.1828150868568688)
(0, 0, 0, 817, 1.0935466733830144)
(0, 0, 0, 620, 3.792791811769508)
(0, 0, 0, 814, 3.865060210469704)
(0, 0, 0, 516, 1.1522342529578828)
(0, 0, 0, 518, 2.471307540849298)
(0, 0, 0, 940, 2.72221462341038)
(0, 0, 0, 113, 6.363230913993983)
(0, 0, 0, 612, 1.5869139363660043)
(0, 0, 0, 37, 3.886561268289017)
(0, 0, 0, 894, 4.499741794778058)
(0, 0, 0, 895, 2.6737777627908534)
(0, 0, 0, 992, 1.3913290466678143)
(0, 0, 0, 158, 3.0607655896662136)
(0, 0, 0, 154, 3.8187486764722984)
(0, 0, 0, 40, 2.5732787915326436)
(0, 0, 0, 585, 2.82721716309731)
(0, 0, 0, 805, 1.5580354877716862)
(0, 0, 0, 592, 1.6769056085670027)
(0, 0, 0, 964, 1.1789744590605078)
(0, 0, 0, 266, 1.5368895933429285)
(0, 0, 0, 406, 1.9029761360170625)
(0, 0, 0, 294, 2.043215195789415)
(0, 0, 0, 604, 1.7205549404333718)
(0, 0, 0, 522, 2.3108051176890676)
(0, 0, 0, 18, 2.063340438525853)
(0, 0, 0, 425, 2.3833189134014456)
(0, 0, 0, 527, 1.3095240351731023)
(0, 0, 0, 308, 2.501880520394948)
(0, 0, 0, 622, 3.2572921141443127)
(0, 0, 0, 794, 1.539790586280448)
(0, 0, 0, 62, 1.4403037769797278)
(0, 0, 0, 79, 1.8177978026219845)
(0, 0, 0, 680, 4.653345597244599)
(0, 0, 0, 193, 3.161227414189387)
(0, 0, 0, 750, 1.694336398976717)
(0, 0, 0, 181, 5.756149115628056)
(0, 0, 0, 535, 1.9736502385146408)
(0, 0, 0, 484, 1.7560536034494307)
(0, 0, 0, 200, 2.1073256304356662)
(0, 0, 0, 364, 6.157074487060965)
(0, 0, 0, 991, 2.013228406374267)
(0, 0, 0, 462, 1.6718530906885167)
(0, 0, 0, 356, 1.356677058518108)
(0, 0, 0, 2, 2.666210696528961)
(0, 0, 0, 478, 2.3032717093750703)
(0, 0, 0, 695, 5.621309726938476)
(0, 0, 1, 0, 14.864717149223154)
(0, 0, 1, 1, 9.214080990291611)
(0, 0, 1, 2, 32.12934948043079)
(0, 0, 1, 3, 4.8275596100186045)
(0, 0, 1, 4, 26.336264197193852)
(0, 0, 1, 5, 24.14109496066574)
(0, 0, 1, 6, 10.69711271292831)
(0, 0, 1, 7, 21.824091716971875)
(0, 0, 1, 8, 11.972786485702759)
(0, 0, 1, 9, 13.655562102342039)
(0, 0, 1, 10, 15.610304226273692)
(0, 0, 1, 11, 21.86114679205151)
(0, 0, 1, 12, 15.6228907009059)
(0, 0, 1, 13, 2.1383157666945585)
(0, 0, 1, 14, 37.056117029427725)
(0, 0, 1, 15, 9.862779825312861)
(0, 0, 1, 16, 14.829276175551815)
(0, 0, 1, 17, 41.25253187829601)
(0, 0, 1, 18, 1.937696901652553)
(0, 0, 1, 19, 17.490545007731182)
(0, 0, 1, 20, 19.422076588443186)
(0, 0, 1, 21, 36.358643624197896)
(0, 0, 1, 22, 20.53092990695668)
(0, 0, 1, 23, 7.58463972347421)
(0, 0, 1, 24, 9.680028445385576)
(0, 0, 1, 25, 6.724404882953421)
(0, 0, 1, 26, 16.522687776445274)
(0, 0, 1, 27, 8.305180780283568)
(0, 0, 1, 28, 30.1876123111912)
(0, 0, 1, 29, 17.178567033795694)
(0, 0, 1, 30, 10.669358490726259)
(0, 0, 1, 31, 32.03799754418338)
(0, 0, 1, 32, 10.44223568846957)
(0, 0, 1, 33, 34.20349529496924)
(0, 0, 1, 34, 20.18514129317752)
(0, 0, 1, 35, 22.300774823352164)
(0, 0, 1, 36, 26.39029238107593)
(0, 0, 1, 37, 38.07730256390463)
(0, 0, 1, 38, 45.974929913063235)
(0, 0, 1, 39, 20.220728134439902)
(0, 0, 1, 40, 11.443197110012703)
(0, 0, 1, 41, 26.026786289621104)
(0, 0, 1, 42, 60.40826165744819)
(0, 0, 1, 43, 27.79049736613901)
(0, 0, 1, 44, 14.71564210749155)
(0, 0, 1, 45, 31.640914444331592)
(0, 0, 1, 46, 35.03507071890666)
(0, 0, 1, 47, 39.04024869104812)
(0, 0, 1, 48, 122.94511055958813)
(0, 0, 1, 49, 12.831565983196825)
(0, 0, 1, 50, 22.144247871805828)
(0, 0, 1, 51, 36.96447202089635)
(0, 0, 1, 52, 55.295235748591224)
(0, 0, 1, 53, 68.4853515074923)
(0, 0, 1, 54, 68.14415024739696)
(0, 0, 1, 55, 28.006834607598382)
(0, 0, 1, 56, 17.17848282778547)
(0, 0, 1, 57, 18.53781633112525)
(0, 0, 1, 58, 9.930768418895884)
(0, 0, 1, 59, 24.1642813646713)
(0, 0, 1, 60, 7.345088374056387)
(0, 0, 1, 61, 25.41576228606118)
(0, 0, 1, 62, 8.665919132315993)
(0, 0, 1, 63, 16.12931013985042)
(0, 0, 1, 64, 18.827335273999505)
(0, 0, 1, 65, 24.228292213181057)
(0, 0, 1, 66, 5.143885880000525)
(0, 0, 1, 67, 16.57702587574366)
(0, 0, 1, 68, 9.424801843495121)
(0, 0, 1, 69, 26.693568880849238)
(0, 0, 1, 70, 13.413093033473716)
(0, 0, 1, 71, 2.9256910618960865)
(0, 0, 1, 72, 41.15904495956078)
(0, 0, 1, 73, 7.6713824577594725)
(0, 0, 1, 74, 9.299475142550106)
(0, 0, 1, 75, 99.84932133005198)
(0, 0, 1, 76, 94.39790176114091)
(0, 0, 1, 77, 14.308215483207931)
(0, 0, 1, 78, 13.597411688769775)
(0, 0, 1, 79, 15.74496969580585)
(0, 0, 1, 80, 2.1596295203171674)
(0, 0, 1, 81, 36.405906797798096)
(0, 0, 1, 82, 12.69313388975158)
(0, 0, 1, 83, 37.36523371491902)
(0, 0, 1, 84, 13.280997288007667)
(0, 0, 1, 85, 7.318562008904737)
(0, 0, 1, 86, 16.01123415445154)
(0, 0, 1, 87, 26.311561426764044)
(0, 0, 1, 88, 10.526256829685016)
(0, 0, 1, 89, 45.73828066022116)
(0, 0, 1, 90, 45.46147572650532)
(0, 0, 1, 91, 26.133070523128964)
(0, 0, 1, 92, 90.26600933453872)
(0, 0, 1, 93, 23.273135992712987)
(0, 0, 1, 94, 10.874153601286588)
(0, 0, 1, 95, 35.362544786519294)
(0, 0, 1, 96, 36.55745734061875)
(0, 0, 1, 97, 4.9177406282923615)
(0, 0, 1, 98, 29.74843819061737)
(0, 0, 1, 99, 13.400974526156372)
(0, 0, 1, 100, 12.193569660519177)
(0, 0, 1, 101, 44.54560505314227)
(0, 0, 1, 102, 6.398928880511042)
(0, 0, 1, 103, 35.33337919483157)
(0, 0, 1, 104, 2.7426709745360704)
(0, 0, 1, 105, 1.7561042363084276)
(0, 0, 1, 106, 7.153591512459511)
(0, 0, 1, 107, 59.76364410739646)
(0, 0, 1, 108, 29.54442168431986)
(0, 0, 1, 109, 22.61850300888406)
(0, 0, 1, 110, 15.000950314722598)
(0, 0, 1, 111, 9.321350133742605)
(0, 0, 1, 112, 19.574515162953343)
(0, 0, 1, 113, 47.99082732842144)
(0, 0, 1, 114, 21.01697774066302)
(0, 0, 1, 115, 31.094255992563905)
(0, 0, 1, 116, 17.68165868553621)
(0, 0, 1, 117, 28.83569340684163)
(0, 0, 1, 118, 8.640828814932249)
(0, 0, 1, 119, 45.091799671943946)
(0, 0, 1, 120, 44.400112805082834)
(0, 0, 1, 121, 16.86584789023578)
(0, 0, 1, 122, 20.54156006738632)
(0, 0, 1, 123, 17.53857878364009)
(0, 0, 1, 124, 47.896323908824144)
(0, 0, 1, 125, 42.05998652118461)
(0, 0, 1, 126, 49.17210758427161)
(0, 0, 1, 127, 2.1682622300203)
(0, 0, 1, 128, 5.928873472049972)
(0, 0, 1, 129, 23.215955315179755)
(0, 0, 1, 130, 7.102658169193824)
(0, 0, 1, 131, 13.83969307326124)
(0, 0, 1, 132, 6.2673198070402645)
(0, 0, 1, 133, 38.7060224749086)
(0, 0, 1, 134, 16.044094102259724)
(0, 0, 1, 135, 22.07468560451603)
(0, 0, 1, 136, 9.649883160891472)
(0, 0, 1, 137, 14.846646184137052)
(0, 0, 1, 138, 23.577601017965446)
(0, 0, 1, 139, 24.885156998099358)
(0, 0, 1, 140, 58.60407858349248)
(0, 0, 1, 141, 4.170362223916912)
(0, 0, 1, 142, 12.591543677143727)
(0, 0, 1, 143, 45.45562401726276)
(0, 0, 1, 144, 39.16940306675143)
(0, 0, 1, 145, 43.51231813078066)
(0, 0, 1, 146, 23.202905307842908)
(0, 0, 1, 147, 2.751358119458485)
(0, 0, 1, 148, 15.194706034105952)
(0, 0, 1, 149, 41.197624325898666)
(0, 0, 1, 150, 67.68775686152708)
(0, 0, 1, 151, 8.8364691332101)
(0, 0, 1, 152, 25.622064328130104)
(0, 0, 1, 153, 16.36868237655475)
(0, 0, 1, 154, 8.34660243393275)
(0, 0, 1, 155, 40.750946413708725)
(0, 0, 1, 156, 41.76957872167791)
(0, 0, 1, 157, 37.13746423915255)
(0, 0, 1, 158, 5.752348961100018)
(0, 0, 1, 159, 49.78593800144921)
(0, 0, 1, 160, 1.8618067370866551)
(0, 0, 1, 161, 1.9846539979854083)
(0, 0, 1, 162, 6.974036553653003)
(0, 0, 1, 163, 20.051389524622344)
(0, 0, 1, 164, 10.005708987400078)
(0, 0, 1, 165, 26.30567865169739)
(0, 0, 1, 166, 15.517098261596548)
(0, 0, 1, 167, 42.88213189922884)
(0, 0, 1, 168, 7.966128224065906)
(0, 0, 1, 169, 11.91449804967346)
(0, 0, 1, 170, 21.442362938829152)
(0, 0, 1, 171, 16.60637699488231)
(0, 0, 1, 172, 31.365072072751765)
(0, 0, 1, 173, 42.169925962012016)
(0, 0, 1, 174, 91.38422034082825)
(0, 0, 1, 175, 13.894421143027953)
(0, 0, 1, 176, 79.5563197396361)
(0, 0, 1, 177, 11.415249980958391)
(0, 0, 1, 178, 21.70362489594151)
(0, 0, 1, 179, 38.5682772879742)
(0, 0, 1, 180, 11.560470882849586)
(0, 0, 1, 181, 3.438742209241132)
(0, 0, 1, 182, 27.178821609553683)
(0, 0, 1, 183, 19.435859645548785)
(0, 0, 1, 184, 16.103460600199377)
(0, 0, 1, 185, 1.7230336901778154)
(0, 0, 1, 186, 9.880519274129638)
(0, 0, 1, 187, 10.605165317294516)
(0, 0, 1, 188, 28.991420424678147)
(0, 0, 1, 189, 9.206570067069137)
(0, 0, 1, 190, 11.946023589436722)
(0, 0, 1, 191, 27.921740147111684)
(0, 0, 1, 192, 47.27816278944118)
(0, 0, 1, 193, 20.218839844772898)
(0, 0, 1, 194, 27.617876905503312)
(0, 0, 1, 195, 31.91436795008586)
(0, 0, 1, 196, 20.334186038388033)
(0, 0, 1, 197, 16.663225228889658)
(0, 0, 1, 198, 35.18621888190705)
(0, 0, 1, 199, 43.95516190580302)
(0, 0, 1, 200, 49.451816306301836)
(0, 0, 1, 201, 9.876038115388088)
(0, 0, 1, 202, 12.059924943886685)
(0, 0, 1, 203, 18.081034053177095)
(0, 0, 1, 204, 26.133958193097186)
(0, 0, 1, 205, 22.637654777502885)
(0, 0, 1, 206, 25.90565013605989)
(0, 0, 1, 207, 9.464746770895282)
(0, 0, 1, 208, 88.27575438076461)
(0, 0, 1, 209, 10.542586133360546)
(0, 0, 1, 210, 12.630792853637864)
(0, 0, 1, 211, 26.244589168622323)
(0, 0, 1, 212, 32.03334611250746)
(0, 0, 1, 213, 35.94650768656346)
(0, 0, 1, 214, 48.50840209616575)
(0, 0, 1, 215, 2.971678107570228)
(0, 0, 1, 216, 41.84874580288532)
(0, 0, 1, 217, 29.53924573839857)
(0, 0, 1, 218, 46.20887358602472)
(0, 0, 1, 219, 6.485572443616548)
(0, 0, 1, 220, 16.591751630394846)
(0, 0, 1, 221, 37.24064631432878)
(0, 0, 1, 222, 58.086469296079954)
(0, 0, 1, 223, 4.618859712898191)
(0, 0, 1, 224, 12.52431541857155)
(0, 0, 1, 225, 20.7582816544534)
(0, 0, 1, 226, 23.826881346739103)
(0, 0, 1, 227, 48.592550305279694)
(0, 0, 1, 228, 12.035148554367655)
(0, 0, 1, 229, 66.5166465827813)
(0, 0, 1, 230, 15.626473043573517)
(0, 0, 1, 231, 13.804996333242222)
(0, 0, 1, 232, 2.2356518020563962)
(0, 0, 1, 233, 21.249963669021323)
(0, 0, 1, 234, 14.852940570586739)
(0, 0, 1, 235, 3.3853873981196045)
(0, 0, 1, 236, 11.23438853854996)
(0, 0, 1, 237, 11.889946680519117)
(0, 0, 1, 238, 2.5049090225457618)
(0, 0, 1, 239, 23.28853773372039)
(0, 0, 1, 240, 10.945206159645846)
(0, 0, 1, 241, 27.22222608525846)
(0, 0, 1, 242, 29.152068556624734)
(0, 0, 1, 243, 11.743478961216963)
(0, 0, 1, 244, 30.279033932657857)
(0, 0, 1, 245, 47.67130803548136)
(0, 0, 1, 246, 31.169131467138797)
(0, 0, 1, 247, 2.203143418055957)
(0, 0, 1, 248, 12.064400197950759)
(0, 0, 1, 249, 23.157044778028602)
(0, 1, 0, 993, 5.805483231575818)
(0, 1, 0, 859, 7.564943821955721)
(0, 1, 0, 298, 15.753603158949025)
(0, 1, 0, 553, 6.71269654947076)
(0, 1, 0, 672, 18.907744186710634)
(0, 1, 0, 971, 14.748762538495301)
(0, 1, 0, 27, 7.022366285965953)
(0, 1, 0, 231, 16.27665164465315)
(0, 1, 0, 306, 6.674668885114999)
(0, 1, 0, 706, 4.998884018312863)
(0, 1, 0, 496, 10.966057046050556)
(0, 1, 0, 558, 20.296332331939574)
(0, 1, 0, 784, 12.549819152246492)
(0, 1, 0, 239, 9.322721908277325)
(0, 1, 0, 578, 11.055444554284493)
(0, 1, 0, 55, 19.066417709483012)
(0, 1, 0, 906, 25.772579004915315)
(0, 1, 0, 175, 10.595864372632503)
(0, 1, 0, 14, 21.463798765910067)
(0, 1, 0, 77, 12.195294519010988)
(0, 1, 0, 31, 9.92715653408502)
(0, 1, 0, 481, 6.536260092571802)
(0, 1, 0, 310, 7.5508970795727635)
(0, 1, 0, 311, 6.753110797613687)
(0, 1, 0, 883, 8.819357295600948)
(0, 1, 0, 788, 13.737077085397104)
(0, 1, 0, 45, 7.739639672715708)
(0, 1, 0, 103, 27.069297140142606)
(0, 1, 0, 760, 47.58752146404982)
(0, 1, 0, 1, 22.853761163445107)
(0, 1, 0, 823, 7.5149334836809265)
(0, 1, 0, 710, 22.266852166201563)
(0, 1, 0, 614, 7.646860407063345)
(0, 1, 0, 790, 58.94531499292059)
(0, 1, 0, 408, 27.37118121050105)
(0, 1, 0, 736, 5.563964483141778)
(0, 1, 0, 957, 8.370484675259307)
(0, 1, 0, 366, 7.537794368984424)
(0, 1, 0, 918, 9.68280141125111)
(0, 1, 0, 267, 12.12400574056848)
(0, 1, 0, 230, 18.137859945238365)
(0, 1, 0, 996, 7.636824082877406)
(0, 1, 0, 635, 12.141437076745493)
(0, 1, 0, 698, 10.32829398861317)
(0, 1, 0, 251, 7.660754751436725)
(0, 1, 0, 783, 39.83693259501129)
(0, 1, 0, 819, 6.425542470393274)
(0, 1, 0, 141, 11.612006886443508)
(0, 1, 0, 316, 13.86802937536887)
(0, 1, 0, 587, 20.949399200910864)
(0, 1, 0, 331, 8.89887948860342)
(0, 1, 0, 295, 13.421270967498982)
(0, 1, 0, 262, 23.823254108593805)
(0, 1, 0, 432, 5.716486782461153)
(0, 1, 0, 862, 17.118576576634947)
(0, 1, 0, 582, 7.2008761974401905)
(0, 1, 0, 272, 32.06876507380032)
(0, 1, 0, 270, 8.593373199405216)
(0, 1, 0, 987, 22.692381435018614)
(0, 1, 0, 319, 9.790951167114072)
(0, 1, 0, 569, 8.349074544311703)
(0, 1, 0, 643, 9.348953186426662)
(0, 1, 0, 142, 38.102951183958886)
(0, 1, 0, 202, 19.66902300576928)
(0, 1, 0, 413, 17.183182437017862)
(0, 1, 0, 196, 8.310745454301312)
(0, 1, 0, 264, 8.618800285901257)
(0, 1, 0, 531, 11.568739550574945)
(0, 1, 0, 252, 12.730546615424913)
(0, 1, 0, 576, 11.125827809556863)
(0, 1, 0, 738, 11.73114606219817)
(0, 1, 0, 299, 21.756450932353935)
(0, 1, 0, 740, 10.189836703628785)
(0, 1, 0, 247, 7.441610328962067)
(0, 1, 0, 926, 15.572618888739273)
(0, 1, 0, 412, 14.7745675761599)
(0, 1, 0, 389, 9.531995757898047)
(0, 1, 0, 796, 9.47452436574898)
(0, 1, 0, 601, 10.391158855991222)
(0, 1, 0, 654, 16.05361553455254)
(0, 1, 0, 261, 6.042782020428317)
(0, 1, 0, 456, 6.307261874897397)
(0, 1, 0, 386, 7.6330875299736665)
(0, 1, 0, 982, 11.294754876426671)
(0, 1, 0, 909, 7.33211703219677)
(0, 1, 0, 693, 12.077466315158695)
(0, 1, 0, 236, 7.33909911984905)
(0, 1, 0, 501, 4.789103028162808)
(0, 1, 0, 497, 18.88432909566384)
(0, 1, 0, 874, 11.62760283077921)
(0, 1, 0, 452, 8.440756535379107)
(0, 1, 0, 494, 41.80694427783013)
(0, 1, 0, 923, 7.658094615987072)
(0, 1, 0, 279, 15.271160439360358)
(0, 1, 0, 638, 19.706083309731557)
(0, 1, 0, 485, 8.545789227166873)
(0, 1, 0, 568, 7.782456146798973)
(0, 1, 0, 108, 8.492194116477133)
(0, 1, 0, 367, 26.557707679733358)
(0, 1, 0, 644, 8.843434897690855)
(0, 1, 0, 785, 21.043746245568546)
(0, 1, 0, 873, 23.856414030346883)
(0, 1, 0, 65, 9.86308449727435)
(0, 1, 0, 902, 8.570473302192903)
(0, 1, 0, 317, 16.33380084591277)
(0, 1, 0, 636, 9.594662990359517)
(0, 1, 0, 666, 11.145092882161528)
(0, 1, 0, 789, 14.143022170246832)
(0, 1, 0, 958, 12.986205883278245)
(0, 1, 0, 214, 24.604494918707918)
(0, 1, 0, 97, 10.47176466673124)
(0, 1, 0, 583, 8.116123020885007)
(0, 1, 0, 466, 12.085141169065537)
(0, 1, 0, 523, 24.093532962935708)
(0, 1, 0, 255, 26.872657592631715)
(0, 1, 0, 385, 12.666497542250779)
(0, 1, 0, 545, 23.864531647819458)
(0, 1, 0, 382, 15.577162564707828)
(0, 1, 0, 489, 18.604137872873324)
(0, 1, 0, 513, 11.416757725644826)
(0, 1, 0, 780, 22.969156325118412)
(0, 1, 0, 904, 7.952766255593586)
(0, 1, 0, 122, 9.775561552684922)
(0, 1, 0, 946, 9.804008711896316)
(0, 1, 0, 60, 8.549506220148634)
(0, 1, 0, 844, 10.766082369828647)
(0, 1, 0, 372, 17.822731250160032)
(0, 1, 0, 283, 9.17004850017514)
(0, 1, 0, 939, 11.556318957855696)
(0, 1, 0, 608, 8.056779430216315)
(0, 1, 0, 495, 15.395800253082804)
(0, 1, 0, 630, 12.252381222980588)
(0, 1, 0, 596, 12.870432612143189)
(0, 1, 0, 713, 6.273440823794297)
(0, 1, 0, 753, 27.14864632740908)
(0, 1, 0, 624, 9.098401661260784)
(0, 1, 0, 312, 20.469357991595547)
(0, 1, 0, 8, 11.76315186501926)
(0, 1, 0, 529, 13.826363246555516)
(0, 1, 0, 876, 9.86378364211717)
(0, 1, 0, 101, 7.373925179743704)
(0, 1, 0, 615, 16.747184324262488)
(0, 1, 0, 520, 7.20696081714438)
(0, 1, 0, 249, 16.803491417676018)
(0, 1, 0, 278, 13.161803051307558)
(0, 1, 0, 424, 9.276551504902434)
(0, 1, 0, 384, 13.427711823165353)
(0, 1, 0, 395, 12.776950449069435)
(0, 1, 0, 54, 15.692987752276796)
(0, 1, 0, 34, 16.748497071972036)
(0, 1, 0, 271, 10.685161999527995)
(0, 1, 0, 30, 10.863094848957356)
(0, 1, 0, 403, 6.884565012300872)
(0, 1, 0, 757, 27.712165372366087)
(0, 1, 0, 975, 7.469501704477907)
(0, 1, 0, 990, 14.246227728165135)
(0, 1, 0, 457, 16.19916866528312)
(0, 1, 0, 362, 10.204911343232464)
(0, 1, 0, 860, 7.3340355131137525)
(0, 1, 0, 483, 7.269597952659345)
(0, 1, 0, 580, 12.575265987746343)
(0, 1, 0, 986, 11.838827709864837)
(0, 1, 0, 688, 5.55988471473564)
(0, 1, 0, 864, 20.281702574966296)
(0, 1, 0, 927, 14.207539369456114)
(0, 1, 0, 378, 19.990559916476194)
(0, 1, 0, 320, 17.52563634569486)
(0, 1, 0, 942, 8.10699601358597)
(0, 1, 0, 351, 27.443274491658975)
(0, 1, 0, 418, 85.181916618321)
(0, 1, 0, 945, 10.191493125098551)
(0, 1, 0, 795, 13.551232012296419)
(0, 1, 0, 145, 7.550661250800319)
(0, 1, 0, 826, 30.56878509542601)
(0, 1, 0, 492, 19.116574888029515)
(0, 1, 0, 751, 20.7004803808365)
(0, 1, 0, 240, 8.5596814077386)
(0, 1, 0, 648, 6.5670687866760105)
(0, 1, 0, 886, 13.158620801877845)
(0, 1, 0, 144, 8.091355848382566)
(0, 1, 0, 767, 20.799974476239296)
(0, 1, 0, 999, 22.64394551599669)
(0, 1, 0, 467, 6.153087277220256)
(0, 1, 0, 315, 12.008045010912282)
(0, 1, 0, 989, 14.929122631211413)
(0, 1, 0, 922, 15.836782372527622)
(0, 1, 0, 717, 14.75840206460503)
(0, 1, 0, 458, 10.189735968812112)
(0, 1, 0, 773, 12.980281823867763)
(0, 1, 0, 204, 11.761063134521521)
(0, 1, 0, 834, 7.087983444402146)
(0, 1, 0, 832, 13.462892223605365)
(0, 1, 0, 435, 8.635861977010526)
(0, 1, 0, 5, 9.068839843710085)
(0, 1, 0, 769, 13.82440044158622)
(0, 1, 0, 679, 25.69124561353424)
(0, 1, 0, 722, 9.78760482252867)
(0, 1, 0, 215, 10.013469214172124)
(0, 1, 0, 653, 13.95833679214101)
(0, 1, 0, 150, 7.367656995314131)
(0, 1, 0, 687, 10.437120024333204)
(0, 1, 0, 500, 8.146427376958208)
(0, 1, 0, 332, 5.528141191821427)
(0, 1, 0, 979, 7.958199540106797)
(0, 1, 0, 817, 8.306508655108816)
(0, 1, 0, 620, 22.63477605547515)
(0, 1, 0, 814, 22.920569640046516)
(0, 1, 0, 516, 7.344948821765159)
(0, 1, 0, 518, 7.3872913167456185)
(0, 1, 0, 940, 9.8148177792231)
(0, 1, 0, 113, 27.472610350657618)
(0, 1, 0, 612, 9.391744964381497)
(0, 1, 0, 37, 21.035790381162894)
(0, 1, 0, 894, 15.731012248908955)
(0, 1, 0, 895, 17.439056994797014)
(0, 1, 0, 992, 9.210929062973907)
(0, 1, 0, 158, 24.085806292319273)
(0, 1, 0, 154, 22.659963549378435)
(0, 1, 0, 40, 12.810644630021235)
(0, 1, 0, 585, 18.798850912663106)
(0, 1, 0, 805, 6.7164000993494835)
(0, 1, 0, 592, 7.776724602531887)
(0, 1, 0, 964, 8.03335723595378)
(0, 1, 0, 266, 6.346699678171969)
(0, 1, 0, 406, 11.940457839989831)
(0, 1, 0, 294, 9.912990709419448)
(0, 1, 0, 604, 10.347558392959431)
(0, 1, 0, 522, 7.408399823172744)
(0, 1, 0, 18, 12.41532939472238)
(0, 1, 0, 425, 12.028973508250113)
(0, 1, 0, 527, 11.521049718469763)
(0, 1, 0, 308, 20.891238515977044)
(0, 1, 0, 622, 13.085067439610317)
(0, 1, 0, 794, 10.707220919234464)
(0, 1, 0, 62, 13.166404458444582)
(0, 1, 0, 79, 10.615614225765075)
(0, 1, 0, 680, 24.382793931716687)
(0, 1, 0, 193, 24.537621248210197)
(0, 1, 0, 750, 8.047946669477588)
(0, 1, 0, 181, 35.044225107821454)
(0, 1, 0, 535, 12.318557078141552)
(0, 1, 0, 484, 7.965898462673015)
(0, 1, 0, 200, 12.404999704191217)
(0, 1, 0, 364, 33.52461567546418)
(0, 1, 0, 991, 12.332491332293511)
(0, 1, 0, 462, 10.981463381114178)
(0, 1, 0, 356, 6.4591372046568205)
(0, 1, 0, 2, 11.95247356015565)
(0, 1, 0, 478, 9.462734180312953)
(0, 1, 0, 695, 17.046846826882657)
(0, 1, 1, 0, 83.00953494620681)
(0, 1, 1, 1, 65.33555262441364)
(0, 1, 1, 2, 185.01827018476163)
(0, 1, 1, 3, 50.28317263447646)
(0, 1, 1, 4, 129.34550107851848)
(0, 1, 1, 5, 140.60041919015035)
(0, 1, 1, 6, 72.20189688432905)
(0, 1, 1, 7, 129.76354222446284)
(0, 1, 1, 8, 69.5766577932441)
(0, 1, 1, 9, 96.06843425408115)
(0, 1, 1, 10, 90.82804744664263)
(0, 1, 1, 11, 134.1298840730254)
(0, 1, 1, 12, 93.85250256261578)
(0, 1, 1, 13, 26.814445202507095)
(0, 1, 1, 14, 225.06238559671948)
(0, 1, 1, 15, 72.6065099944814)
(0, 1, 1, 16, 102.51427888459062)
(0, 1, 1, 17, 231.05588947540375)
(0, 1, 1, 18, 31.608127533151638)
(0, 1, 1, 19, 116.63292912501124)
(0, 1, 1, 20, 119.25265469303869)
(0, 1, 1, 21, 190.57791262703097)
(0, 1, 1, 22, 122.88482894432029)
(0, 1, 1, 23, 61.33708256048631)
(0, 1, 1, 24, 77.23492866985839)
(0, 1, 1, 25, 42.77486213055943)
(0, 1, 1, 26, 105.85041854550748)
(0, 1, 1, 27, 60.517478918452944)
(0, 1, 1, 28, 166.26562303762864)
(0, 1, 1, 29, 123.04355329359143)
(0, 1, 1, 30, 80.21208301924409)
(0, 1, 1, 31, 169.54189263066093)
(0, 1, 1, 32, 71.71061669498404)
(0, 1, 1, 33, 192.38393354380017)
(0, 1, 1, 34, 130.07751186079253)
(0, 1, 1, 35, 129.79819930489992)
(0, 1, 1, 36, 149.65731179170018)
(0, 1, 1, 37, 186.4354406605632)
(0, 1, 1, 38, 201.78442317053552)
(0, 1, 1, 39, 126.1144913454042)
(0, 1, 1, 40, 88.5794822471379)
(0, 1, 1, 41, 136.93222448801896)
(0, 1, 1, 42, 331.8924728135487)
(0, 1, 1, 43, 155.9367391916193)
(0, 1, 1, 44, 106.2004574455335)
(0, 1, 1, 45, 181.9714916979303)
(0, 1, 1, 46, 210.3098175011617)
(0, 1, 1, 47, 212.17233006720406)
(0, 1, 1, 48, 447.10034984474197)
(0, 1, 1, 49, 81.89712292078052)
(0, 1, 1, 50, 129.2421278065575)
(0, 1, 1, 51, 192.7589577386074)
(0, 1, 1, 52, 273.03728335383033)
(0, 1, 1, 53, 342.7831945843567)
(0, 1, 1, 54, 271.73983065336455)
(0, 1, 1, 55, 156.16371799937022)
(0, 1, 1, 56, 110.00024144128987)
(0, 1, 1, 57, 124.41764549315712)
(0, 1, 1, 58, 71.4559920422233)
(0, 1, 1, 59, 149.92157079521178)
(0, 1, 1, 60, 54.33597855186612)
(0, 1, 1, 61, 157.91912853019244)
(0, 1, 1, 62, 70.97706119730047)
(0, 1, 1, 63, 101.1609883407364)
(0, 1, 1, 64, 136.64249119097875)
(0, 1, 1, 65, 144.40548034566353)
(0, 1, 1, 66, 45.40644502607244)
(0, 1, 1, 67, 100.27005665835426)
(0, 1, 1, 68, 55.37726776158936)
(0, 1, 1, 69, 139.46437670293827)
(0, 1, 1, 70, 97.97541032089995)
(0, 1, 1, 71, 35.54545664459462)
(0, 1, 1, 72, 245.4559365422674)
(0, 1, 1, 73, 51.42505680699605)
(0, 1, 1, 74, 76.88904333296719)
(0, 1, 1, 75, 365.9565955111335)
(0, 1, 1, 76, 348.28239080308225)
(0, 1, 1, 77, 105.30587071086389)
(0, 1, 1, 78, 91.89671645334863)
(0, 1, 1, 79, 105.91458264421604)
(0, 1, 1, 80, 33.16245427986657)
(0, 1, 1, 81, 204.75871214954617)
(0, 1, 1, 82, 91.68747582821767)
(0, 1, 1, 83, 165.1111269278018)
(0, 1, 1, 84, 71.51650112843093)
(0, 1, 1, 85, 55.14367419236746)
(0, 1, 1, 86, 107.99920439494164)
(0, 1, 1, 87, 153.60589116879945)
(0, 1, 1, 88, 65.07006304451971)
(0, 1, 1, 89, 247.41168427114647)
(0, 1, 1, 90, 229.35430646678336)
(0, 1, 1, 91, 120.3873667808098)
(0, 1, 1, 92, 376.5295374344642)
(0, 1, 1, 93, 148.51883292290842)
(0, 1, 1, 94, 82.25219807410832)
(0, 1, 1, 95, 204.66516105297117)
(0, 1, 1, 96, 234.33346785638534)
(0, 1, 1, 97, 45.46294432101887)
(0, 1, 1, 98, 157.63702701686793)
(0, 1, 1, 99, 93.48009025756886)
(0, 1, 1, 100, 86.2134352421693)
(0, 1, 1, 101, 258.7543438442443)
(0, 1, 1, 102, 52.15992238594894)
(0, 1, 1, 103, 186.6216816259005)
(0, 1, 1, 104, 35.04976093980996)
(0, 1, 1, 105, 24.074441091894066)
(0, 1, 1, 106, 55.853804450323175)
(0, 1, 1, 107, 326.6069560186144)
(0, 1, 1, 108, 175.28088464228824)
(0, 1, 1, 109, 143.04090091730353)
(0, 1, 1, 110, 114.93881210031545)
(0, 1, 1, 111, 63.23111410929005)
(0, 1, 1, 112, 133.8657337873221)
(0, 1, 1, 113, 240.2903072970416)
(0, 1, 1, 114, 120.91601702351475)
(0, 1, 1, 115, 182.659536761686)
(0, 1, 1, 116, 126.393355036368)
(0, 1, 1, 117, 158.78396101650551)
(0, 1, 1, 118, 62.98774177311086)
(0, 1, 1, 119, 234.1882155217241)
(0, 1, 1, 120, 239.7992645423274)
(0, 1, 1, 121, 125.56749418814135)
(0, 1, 1, 122, 124.1663281885785)
(0, 1, 1, 123, 108.98070179985268)
(0, 1, 1, 124, 267.9584868430204)
(0, 1, 1, 125, 230.01530489088955)
(0, 1, 1, 126, 280.5959859756973)
(0, 1, 1, 127, 29.609598210150637)
(0, 1, 1, 128, 49.70365565650883)
(0, 1, 1, 129, 147.2727699508888)
(0, 1, 1, 130, 51.642800372132236)
(0, 1, 1, 131, 87.37599496266287)
(0, 1, 1, 132, 50.83537389444433)
(0, 1, 1, 133, 197.37019351860326)
(0, 1, 1, 134, 88.79677728652317)
(0, 1, 1, 135, 149.12574215960765)
(0, 1, 1, 136, 58.079517225950454)
(0, 1, 1, 137, 97.53502475265653)
(0, 1, 1, 138, 143.56949894791032)
(0, 1, 1, 139, 142.20640169589737)
(0, 1, 1, 140, 274.0865292657969)
(0, 1, 1, 141, 42.78849521319335)
(0, 1, 1, 142, 87.94316869539121)
(0, 1, 1, 143, 234.07471797258808)
(0, 1, 1, 144, 249.0432419678942)
(0, 1, 1, 145, 253.98101571888498)
(0, 1, 1, 146, 136.6163602706377)
(0, 1, 1, 147, 27.917140065490813)
(0, 1, 1, 148, 104.3611307009153)
(0, 1, 1, 149, 216.38926629683172)
(0, 1, 1, 150, 340.45749210326466)
(0, 1, 1, 151, 62.56720939869258)
(0, 1, 1, 152, 116.83619257875333)
(0, 1, 1, 153, 101.50361969519261)
(0, 1, 1, 154, 70.98347394995052)
(0, 1, 1, 155, 195.84478665191125)
(0, 1, 1, 156, 244.82425794527057)
(0, 1, 1, 157, 197.61857912090684)
(0, 1, 1, 158, 46.16170228084213)
(0, 1, 1, 159, 294.39959913814596)
(0, 1, 1, 160, 23.957528333164284)
(0, 1, 1, 161, 29.120134585792396)
(0, 1, 1, 162, 49.16418692153312)
(0, 1, 1, 163, 104.74472612327169)
(0, 1, 1, 164, 67.91103297889661)
(0, 1, 1, 165, 153.18175903515248)
(0, 1, 1, 166, 100.83126389299125)
(0, 1, 1, 167, 183.11116500581915)
(0, 1, 1, 168, 59.509178858478236)
(0, 1, 1, 169, 73.36182631984008)
(0, 1, 1, 170, 127.3208741497681)
(0, 1, 1, 171, 106.87038616417969)
(0, 1, 1, 172, 177.34527807615612)
(0, 1, 1, 173, 224.2426835537415)
(0, 1, 1, 174, 443.37354711247013)
(0, 1, 1, 175, 95.74498184542169)
(0, 1, 1, 176, 344.8278237639218)
(0, 1, 1, 177, 76.89042031367737)
(0, 1, 1, 178, 124.1445610151587)
(0, 1, 1, 179, 228.2462415390072)
(0, 1, 1, 180, 84.45476093793081)
(0, 1, 1, 181, 45.29088419338248)
(0, 1, 1, 182, 166.89675495475544)
(0, 1, 1, 183, 117.34079770739714)
(0, 1, 1, 184, 124.74005823893366)
(0, 1, 1, 185, 23.024214699367175)
(0, 1, 1, 186, 60.100390835665685)
(0, 1, 1, 187, 69.66559332680535)
(0, 1, 1, 188, 141.2258491771028)
(0, 1, 1, 189, 70.76351387377626)
(0, 1, 1, 190, 90.22843087775105)
(0, 1, 1, 191, 145.51990182941157)
(0, 1, 1, 192, 265.7478533718074)
(0, 1, 1, 193, 125.99183963606897)
(0, 1, 1, 194, 157.8063423214745)
(0, 1, 1, 195, 170.41620681990105)
(0, 1, 1, 196, 121.26902849624994)
(0, 1, 1, 197, 97.48996185870516)
(0, 1, 1, 198, 184.61059240381027)
(0, 1, 1, 199, 237.93545789191572)
(0, 1, 1, 200, 219.38670673075399)
(0, 1, 1, 201, 68.26923769447612)
(0, 1, 1, 202, 91.7396484096671)
(0, 1, 1, 203, 113.86958673326882)
(0, 1, 1, 204, 136.11866311923498)
(0, 1, 1, 205, 133.5222883049707)
(0, 1, 1, 206, 148.05982736461837)
(0, 1, 1, 207, 72.22399997134752)
(0, 1, 1, 208, 411.82120960521655)
(0, 1, 1, 209, 70.88158403490723)
(0, 1, 1, 210, 96.80189885444247)
(0, 1, 1, 211, 150.231103850518)
(0, 1, 1, 212, 172.3673578239322)
(0, 1, 1, 213, 196.77855884325703)
(0, 1, 1, 214, 249.27826656454482)
(0, 1, 1, 215, 35.68951848636875)
(0, 1, 1, 216, 239.90442554845896)
(0, 1, 1, 217, 138.4966043682273)
(0, 1, 1, 218, 247.13037665468528)
(0, 1, 1, 219, 45.21838437160529)
(0, 1, 1, 220, 108.4819146098491)
(0, 1, 1, 221, 212.58527249041256)
(0, 1, 1, 222, 287.9468300760525)
(0, 1, 1, 223, 51.76179414345521)
(0, 1, 1, 224, 88.82181601262846)
(0, 1, 1, 225, 121.00292169827001)
(0, 1, 1, 226, 145.90565585735857)
(0, 1, 1, 227, 259.09588050058)
(0, 1, 1, 228, 71.44178230425497)
(0, 1, 1, 229, 357.7441281909473)
(0, 1, 1, 230, 93.60547492338759)
(0, 1, 1, 231, 100.98702016721147)
(0, 1, 1, 232, 30.787834250440174)
(0, 1, 1, 233, 129.1997281541473)
(0, 1, 1, 234, 89.49273713281815)
(0, 1, 1, 235, 39.7459758309322)
(0, 1, 1, 236, 73.28960032323974)
(0, 1, 1, 237, 79.85743271809586)
(0, 1, 1, 238, 42.981973037474496)
(0, 1, 1, 239, 142.13337821553785)
(0, 1, 1, 240, 68.32108898259939)
(0, 1, 1, 241, 133.8509188589404)
(0, 1, 1, 242, 167.00160319275068)
(0, 1, 1, 243, 75.632694879895)
(0, 1, 1, 244, 169.30841569971804)
(0, 1, 1, 245, 235.25895818928484)
(0, 1, 1, 246, 175.7482081469194)
(0, 1, 1, 247, 29.58795998651846)
(0, 1, 1, 248, 88.123470706176)
(0, 1, 1, 249, 139.3402369727744)
(0, 2, 0, 993, 14.933208324524726)
(0, 2, 0, 859, 18.238307845627272)
(0, 2, 0, 298, 51.40276930953237)
(0, 2, 0, 553, 15.687362963611001)
(0, 2, 0, 672, 65.49946379440986)
(0, 2, 0, 971, 32.9543129887413)
(0, 2, 0, 27, 27.272512933983084)
(0, 2, 0, 231, 30.809104171284872)
(0, 2, 0, 306, 16.721649616977796)
(0, 2, 0, 706, 31.053446902550768)
(0, 2, 0, 496, 14.983710159175205)
(0, 2, 0, 558, 60.978533248847235)
(0, 2, 0, 784, 38.16290542072682)
(0, 2, 0, 239, 29.63327393842506)
(0, 2, 0, 578, 21.91677874629581)
(0, 2, 0, 55, 26.870503460697094)
(0, 2, 0, 906, 45.85076344658387)
(0, 2, 0, 175, 28.034997898691575)
(0, 2, 0, 14, 54.224414024070796)
(0, 2, 0, 77, 19.99023656741703)
(0, 2, 0, 31, 19.87089174900466)
(0, 2, 0, 481, 17.076993674085628)
(0, 2, 0, 310, 27.377546115117703)
(0, 2, 0, 311, 11.57360329503003)
(0, 2, 0, 883, 20.088885386998)
(0, 2, 0, 788, 27.66972608131914)
(0, 2, 0, 45, 16.30059554441942)
(0, 2, 0, 103, 59.25360600123684)
(0, 2, 0, 760, 115.86602561169816)
(0, 2, 0, 1, 68.88138619697871)
(0, 2, 0, 823, 23.31407159192262)
(0, 2, 0, 710, 47.250957096023534)
(0, 2, 0, 614, 17.207118280319374)
(0, 2, 0, 790, 156.69619033936556)
(0, 2, 0, 408, 38.95315683481641)
(0, 2, 0, 736, 15.808929690636642)
(0, 2, 0, 957, 24.34526935001427)
(0, 2, 0, 366, 16.819519472213333)
(0, 2, 0, 918, 34.28952522080891)
(0, 2, 0, 267, 38.404030783271544)
(0, 2, 0, 230, 28.109836401519537)
(0, 2, 0, 996, 30.091910742235417)
(0, 2, 0, 635, 19.59003013942759)
(0, 2, 0, 698, 61.34422877667434)
(0, 2, 0, 251, 42.784451828810504)
(0, 2, 0, 783, 52.82758539209716)
(0, 2, 0, 819, 17.20078149900731)
(0, 2, 0, 141, 23.26875602529863)
(0, 2, 0, 316, 55.948182300973166)
(0, 2, 0, 587, 42.34286519743088)
(0, 2, 0, 331, 20.04780446542907)
(0, 2, 0, 295, 25.925403003976353)
(0, 2, 0, 262, 36.67275316452943)
(0, 2, 0, 432, 12.49451872337816)
(0, 2, 0, 862, 44.6229440211472)
(0, 2, 0, 582, 19.955482824304728)
(0, 2, 0, 272, 89.83579195019338)
(0, 2, 0, 270, 14.762741114371279)
(0, 2, 0, 987, 39.24035932916692)
(0, 2, 0, 319, 23.06262504153451)
(0, 2, 0, 569, 27.934447319225374)
(0, 2, 0, 643, 18.833646406316547)
(0, 2, 0, 142, 86.6669833701471)
(0, 2, 0, 202, 33.39161426397391)
(0, 2, 0, 413, 29.199661525858268)
(0, 2, 0, 196, 24.678729648739353)
(0, 2, 0, 264, 20.050103730522824)
(0, 2, 0, 531, 25.040596268621655)
(0, 2, 0, 252, 14.371355995391824)
(0, 2, 0, 576, 30.664308552736895)
(0, 2, 0, 738, 29.987621540355985)
(0, 2, 0, 299, 25.169777197860316)
(0, 2, 0, 740, 38.97096583411058)
(0, 2, 0, 247, 21.81349940435749)
(0, 2, 0, 926, 34.96002032562706)
(0, 2, 0, 412, 28.482060717387153)
(0, 2, 0, 389, 27.106335852569384)
(0, 2, 0, 796, 31.97242960894734)
(0, 2, 0, 601, 24.87380612498406)
(0, 2, 0, 654, 41.53694451889974)
(0, 2, 0, 261, 16.3855170759714)
(0, 2, 0, 456, 14.195955809572498)
(0, 2, 0, 386, 19.25923880672459)
(0, 2, 0, 982, 14.390692018759513)
(0, 2, 0, 909, 16.71759058020251)
(0, 2, 0, 693, 26.51422824334834)
(0, 2, 0, 236, 25.683350715601808)
(0, 2, 0, 501, 24.76018152568492)
(0, 2, 0, 497, 49.659833767835146)
(0, 2, 0, 874, 17.34831254251601)
(0, 2, 0, 452, 22.30224951484287)
(0, 2, 0, 494, 147.2603239374786)
(0, 2, 0, 923, 19.388059455408015)
(0, 2, 0, 279, 52.04862856718306)
(0, 2, 0, 638, 37.051998822609505)
(0, 2, 0, 485, 20.67537177836224)
(0, 2, 0, 568, 16.337272838924626)
(0, 2, 0, 108, 26.279137482185014)
(0, 2, 0, 367, 55.91768086149361)
(0, 2, 0, 644, 26.082754416713197)
(0, 2, 0, 785, 58.84749424371904)
(0, 2, 0, 873, 83.21175663426622)
(0, 2, 0, 65, 21.00670943703186)
(0, 2, 0, 902, 32.85568066647114)
(0, 2, 0, 317, 39.51174290344437)
(0, 2, 0, 636, 22.490526004402035)
(0, 2, 0, 666, 17.575640198983994)
(0, 2, 0, 789, 29.10808136840175)
(0, 2, 0, 958, 27.57212849429514)
(0, 2, 0, 214, 50.810840083508246)
(0, 2, 0, 97, 27.80761613462627)
(0, 2, 0, 583, 20.46516461121013)
(0, 2, 0, 466, 33.846423352661674)
(0, 2, 0, 523, 23.28150797141354)
(0, 2, 0, 255, 50.23497967869861)
(0, 2, 0, 385, 24.91409454535558)
(0, 2, 0, 545, 61.01658840587382)
(0, 2, 0, 382, 33.60911294336611)
(0, 2, 0, 489, 51.83078946068304)
(0, 2, 0, 513, 32.39532269276756)
(0, 2, 0, 780, 33.17183294517038)
(0, 2, 0, 904, 21.81744403203661)
(0, 2, 0, 122, 29.862267743307147)
(0, 2, 0, 946, 24.58051875033699)
(0, 2, 0, 60, 20.314684753453523)
(0, 2, 0, 844, 24.11588451819056)
(0, 2, 0, 372, 39.43260389465139)
(0, 2, 0, 283, 20.274952450979644)
(0, 2, 0, 939, 23.731512910771748)
(0, 2, 0, 608, 12.912162391438757)
(0, 2, 0, 495, 33.10024999836859)
(0, 2, 0, 630, 22.538353227175257)
(0, 2, 0, 596, 14.395418142857771)
(0, 2, 0, 713, 20.59350077232809)
(0, 2, 0, 753, 39.495335239498495)
(0, 2, 0, 624, 44.371544230940415)
(0, 2, 0, 312, 37.828523197056775)
(0, 2, 0, 8, 30.272237772976)
(0, 2, 0, 529, 36.96992611316749)
(0, 2, 0, 876, 28.018820417756565)
(0, 2, 0, 101, 19.749020955575332)
(0, 2, 0, 615, 62.3707520379137)
(0, 2, 0, 520, 26.200458570636474)
(0, 2, 0, 249, 44.88842999581042)
(0, 2, 0, 278, 33.38735982724432)
(0, 2, 0, 424, 26.609748632883857)
(0, 2, 0, 384, 23.488220556835245)
(0, 2, 0, 395, 20.411387893048104)
(0, 2, 0, 54, 17.357317901258927)
(0, 2, 0, 34, 34.0069752321459)
(0, 2, 0, 271, 29.57432403910363)
(0, 2, 0, 30, 20.473525389302328)
(0, 2, 0, 403, 38.76807551377978)
(0, 2, 0, 757, 42.23277667426587)
(0, 2, 0, 975, 15.945389201155411)
(0, 2, 0, 990, 23.659222827954164)
(0, 2, 0, 457, 38.29355307468929)
(0, 2, 0, 362, 24.864459163407282)
(0, 2, 0, 860, 12.93967620748865)
(0, 2, 0, 483, 15.542236878137238)
(0, 2, 0, 580, 40.97111351233903)
(0, 2, 0, 986, 29.5652867141106)
(0, 2, 0, 688, 20.93935733188987)
(0, 2, 0, 864, 38.47146326316269)
(0, 2, 0, 927, 21.481711474559887)
(0, 2, 0, 378, 53.9521650745492)
(0, 2, 0, 320, 33.07291635926406)
(0, 2, 0, 942, 12.350613512246866)
(0, 2, 0, 351, 99.491091012967)
(0, 2, 0, 418, 130.36011068049626)
(0, 2, 0, 945, 17.39144071068962)
(0, 2, 0, 795, 43.34229372153552)
(0, 2, 0, 145, 19.192506885237297)
(0, 2, 0, 826, 75.63786694493359)
(0, 2, 0, 492, 33.28686822640688)
(0, 2, 0, 751, 105.56742858092319)
(0, 2, 0, 240, 21.0617424050331)
(0, 2, 0, 648, 22.597059187475033)
(0, 2, 0, 886, 19.563020277813514)
(0, 2, 0, 144, 28.34337613870309)
(0, 2, 0, 767, 30.47403767561744)
(0, 2, 0, 999, 66.44305103162309)
(0, 2, 0, 467, 17.13354239361895)
(0, 2, 0, 315, 45.38035099064177)
(0, 2, 0, 989, 16.939130990980885)
(0, 2, 0, 922, 38.04866001161206)
(0, 2, 0, 717, 57.778702312799105)
(0, 2, 0, 458, 20.613756711455327)
(0, 2, 0, 773, 27.589463139220033)
(0, 2, 0, 204, 11.753239325061049)
(0, 2, 0, 834, 21.27268382551074)
(0, 2, 0, 832, 19.329063945784466)
(0, 2, 0, 435, 19.135752636095436)
(0, 2, 0, 5, 18.42957535219552)
(0, 2, 0, 769, 31.384633365668414)
(0, 2, 0, 679, 33.853282007557915)
(0, 2, 0, 722, 32.00381020097248)
(0, 2, 0, 215, 20.454060200224834)
(0, 2, 0, 653, 28.3982470821361)
(0, 2, 0, 150, 29.63676999403206)
(0, 2, 0, 687, 28.163244494932158)
(0, 2, 0, 500, 11.70976187813539)
(0, 2, 0, 332, 10.945131473906521)
(0, 2, 0, 979, 22.66222070157678)
(0, 2, 0, 817, 12.539710497563947)
(0, 2, 0, 620, 28.44835760660989)
(0, 2, 0, 814, 39.84708343041388)
(0, 2, 0, 516, 23.238841452750517)
(0, 2, 0, 518, 11.794446477995217)
(0, 2, 0, 940, 45.995818389673644)
(0, 2, 0, 113, 123.76049901649465)
(0, 2, 0, 612, 25.319372585282217)
(0, 2, 0, 37, 38.57674637980276)
(0, 2, 0, 894, 64.11993508274443)
(0, 2, 0, 895, 53.00929449017382)
(0, 2, 0, 992, 14.69139568024289)
(0, 2, 0, 158, 43.052052666344245)
(0, 2, 0, 154, 51.2033845145364)
(0, 2, 0, 40, 31.58005979016827)
(0, 2, 0, 585, 31.167125295929416)
(0, 2, 0, 805, 32.43542104805083)
(0, 2, 0, 592, 14.186354364792109)
(0, 2, 0, 964, 20.34703090145989)
(0, 2, 0, 266, 12.1842512174684)
(0, 2, 0, 406, 18.99524177637847)
(0, 2, 0, 294, 23.514312222178607)
(0, 2, 0, 604, 29.765608006389346)
(0, 2, 0, 522, 15.879526892422291)
(0, 2, 0, 18, 36.42324646761807)
(0, 2, 0, 425, 28.303346352923253)
(0, 2, 0, 527, 23.539761686759192)
(0, 2, 0, 308, 34.679282100905745)
(0, 2, 0, 622, 15.688500031455401)
(0, 2, 0, 794, 17.90209449908842)
(0, 2, 0, 62, 37.58196774293613)
(0, 2, 0, 79, 30.518516464510427)
(0, 2, 0, 680, 35.08138099263297)
(0, 2, 0, 193, 35.57313462540376)
(0, 2, 0, 750, 19.455401516634975)
(0, 2, 0, 181, 68.7844461126967)
(0, 2, 0, 535, 46.931875338455605)
(0, 2, 0, 484, 33.16452151306743)
(0, 2, 0, 200, 18.41433262689191)
(0, 2, 0, 364, 79.97178544164309)
(0, 2, 0, 991, 26.379430559716848)
(0, 2, 0, 462, 35.15147226044851)
(0, 2, 0, 356, 20.4659465531344)
(0, 2, 0, 2, 36.96575108426939)
(0, 2, 0, 478, 11.620691526082283)
(0, 2, 0, 695, 21.337035832829546)
(0, 2, 1, 0, 126.28321929440905)
(0, 2, 1, 1, 106.02290130163254)
(0, 2, 1, 2, 235.52539281015095)
(0, 2, 1, 3, 93.98120570617573)
(0, 2, 1, 4, 212.69505145081112)
(0, 2, 1, 5, 162.18702929058762)
(0, 2, 1, 6, 110.86937738387735)
(0, 2, 1, 7, 155.71779722296674)
(0, 2, 1, 8, 114.05676813329745)
(0, 2, 1, 9, 144.93386889128018)
(0, 2, 1, 10, 143.43206358056534)
(0, 2, 1, 11, 180.14487358380674)
(0, 2, 1, 12, 141.0772893143859)
(0, 2, 1, 13, 48.23112709100885)
(0, 2, 1, 14, 232.53701076229257)
(0, 2, 1, 15, 110.3912243010283)
(0, 2, 1, 16, 140.88122073771376)
(0, 2, 1, 17, 306.1540360831943)
(0, 2, 1, 18, 57.918319782703136)
(0, 2, 1, 19, 145.294166473096)
(0, 2, 1, 20, 142.3251813126425)
(0, 2, 1, 21, 259.47756463525604)
(0, 2, 1, 22, 157.80657259742145)
(0, 2, 1, 23, 104.00514124624911)
(0, 2, 1, 24, 115.96509619228387)
(0, 2, 1, 25, 78.45681308486209)
(0, 2, 1, 26, 165.35189442216364)
(0, 2, 1, 27, 98.01279570535024)
(0, 2, 1, 28, 180.51360115429858)
(0, 2, 1, 29, 156.00013859607068)
(0, 2, 1, 30, 112.85874335768226)
(0, 2, 1, 31, 235.7851944652119)
(0, 2, 1, 32, 98.79718654428495)
(0, 2, 1, 33, 241.99572412476365)
(0, 2, 1, 34, 182.7345342871612)
(0, 2, 1, 35, 162.53964178976682)
(0, 2, 1, 36, 196.75733557880903)
(0, 2, 1, 37, 246.45504238396992)
(0, 2, 1, 38, 268.724358551177)
(0, 2, 1, 39, 166.0359988752524)
(0, 2, 1, 40, 122.42632983768692)
(0, 2, 1, 41, 182.60020350328787)
(0, 2, 1, 42, 365.13972081946093)
(0, 2, 1, 43, 188.1255484443874)
(0, 2, 1, 44, 147.458835751108)
(0, 2, 1, 45, 196.2628099293178)
(0, 2, 1, 46, 236.66088087426746)
(0, 2, 1, 47, 226.78363289255597)
(0, 2, 1, 48, 450.53108038122474)
(0, 2, 1, 49, 168.21978911702195)
(0, 2, 1, 50, 162.4082185925923)
(0, 2, 1, 51, 216.00923408828967)
(0, 2, 1, 52, 304.97346738229965)
(0, 2, 1, 53, 383.60011832968553)
(0, 2, 1, 54, 356.90494523128234)
(0, 2, 1, 55, 200.21608190359618)
(0, 2, 1, 56, 159.92123081335947)
(0, 2, 1, 57, 154.62892093779598)
(0, 2, 1, 58, 119.78851187524693)
(0, 2, 1, 59, 181.54075157231674)
(0, 2, 1, 60, 92.89483371136119)
(0, 2, 1, 61, 213.44098523950967)
(0, 2, 1, 62, 110.73346705948818)
(0, 2, 1, 63, 127.18821242317259)
(0, 2, 1, 64, 184.11728545686964)
(0, 2, 1, 65, 157.99851810406702)
(0, 2, 1, 66, 77.034352257036)
(0, 2, 1, 67, 171.88957112674544)
(0, 2, 1, 68, 92.65466450381511)
(0, 2, 1, 69, 198.0930401969094)
(0, 2, 1, 70, 148.5589576648793)
(0, 2, 1, 71, 69.6654322651149)
(0, 2, 1, 72, 280.6139375198833)
(0, 2, 1, 73, 78.16802240368519)
(0, 2, 1, 74, 114.14442444351401)
(0, 2, 1, 75, 405.18183291082096)
(0, 2, 1, 76, 458.2512158219768)
(0, 2, 1, 77, 154.08380515462176)
(0, 2, 1, 78, 140.6620344727081)
(0, 2, 1, 79, 142.5572119448782)
(0, 2, 1, 80, 55.91969941036461)
(0, 2, 1, 81, 227.73885420742764)
(0, 2, 1, 82, 128.93166128161022)
(0, 2, 1, 83, 214.85754163019956)
(0, 2, 1, 84, 124.80887038783088)
(0, 2, 1, 85, 95.88158339776206)
(0, 2, 1, 86, 151.7328356795507)
(0, 2, 1, 87, 188.24829748085475)
(0, 2, 1, 88, 141.10080088347868)
(0, 2, 1, 89, 250.02221959653573)
(0, 2, 1, 90, 302.41069724075896)
(0, 2, 1, 91, 177.96108630917854)
(0, 2, 1, 92, 397.9141960767983)
(0, 2, 1, 93, 204.79797518822514)
(0, 2, 1, 94, 131.82883259173715)
(0, 2, 1, 95, 277.52666669849134)
(0, 2, 1, 96, 267.66470259967844)
(0, 2, 1, 97, 74.385788451974)
(0, 2, 1, 98, 224.64469494003438)
(0, 2, 1, 99, 118.50242050536957)
(0, 2, 1, 100, 118.35362809802518)
(0, 2, 1, 101, 270.2484666237934)
(0, 2, 1, 102, 91.58160404008414)
(0, 2, 1, 103, 237.93650940223407)
(0, 2, 1, 104, 55.94941394466612)
(0, 2, 1, 105, 73.22211045152275)
(0, 2, 1, 106, 85.58188798925053)
(0, 2, 1, 107, 342.3355377367469)
(0, 2, 1, 108, 190.87336853300698)
(0, 2, 1, 109, 193.02208329170793)
(0, 2, 1, 110, 149.64988574938474)
(0, 2, 1, 111, 98.92248435707059)
(0, 2, 1, 112, 182.36904953306686)
(0, 2, 1, 113, 275.39434231260094)
(0, 2, 1, 114, 149.27920217117156)
(0, 2, 1, 115, 232.4570361525304)
(0, 2, 1, 116, 182.9789164207927)
(0, 2, 1, 117, 221.15888442124603)
(0, 2, 1, 118, 118.21038633801663)
(0, 2, 1, 119, 290.03906074881974)
(0, 2, 1, 120, 289.1058269501864)
(0, 2, 1, 121, 172.9296483091564)
(0, 2, 1, 122, 159.2212068280067)
(0, 2, 1, 123, 163.44959445663267)
(0, 2, 1, 124, 303.2612079815211)
(0, 2, 1, 125, 287.72638013696366)
(0, 2, 1, 126, 300.29993863159706)
(0, 2, 1, 127, 46.605721688979486)
(0, 2, 1, 128, 68.91002039667603)
(0, 2, 1, 129, 192.89201779958944)
(0, 2, 1, 130, 109.60417962002636)
(0, 2, 1, 131, 117.67701345444111)
(0, 2, 1, 132, 75.97610473823252)
(0, 2, 1, 133, 253.11997080451656)
(0, 2, 1, 134, 126.45557305962973)
(0, 2, 1, 135, 178.20304782489643)
(0, 2, 1, 136, 87.09174171200324)
(0, 2, 1, 137, 117.07109026147755)
(0, 2, 1, 138, 168.07100965927137)
(0, 2, 1, 139, 190.69403349365157)
(0, 2, 1, 140, 279.2984844583202)
(0, 2, 1, 141, 74.83401657653701)
(0, 2, 1, 142, 124.28840462523705)
(0, 2, 1, 143, 260.2169547939608)
(0, 2, 1, 144, 282.5568903274099)
(0, 2, 1, 145, 299.9894196885849)
(0, 2, 1, 146, 205.30341798189045)
(0, 2, 1, 147, 80.37672989630573)
(0, 2, 1, 148, 145.87980879761264)
(0, 2, 1, 149, 229.979915816054)
(0, 2, 1, 150, 406.75093938008865)
(0, 2, 1, 151, 134.51181503068068)
(0, 2, 1, 152, 176.1646611920275)
(0, 2, 1, 153, 148.5342297049117)
(0, 2, 1, 154, 102.80896141042294)
(0, 2, 1, 155, 234.894068218933)
(0, 2, 1, 156, 311.9399946845106)
(0, 2, 1, 157, 214.35661326673085)
(0, 2, 1, 158, 71.30959812026765)
(0, 2, 1, 159, 304.35829836495725)
(0, 2, 1, 160, 52.491160875920656)
(0, 2, 1, 161, 55.35736372549834)
(0, 2, 1, 162, 92.86682589013337)
(0, 2, 1, 163, 209.21149904305597)
(0, 2, 1, 164, 93.91368084596344)
(0, 2, 1, 165, 184.52124455706104)
(0, 2, 1, 166, 122.547285221302)
(0, 2, 1, 167, 260.34363329630685)
(0, 2, 1, 168, 90.16008893006706)
(0, 2, 1, 169, 126.98125100223929)
(0, 2, 1, 170, 151.59523056224333)
(0, 2, 1, 171, 148.75830752109624)
(0, 2, 1, 172, 238.5858509354321)
(0, 2, 1, 173, 235.8058647680494)
(0, 2, 1, 174, 427.72524680508513)
(0, 2, 1, 175, 120.61803109718065)
(0, 2, 1, 176, 354.34782233883493)
(0, 2, 1, 177, 113.51068730600575)
(0, 2, 1, 178, 155.81464847489784)
(0, 2, 1, 179, 282.4739108069439)
(0, 2, 1, 180, 156.0518971443819)
(0, 2, 1, 181, 69.83120071433116)
(0, 2, 1, 182, 194.3679932088957)
(0, 2, 1, 183, 151.3983923677153)
(0, 2, 1, 184, 168.81760962576766)
(0, 2, 1, 185, 36.28394952830926)
(0, 2, 1, 186, 91.72220175549872)
(0, 2, 1, 187, 94.71414055176545)
(0, 2, 1, 188, 199.2642167727111)
(0, 2, 1, 189, 111.68630204138233)
(0, 2, 1, 190, 129.20280924558526)
(0, 2, 1, 191, 172.33706138978255)
(0, 2, 1, 192, 282.8678820407338)
(0, 2, 1, 193, 171.60847712187592)
(0, 2, 1, 194, 183.03371584833647)
(0, 2, 1, 195, 233.78941496217092)
(0, 2, 1, 196, 183.64662460540217)
(0, 2, 1, 197, 145.910775513666)
(0, 2, 1, 198, 245.6611280386682)
(0, 2, 1, 199, 257.7369233611647)
(0, 2, 1, 200, 264.3831431330246)
(0, 2, 1, 201, 94.79976057289882)
(0, 2, 1, 202, 136.0612652037806)
(0, 2, 1, 203, 138.2997606673775)
(0, 2, 1, 204, 188.75139523291082)
(0, 2, 1, 205, 197.46329300260734)
(0, 2, 1, 206, 202.19197324999809)
(0, 2, 1, 207, 106.85746139639414)
(0, 2, 1, 208, 419.9168621734036)
(0, 2, 1, 209, 104.99043556290026)
(0, 2, 1, 210, 140.0297912949372)
(0, 2, 1, 211, 215.14071403057383)
(0, 2, 1, 212, 219.4876734697089)
(0, 2, 1, 213, 268.0627012852368)
(0, 2, 1, 214, 306.23607101987204)
(0, 2, 1, 215, 72.82336474515915)
(0, 2, 1, 216, 317.8434866426335)
(0, 2, 1, 217, 200.03136255312947)
(0, 2, 1, 218, 255.2902713466028)
(0, 2, 1, 219, 86.1814066659506)
(0, 2, 1, 220, 142.82408964447362)
(0, 2, 1, 221, 259.8002695421172)
(0, 2, 1, 222, 293.21501608045367)
(0, 2, 1, 223, 84.43780996134522)
(0, 2, 1, 224, 133.5281731982393)
(0, 2, 1, 225, 173.54611580863767)
(0, 2, 1, 226, 164.16606556761104)
(0, 2, 1, 227, 257.9637743513871)
(0, 2, 1, 228, 106.23969538141908)
(0, 2, 1, 229, 397.0924597396356)
(0, 2, 1, 230, 139.72117659189385)
(0, 2, 1, 231, 137.36638577968725)
(0, 2, 1, 232, 58.402237418880304)
(0, 2, 1, 233, 180.9325731313057)
(0, 2, 1, 234, 129.41927665153372)
(0, 2, 1, 235, 60.45432669611153)
(0, 2, 1, 236, 117.28507540857973)
(0, 2, 1, 237, 120.01130882481203)
(0, 2, 1, 238, 68.35016328392136)
(0, 2, 1, 239, 187.83520667007636)
(0, 2, 1, 240, 104.3279849074499)
(0, 2, 1, 241, 176.23368988630594)
(0, 2, 1, 242, 184.91364974273426)
(0, 2, 1, 243, 112.83541351556046)
(0, 2, 1, 244, 221.69492996866202)
(0, 2, 1, 245, 264.76386113110556)
(0, 2, 1, 246, 201.154600025227)
(0, 2, 1, 247, 59.77798098529809)
(0, 2, 1, 248, 127.01728826887886)
(0, 2, 1, 249, 199.1555987636385)
(0, 3, 0, 993, 31.3868127881225)
(0, 3, 0, 859, 41.61051345105121)
(0, 3, 0, 298, 52.81797829053867)
(0, 3, 0, 553, 31.85062197511985)
(0, 3, 0, 672, 100.10329136376077)
(0, 3, 0, 971, 33.891925933471796)
(0, 3, 0, 27, 32.71653708191759)
(0, 3, 0, 231, 31.690575356728846)
(0, 3, 0, 306, 21.28966385208147)
(0, 3, 0, 706, 33.76164481169641)
(0, 3, 0, 496, 10.658438454748065)
(0, 3, 0, 558, 124.69776613332236)
(0, 3, 0, 784, 41.539752401257815)
(0, 3, 0, 239, 28.193527077010273)
(0, 3, 0, 578, 43.495652104025844)
(0, 3, 0, 55, 76.37432546320522)
(0, 3, 0, 906, 56.78226695028123)
(0, 3, 0, 175, 20.29201223022845)
(0, 3, 0, 14, 80.09433130777376)
(0, 3, 0, 77, 28.924668521164953)
(0, 3, 0, 31, 41.2099452401499)
(0, 3, 0, 481, 17.532568649812564)
(0, 3, 0, 310, 28.796615207514872)
(0, 3, 0, 311, 17.013224561368823)
(0, 3, 0, 883, 27.396254271289763)
(0, 3, 0, 788, 43.17216324753028)
(0, 3, 0, 45, 45.758346413665485)
(0, 3, 0, 103, 63.68333091702639)
(0, 3, 0, 760, 144.06545242272946)
(0, 3, 0, 1, 74.87602102866292)
(0, 3, 0, 823, 41.49145868254785)
(0, 3, 0, 710, 51.061269529288005)
(0, 3, 0, 614, 17.017314247605384)
(0, 3, 0, 790, 237.83417374100605)
(0, 3, 0, 408, 102.15950120209703)
(0, 3, 0, 736, 23.59342612914716)
(0, 3, 0, 957, 33.1780469640534)
(0, 3, 0, 366, 22.43464215016721)
(0, 3, 0, 918, 40.290638348131026)
(0, 3, 0, 267, 26.549232451706057)
(0, 3, 0, 230, 32.05891351635679)
(0, 3, 0, 996, 28.52554459355473)
(0, 3, 0, 635, 35.41350630311313)
(0, 3, 0, 698, 74.59624598705327)
(0, 3, 0, 251, 30.076973743546546)
(0, 3, 0, 783, 101.9630454623826)
(0, 3, 0, 819, 18.28221959117432)
(0, 3, 0, 141, 40.24748506148764)
(0, 3, 0, 316, 39.22721214278215)
(0, 3, 0, 587, 61.20478514052842)
(0, 3, 0, 331, 29.299340214799315)
(0, 3, 0, 295, 46.90402388917708)
(0, 3, 0, 262, 45.42847989547394)
(0, 3, 0, 432, 37.34756413138719)
(0, 3, 0, 862, 64.75130180896356)
(0, 3, 0, 582, 24.817427432711852)
(0, 3, 0, 272, 86.49523372390419)
(0, 3, 0, 270, 37.9935811346647)
(0, 3, 0, 987, 61.64125547062429)
(0, 3, 0, 319, 41.79052914552115)
(0, 3, 0, 569, 27.195963001871274)
(0, 3, 0, 643, 45.57349717900722)
(0, 3, 0, 142, 88.0496490899309)
(0, 3, 0, 202, 45.89736281644268)
(0, 3, 0, 413, 43.12711075821229)
(0, 3, 0, 196, 45.062449031521965)
(0, 3, 0, 264, 50.521767701444645)
(0, 3, 0, 531, 26.49074256598876)
(0, 3, 0, 252, 34.81199519662396)
(0, 3, 0, 576, 72.56636199584727)
(0, 3, 0, 738, 67.06781773749137)
(0, 3, 0, 299, 42.31805051346353)
(0, 3, 0, 740, 37.71346213089826)
(0, 3, 0, 247, 38.11470316908782)
(0, 3, 0, 926, 64.62011608089443)
(0, 3, 0, 412, 49.325522686831796)
(0, 3, 0, 389, 43.73705538849403)
(0, 3, 0, 796, 42.34170075130618)
(0, 3, 0, 601, 45.04251152747581)
(0, 3, 0, 654, 65.70980253959354)
(0, 3, 0, 261, 34.58012810799247)
(0, 3, 0, 456, 20.18439901074397)
(0, 3, 0, 386, 46.24971483143742)
(0, 3, 0, 982, 18.087934469549484)
(0, 3, 0, 909, 52.903647292820104)
(0, 3, 0, 693, 54.12554120134103)
(0, 3, 0, 236, 27.37984441091125)
(0, 3, 0, 501, 22.112830289551656)
(0, 3, 0, 497, 71.23599810337153)
(0, 3, 0, 874, 47.96602738183533)
(0, 3, 0, 452, 29.572315126493493)
(0, 3, 0, 494, 77.65068803351343)
(0, 3, 0, 923, 22.118923300724305)
(0, 3, 0, 279, 31.411646310843388)
(0, 3, 0, 638, 43.40032603048924)
(0, 3, 0, 485, 29.935780346419453)
(0, 3, 0, 568, 31.520628546050137)
(0, 3, 0, 108, 31.58695936216254)
(0, 3, 0, 367, 75.43920520137976)
(0, 3, 0, 644, 23.708873133769583)
(0, 3, 0, 785, 45.751955411840896)
(0, 3, 0, 873, 102.55858355826746)
(0, 3, 0, 65, 74.25645700117332)
(0, 3, 0, 902, 37.74342154455771)
(0, 3, 0, 317, 46.831867112377594)
(0, 3, 0, 636, 35.82333559572073)
(0, 3, 0, 666, 21.78743483166735)
(0, 3, 0, 789, 60.47861436339181)
(0, 3, 0, 958, 33.33401381431034)
(0, 3, 0, 214, 61.64352323190226)
(0, 3, 0, 97, 47.06530692173482)
(0, 3, 0, 583, 20.404169579796534)
(0, 3, 0, 466, 41.79096693665218)
(0, 3, 0, 523, 32.5654928512532)
(0, 3, 0, 255, 43.38990157579791)
(0, 3, 0, 385, 70.2457807262133)
(0, 3, 0, 545, 82.36429378900775)
(0, 3, 0, 382, 31.38487679372393)
(0, 3, 0, 489, 49.657839676557735)
(0, 3, 0, 513, 36.51501173979421)
(0, 3, 0, 780, 26.812856490128084)
(0, 3, 0, 904, 40.141252984051796)
(0, 3, 0, 122, 51.77947118323602)
(0, 3, 0, 946, 38.02200408396029)
(0, 3, 0, 60, 27.48768775936134)
(0, 3, 0, 844, 38.93193356503327)
(0, 3, 0, 372, 54.06192779965218)
(0, 3, 0, 283, 27.493858021095388)
(0, 3, 0, 939, 26.39533977042759)
(0, 3, 0, 608, 36.525962155923615)
(0, 3, 0, 495, 51.04406089023759)
(0, 3, 0, 630, 22.58433534350544)
(0, 3, 0, 596, 12.70920547948066)
(0, 3, 0, 713, 44.7975549804733)
(0, 3, 0, 753, 73.38381557655367)
(0, 3, 0, 624, 47.92216350400659)
(0, 3, 0, 312, 60.01948256509963)
(0, 3, 0, 8, 34.565485428687865)
(0, 3, 0, 529, 62.335297100430594)
(0, 3, 0, 876, 51.88973586110469)
(0, 3, 0, 101, 16.151660052404576)
(0, 3, 0, 615, 106.34298749207956)
(0, 3, 0, 520, 23.44407463524742)
(0, 3, 0, 249, 59.13288839780106)
(0, 3, 0, 278, 38.08872209951856)
(0, 3, 0, 424, 33.737775277826614)
(0, 3, 0, 384, 23.5196139862997)
(0, 3, 0, 395, 57.11291801178591)
(0, 3, 0, 54, 32.031915530806074)
(0, 3, 0, 34, 65.60035072616428)
(0, 3, 0, 271, 33.11759433991422)
(0, 3, 0, 30, 33.302162994868915)
(0, 3, 0, 403, 21.489619013481807)
(0, 3, 0, 757, 65.54044606596729)
(0, 3, 0, 975, 11.418364033664503)
(0, 3, 0, 990, 28.42389008974619)
(0, 3, 0, 457, 55.437475018632725)
(0, 3, 0, 362, 23.456236698027677)
(0, 3, 0, 860, 24.76444480929677)
(0, 3, 0, 483, 40.502125617163784)
(0, 3, 0, 580, 45.42530850154477)
(0, 3, 0, 986, 48.54702345153982)
(0, 3, 0, 688, 27.68523916600746)
(0, 3, 0, 864, 45.85562622941584)
(0, 3, 0, 927, 71.0665358520183)
(0, 3, 0, 378, 64.99601554093833)
(0, 3, 0, 320, 44.88334893605381)
(0, 3, 0, 942, 56.5826210789607)
(0, 3, 0, 351, 95.8326408685444)
(0, 3, 0, 418, 137.08159304735503)
(0, 3, 0, 945, 50.59245663365913)
(0, 3, 0, 795, 60.092486774267634)
(0, 3, 0, 145, 21.563794722722207)
(0, 3, 0, 826, 118.24264429662236)
(0, 3, 0, 492, 34.15423144939127)
(0, 3, 0, 751, 91.5828701992845)
(0, 3, 0, 240, 45.17031055549292)
(0, 3, 0, 648, 33.30902497626379)
(0, 3, 0, 886, 51.502949610832836)
(0, 3, 0, 144, 69.47743416753735)
(0, 3, 0, 767, 34.618912137317984)
(0, 3, 0, 999, 74.97036528904543)
(0, 3, 0, 467, 40.1226616470289)
(0, 3, 0, 315, 65.68900531062283)
(0, 3, 0, 989, 43.90004948751189)
(0, 3, 0, 922, 34.89917149144348)
(0, 3, 0, 717, 60.52733972034579)
(0, 3, 0, 458, 35.90186076075336)
(0, 3, 0, 773, 35.112460109526204)
(0, 3, 0, 204, 27.115511905909912)
(0, 3, 0, 834, 29.109688414055338)
(0, 3, 0, 832, 27.68788112319909)
(0, 3, 0, 435, 57.24232211681556)
(0, 3, 0, 5, 29.08338864505133)
(0, 3, 0, 769, 31.0803450363444)
(0, 3, 0, 679, 46.36369770532795)
(0, 3, 0, 722, 25.09315199595293)
(0, 3, 0, 215, 24.867510070902497)
(0, 3, 0, 653, 23.967999881370094)
(0, 3, 0, 150, 28.342733306775543)
(0, 3, 0, 687, 64.20455721743338)
(0, 3, 0, 500, 65.16227119887795)
(0, 3, 0, 332, 28.2345530379895)
(0, 3, 0, 979, 36.67100951616113)
(0, 3, 0, 817, 26.857978202413157)
(0, 3, 0, 620, 43.04775846034847)
(0, 3, 0, 814, 50.361558551560684)
(0, 3, 0, 516, 25.2398089223146)
(0, 3, 0, 518, 38.45995182133837)
(0, 3, 0, 940, 116.14499986729622)
(0, 3, 0, 113, 126.02926149722842)
(0, 3, 0, 612, 21.430329653288833)
(0, 3, 0, 37, 88.41659028746257)
(0, 3, 0, 894, 38.023097973786584)
(0, 3, 0, 895, 52.258941692117276)
(0, 3, 0, 992, 19.785442012269176)
(0, 3, 0, 158, 66.85956236314138)
(0, 3, 0, 154, 76.81148209392234)
(0, 3, 0, 40, 70.74126566080653)
(0, 3, 0, 585, 85.28362669333346)
(0, 3, 0, 805, 36.70406881274508)
(0, 3, 0, 592, 51.46393066422623)
(0, 3, 0, 964, 29.84634937779693)
(0, 3, 0, 266, 24.945373797124546)
(0, 3, 0, 406, 34.740942550945704)
(0, 3, 0, 294, 33.53614702809857)
(0, 3, 0, 604, 60.08031245909307)
(0, 3, 0, 522, 41.496917847982715)
(0, 3, 0, 18, 106.41643777179563)
(0, 3, 0, 425, 47.921515190142514)
(0, 3, 0, 527, 28.12123342576524)
(0, 3, 0, 308, 44.071404768862976)
(0, 3, 0, 622, 16.52570651837564)
(0, 3, 0, 794, 31.172432451408376)
(0, 3, 0, 62, 67.3768883206012)
(0, 3, 0, 79, 56.17915172881482)
(0, 3, 0, 680, 71.56475056475331)
(0, 3, 0, 193, 72.65479219437452)
(0, 3, 0, 750, 38.828468346840474)
(0, 3, 0, 181, 45.84319539158379)
(0, 3, 0, 535, 36.71249434524741)
(0, 3, 0, 484, 52.723500814947165)
(0, 3, 0, 200, 27.2858773383016)
(0, 3, 0, 364, 105.94308817137029)
(0, 3, 0, 991, 44.77579693165383)
(0, 3, 0, 462, 24.381104052498262)
(0, 3, 0, 356, 22.449807130086665)
(0, 3, 0, 2, 84.2527196008074)
(0, 3, 0, 478, 41.333911014572735)
(0, 3, 0, 695, 19.172496321567092)
(0, 3, 1, 0, 146.35630766837784)
(0, 3, 1, 1, 100.75578990504279)
(0, 3, 1, 2, 275.39209070737246)
(0, 3, 1, 3, 95.13139096086941)
(0, 3, 1, 4, 243.90153680282745)
(0, 3, 1, 5, 155.25920249265775)
(0, 3, 1, 6, 114.41927264758718)
(0, 3, 1, 7, 187.43365015084626)
(0, 3, 1, 8, 123.50970170240063)
(0, 3, 1, 9, 172.25071964074777)
(0, 3, 1, 10, 158.8150543847915)
(0, 3, 1, 11, 174.59533393817327)
(0, 3, 1, 12, 164.4920885070028)
(0, 3, 1, 13, 74.0067716995398)
(0, 3, 1, 14, 274.9617259908391)
(0, 3, 1, 15, 115.32368604008907)
(0, 3, 1, 16, 140.05423108602)
(0, 3, 1, 17, 280.59786510951835)
(0, 3, 1, 18, 57.318895725182884)
(0, 3, 1, 19, 163.03663175725237)
(0, 3, 1, 20, 133.00501876582467)
(0, 3, 1, 21, 292.32604157660404)
(0, 3, 1, 22, 188.15738588185374)
(0, 3, 1, 23, 97.45368815273312)
(0, 3, 1, 24, 136.43259307880334)
(0, 3, 1, 25, 89.96223788028635)
(0, 3, 1, 26, 178.98201254569526)
(0, 3, 1, 27, 85.42810114246743)
(0, 3, 1, 28, 216.00541800397332)
(0, 3, 1, 29, 141.52625422455392)
(0, 3, 1, 30, 110.81014541116892)
(0, 3, 1, 31, 223.41864089582666)
(0, 3, 1, 32, 129.0724517222052)
(0, 3, 1, 33, 238.04586560045746)
(0, 3, 1, 34, 187.899515092641)
(0, 3, 1, 35, 162.0936209727753)
(0, 3, 1, 36, 186.72763967326614)
(0, 3, 1, 37, 297.7977506564792)
(0, 3, 1, 38, 338.1332551227401)
(0, 3, 1, 39, 169.5608177220664)
(0, 3, 1, 40, 111.39251645631542)
(0, 3, 1, 41, 211.0850818782702)
(0, 3, 1, 42, 407.70007290032925)
(0, 3, 1, 43, 210.056611924205)
(0, 3, 1, 44, 164.66655503554446)
(0, 3, 1, 45, 217.2784315077907)
(0, 3, 1, 46, 219.727003106103)
(0, 3, 1, 47, 230.9648502991544)
(0, 3, 1, 48, 535.357006263991)
(0, 3, 1, 49, 181.08399695956342)
(0, 3, 1, 50, 187.08770615128677)
(0, 3, 1, 51, 264.362353162538)
(0, 3, 1, 52, 386.14747590000826)
(0, 3, 1, 53, 389.095431741986)
(0, 3, 1, 54, 432.1153767707357)
(0, 3, 1, 55, 205.38927827735705)
(0, 3, 1, 56, 175.19077613451833)
(0, 3, 1, 57, 142.20057989758448)
(0, 3, 1, 58, 133.70368605964723)
(0, 3, 1, 59, 171.71239475138)
(0, 3, 1, 60, 96.07140227979835)
(0, 3, 1, 61, 220.82652997002842)
(0, 3, 1, 62, 112.85438334228346)
(0, 3, 1, 63, 148.32129965099358)
(0, 3, 1, 64, 164.76084458577273)
(0, 3, 1, 65, 152.81114280680904)
(0, 3, 1, 66, 91.88309978113847)
(0, 3, 1, 67, 167.61129141852618)
(0, 3, 1, 68, 104.79588784381967)
(0, 3, 1, 69, 227.53020489205267)
(0, 3, 1, 70, 130.34169167572972)
(0, 3, 1, 71, 68.26584482461485)
(0, 3, 1, 72, 276.0435880249348)
(0, 3, 1, 73, 112.10711668965727)
(0, 3, 1, 74, 111.63736572725692)
(0, 3, 1, 75, 460.17104840016765)
(0, 3, 1, 76, 578.970733123425)
(0, 3, 1, 77, 136.43182710867234)
(0, 3, 1, 78, 150.77200803430856)
(0, 3, 1, 79, 163.5448555219233)
(0, 3, 1, 80, 68.57283246834221)
(0, 3, 1, 81, 229.4166074739283)
(0, 3, 1, 82, 117.06204549975784)
(0, 3, 1, 83, 275.3783431107654)
(0, 3, 1, 84, 144.72136921087196)
(0, 3, 1, 85, 103.4333206698323)
(0, 3, 1, 86, 148.72123656086669)
(0, 3, 1, 87, 170.5558035699305)
(0, 3, 1, 88, 157.52236548321588)
(0, 3, 1, 89, 303.64376684678297)
(0, 3, 1, 90, 315.99876451549056)
(0, 3, 1, 91, 227.1490265995899)
(0, 3, 1, 92, 518.558770834101)
(0, 3, 1, 93, 232.5264414847122)
(0, 3, 1, 94, 118.00117597847395)
(0, 3, 1, 95, 248.6451996104929)
(0, 3, 1, 96, 288.9763199993607)
(0, 3, 1, 97, 85.3657260069072)
(0, 3, 1, 98, 228.44315188906546)
(0, 3, 1, 99, 127.18566059652653)
(0, 3, 1, 100, 114.70188567679361)
(0, 3, 1, 101, 305.214508083872)
(0, 3, 1, 102, 89.17602994785916)
(0, 3, 1, 103, 291.55495120628103)
(0, 3, 1, 104, 88.02076935942208)
(0, 3, 1, 105, 79.58332750172507)
(0, 3, 1, 106, 103.21875876633023)
(0, 3, 1, 107, 374.09012346003146)
(0, 3, 1, 108, 184.0167975166324)
(0, 3, 1, 109, 179.37529714531817)
(0, 3, 1, 110, 141.62260158735285)
(0, 3, 1, 111, 101.14657892089676)
(0, 3, 1, 112, 168.82937301938264)
(0, 3, 1, 113, 352.1297453088045)
(0, 3, 1, 114, 175.80175260935314)
(0, 3, 1, 115, 231.36191040494023)
(0, 3, 1, 116, 166.89216649524715)
(0, 3, 1, 117, 232.26902897683058)
(0, 3, 1, 118, 119.91257389512361)
(0, 3, 1, 119, 351.02207437460476)
(0, 3, 1, 120, 358.72848152385296)
(0, 3, 1, 121, 174.11854287366066)
(0, 3, 1, 122, 198.80211920626107)
(0, 3, 1, 123, 172.26041034153624)
(0, 3, 1, 124, 317.4945091984774)
(0, 3, 1, 125, 300.22923268903753)
(0, 3, 1, 126, 315.71091695277676)
(0, 3, 1, 127, 71.64352938026596)
(0, 3, 1, 128, 107.12810914692652)
(0, 3, 1, 129, 189.7371293078026)
(0, 3, 1, 130, 108.8862182279664)
(0, 3, 1, 131, 138.20859689553922)
(0, 3, 1, 132, 105.73835270984408)
(0, 3, 1, 133, 304.631287588273)
(0, 3, 1, 134, 147.9908374350874)
(0, 3, 1, 135, 158.3235024097869)
(0, 3, 1, 136, 133.9607562005642)
(0, 3, 1, 137, 124.60311023706595)
(0, 3, 1, 138, 186.89362083906568)
(0, 3, 1, 139, 229.29362470506243)
(0, 3, 1, 140, 349.81537599759196)
(0, 3, 1, 141, 79.19947038041748)
(0, 3, 1, 142, 117.44851999242745)
(0, 3, 1, 143, 328.79193247122697)
(0, 3, 1, 144, 320.0422209243739)
(0, 3, 1, 145, 311.4994932431492)
(0, 3, 1, 146, 240.2983248460989)
(0, 3, 1, 147, 128.90919391846214)
(0, 3, 1, 148, 176.40743473997432)
(0, 3, 1, 149, 281.68025565339525)
(0, 3, 1, 150, 416.8227064638802)
(0, 3, 1, 151, 139.70165083370264)
(0, 3, 1, 152, 207.5428659039074)
(0, 3, 1, 153, 169.54329345924452)
(0, 3, 1, 154, 97.06320505909662)
(0, 3, 1, 155, 293.5801593316088)
(0, 3, 1, 156, 329.37620421111245)
(0, 3, 1, 157, 255.69241719540537)
(0, 3, 1, 158, 100.91248693207574)
(0, 3, 1, 159, 335.25203084312)
(0, 3, 1, 160, 69.47406114618975)
(0, 3, 1, 161, 70.87663474400736)
(0, 3, 1, 162, 94.80645059421735)
(0, 3, 1, 163, 223.67761619643417)
(0, 3, 1, 164, 99.21200252914333)
(0, 3, 1, 165, 227.34822279255113)
(0, 3, 1, 166, 118.37699914417887)
(0, 3, 1, 167, 310.7551437875264)
(0, 3, 1, 168, 94.90637715911177)
(0, 3, 1, 169, 137.80487589555688)
(0, 3, 1, 170, 169.21302369431405)
(0, 3, 1, 171, 141.75242450551863)
(0, 3, 1, 172, 232.38665077350032)
(0, 3, 1, 173, 287.05487976692615)
(0, 3, 1, 174, 524.9709105969906)
(0, 3, 1, 175, 113.61696867132626)
(0, 3, 1, 176, 422.2003164948519)
(0, 3, 1, 177, 116.22401096462411)
(0, 3, 1, 178, 188.2426713830564)
(0, 3, 1, 179, 300.7859984646418)
(0, 3, 1, 180, 162.18916028145517)
(0, 3, 1, 181, 68.13509914152358)
(0, 3, 1, 182, 187.51846722593473)
(0, 3, 1, 183, 175.9013383211797)
(0, 3, 1, 184, 151.57874956149823)
(0, 3, 1, 185, 66.72004070352436)
(0, 3, 1, 186, 95.21708937007497)
(0, 3, 1, 187, 101.95306466938165)
(0, 3, 1, 188, 237.1748087749266)
(0, 3, 1, 189, 96.22928267387732)
(0, 3, 1, 190, 118.33209971423203)
(0, 3, 1, 191, 218.0204698174841)
(0, 3, 1, 192, 286.16285222007383)
(0, 3, 1, 193, 173.39683394458186)
(0, 3, 1, 194, 208.7749851309424)
(0, 3, 1, 195, 220.31101347164815)
(0, 3, 1, 196, 196.89410708951456)
(0, 3, 1, 197, 165.52091603994094)
(0, 3, 1, 198, 284.1983041790395)
(0, 3, 1, 199, 289.28380978471466)
(0, 3, 1, 200, 326.2719027616722)
(0, 3, 1, 201, 134.73327350805906)
(0, 3, 1, 202, 132.9005807296074)
(0, 3, 1, 203, 203.7470591865539)
(0, 3, 1, 204, 218.93386791470502)
(0, 3, 1, 205, 207.56002254885334)
(0, 3, 1, 206, 184.60768096464653)
(0, 3, 1, 207, 94.17623180905919)
(0, 3, 1, 208, 456.2819319256913)
(0, 3, 1, 209, 115.50188537707756)
(0, 3, 1, 210, 136.89537393486006)
(0, 3, 1, 211, 207.68940156711233)
(0, 3, 1, 212, 204.230606580998)
(0, 3, 1, 213, 308.22368649251615)
(0, 3, 1, 214, 379.58282043606494)
(0, 3, 1, 215, 100.20585346097162)
(0, 3, 1, 216, 296.00317189547513)
(0, 3, 1, 217, 240.87647334097775)
(0, 3, 1, 218, 248.4448968009027)
(0, 3, 1, 219, 122.62305406522928)
(0, 3, 1, 220, 163.40631165044806)
(0, 3, 1, 221, 255.7040415923119)
(0, 3, 1, 222, 370.13184870316377)
(0, 3, 1, 223, 79.9804183812585)
(0, 3, 1, 224, 137.84868689215074)
(0, 3, 1, 225, 155.735353278296)
(0, 3, 1, 226, 157.2831434070696)
(0, 3, 1, 227, 316.7821291073253)
(0, 3, 1, 228, 118.18822501876528)
(0, 3, 1, 229, 460.7900792503222)
(0, 3, 1, 230, 152.543573063992)
(0, 3, 1, 231, 122.16005733285631)
(0, 3, 1, 232, 83.39068886971253)
(0, 3, 1, 233, 160.95722770271533)
(0, 3, 1, 234, 151.60062564352535)
(0, 3, 1, 235, 93.27511411955241)
(0, 3, 1, 236, 132.35689378987342)
(0, 3, 1, 237, 123.52077078976893)
(0, 3, 1, 238, 62.14012957205622)
(0, 3, 1, 239, 188.95411956214159)
(0, 3, 1, 240, 120.34057213331523)
(0, 3, 1, 241, 221.9791464253856)
(0, 3, 1, 242, 187.06998412744034)
(0, 3, 1, 243, 142.37831818288748)
(0, 3, 1, 244, 260.9682599951198)
(0, 3, 1, 245, 337.6327585224577)
(0, 3, 1, 246, 224.0157452015719)
(0, 3, 1, 247, 97.56741875680392)
(0, 3, 1, 248, 109.6689528880054)
(0, 3, 1, 249, 219.7836343587936)
(0, 4, 0, 993, 35.27907319540228)
(0, 4, 0, 859, 35.80241714155815)
(0, 4, 0, 298, 61.68598619500328)
(0, 4, 0, 553, 27.92205703811614)
(0, 4, 0, 672, 115.45884729700951)
(0, 4, 0, 971, 47.751375049710745)
(0, 4, 0, 27, 36.47122753763365)
(0, 4, 0, 231, 35.441200267087936)
(0, 4, 0, 306, 45.328542221996614)
(0, 4, 0, 706, 46.23340510445285)
(0, 4, 0, 496, 23.1887103078953)
(0, 4, 0, 558, 83.97697874872279)
(0, 4, 0, 784, 44.73459463677754)
(0, 4, 0, 239, 53.93819323651501)
(0, 4, 0, 578, 101.93474998166651)
(0, 4, 0, 55, 49.213076060186296)
(0, 4, 0, 906, 57.08994087696012)
(0, 4, 0, 175, 22.51209496671901)
(0, 4, 0, 14, 69.82809833189046)
(0, 4, 0, 77, 34.985343641231644)
(0, 4, 0, 31, 42.353482955035545)
(0, 4, 0, 481, 33.18313903786475)
(0, 4, 0, 310, 33.173592567434824)
(0, 4, 0, 311, 27.057258261121092)
(0, 4, 0, 883, 52.102707796263175)
(0, 4, 0, 788, 50.97872443373324)
(0, 4, 0, 45, 43.11430938924884)
(0, 4, 0, 103, 84.78001601950176)
(0, 4, 0, 760, 108.70565257162583)
(0, 4, 0, 1, 60.45333082397844)
(0, 4, 0, 823, 38.39455386362887)
(0, 4, 0, 710, 53.26797611506642)
(0, 4, 0, 614, 31.873020891317587)
(0, 4, 0, 790, 172.44408897358585)
(0, 4, 0, 408, 71.1958406239504)
(0, 4, 0, 736, 22.29363118437188)
(0, 4, 0, 957, 27.756539919721206)
(0, 4, 0, 366, 46.22528669125773)
(0, 4, 0, 918, 25.603840427338582)
(0, 4, 0, 267, 50.524750421234785)
(0, 4, 0, 230, 29.768915033437217)
(0, 4, 0, 996, 63.93082990717121)
(0, 4, 0, 635, 49.4850703362719)
(0, 4, 0, 698, 121.88587893689551)
(0, 4, 0, 251, 22.808642657578112)
(0, 4, 0, 783, 88.92173944448)
(0, 4, 0, 819, 35.6749399022275)
(0, 4, 0, 141, 32.54797261751195)
(0, 4, 0, 316, 50.16539294491417)
(0, 4, 0, 587, 32.70651793877132)
(0, 4, 0, 331, 30.979569515526492)
(0, 4, 0, 295, 46.47559725258391)
(0, 4, 0, 262, 63.024878182674634)
(0, 4, 0, 432, 62.48226070746723)
(0, 4, 0, 862, 82.01527863760123)
(0, 4, 0, 582, 56.95202231222536)
(0, 4, 0, 272, 101.88218083371376)
(0, 4, 0, 270, 29.77037113231551)
(0, 4, 0, 987, 54.06752047100873)
(0, 4, 0, 319, 45.67372312585583)
(0, 4, 0, 569, 20.039325066938613)
(0, 4, 0, 643, 48.63988053054406)
(0, 4, 0, 142, 116.56574003737886)
(0, 4, 0, 202, 50.16798472969722)
(0, 4, 0, 413, 48.06799527325618)
(0, 4, 0, 196, 29.651865914039487)
(0, 4, 0, 264, 72.69453430878949)
(0, 4, 0, 531, 60.01026837480662)
(0, 4, 0, 252, 42.99565805905183)
(0, 4, 0, 576, 42.58995734851765)
(0, 4, 0, 738, 59.68965269377679)
(0, 4, 0, 299, 36.62576574758531)
(0, 4, 0, 740, 80.59547153814412)
(0, 4, 0, 247, 68.89411490845333)
(0, 4, 0, 926, 51.641411040135004)
(0, 4, 0, 412, 33.992955323396394)
(0, 4, 0, 389, 35.65718356172646)
(0, 4, 0, 796, 47.59860337182386)
(0, 4, 0, 601, 49.47635505944791)
(0, 4, 0, 654, 84.66649192333732)
(0, 4, 0, 261, 32.657943197108594)
(0, 4, 0, 456, 47.12541622319899)
(0, 4, 0, 386, 20.506011746436958)
(0, 4, 0, 982, 48.31927154066784)
(0, 4, 0, 909, 117.85620343571296)
(0, 4, 0, 693, 62.85208543328869)
(0, 4, 0, 236, 43.43502691871951)
(0, 4, 0, 501, 33.069368199520795)
(0, 4, 0, 497, 81.76505070295131)
(0, 4, 0, 874, 54.034294373902185)
(0, 4, 0, 452, 38.109731160525904)
(0, 4, 0, 494, 170.0479083137856)
(0, 4, 0, 923, 36.15890147840564)
(0, 4, 0, 279, 51.70277970432287)
(0, 4, 0, 638, 62.64690686162651)
(0, 4, 0, 485, 23.669942379057957)
(0, 4, 0, 568, 42.16423163610747)
(0, 4, 0, 108, 58.41688707630943)
(0, 4, 0, 367, 75.00936603105959)
(0, 4, 0, 644, 37.80996658326727)
(0, 4, 0, 785, 108.49142418696792)
(0, 4, 0, 873, 122.22905750299346)
(0, 4, 0, 65, 39.33593097184793)
(0, 4, 0, 902, 40.047331405657026)
(0, 4, 0, 317, 48.68399757069043)
(0, 4, 0, 636, 31.327525985349965)
(0, 4, 0, 666, 47.67956340884569)
(0, 4, 0, 789, 65.86997288026605)
(0, 4, 0, 958, 31.950204734293656)
(0, 4, 0, 214, 83.46635208436759)
(0, 4, 0, 97, 80.15810912232647)
(0, 4, 0, 583, 36.57797440336421)
(0, 4, 0, 466, 57.47862056203368)
(0, 4, 0, 523, 29.634110203489023)
(0, 4, 0, 255, 48.43375297941407)
(0, 4, 0, 385, 43.42383757173145)
(0, 4, 0, 545, 63.42214362563119)
(0, 4, 0, 382, 36.17426960487143)
(0, 4, 0, 489, 62.41658540314762)
(0, 4, 0, 513, 25.270420876946424)
(0, 4, 0, 780, 30.733380641438405)
(0, 4, 0, 904, 48.95985531889034)
(0, 4, 0, 122, 38.638976196441305)
(0, 4, 0, 946, 116.95325382444105)
(0, 4, 0, 60, 33.24691089456855)
(0, 4, 0, 844, 42.6358376737881)
(0, 4, 0, 372, 50.27759000747191)
(0, 4, 0, 283, 20.247626757062196)
(0, 4, 0, 939, 33.5213529570111)
(0, 4, 0, 608, 48.87256371110908)
(0, 4, 0, 495, 73.33938234932121)
(0, 4, 0, 630, 27.133635056637072)
(0, 4, 0, 596, 15.824740237757693)
(0, 4, 0, 713, 42.70496893438636)
(0, 4, 0, 753, 114.40299131089363)
(0, 4, 0, 624, 44.97991188424323)
(0, 4, 0, 312, 51.5782349971126)
(0, 4, 0, 8, 44.51344003945075)
(0, 4, 0, 529, 92.85644398592314)
(0, 4, 0, 876, 55.92461812337492)
(0, 4, 0, 101, 39.62569892487433)
(0, 4, 0, 615, 121.18786777145787)
(0, 4, 0, 520, 45.089135422647885)
(0, 4, 0, 249, 56.898144649418235)
(0, 4, 0, 278, 38.90339103227305)
(0, 4, 0, 424, 23.107601251659066)
(0, 4, 0, 384, 38.607076771352915)
(0, 4, 0, 395, 39.7034764490692)
(0, 4, 0, 54, 38.557303602936265)
(0, 4, 0, 34, 73.68325672120956)
(0, 4, 0, 271, 25.16066494102984)
(0, 4, 0, 30, 60.466723830425494)
(0, 4, 0, 403, 53.26383660133293)
(0, 4, 0, 757, 51.570074790704865)
(0, 4, 0, 975, 18.555863463023027)
(0, 4, 0, 990, 26.83008549394581)
(0, 4, 0, 457, 84.23672274426758)
(0, 4, 0, 362, 32.2363994703237)
(0, 4, 0, 860, 28.707576593416015)
(0, 4, 0, 483, 33.648336015280435)
(0, 4, 0, 580, 44.685235266073754)
(0, 4, 0, 986, 30.716437106175988)
(0, 4, 0, 688, 27.264322358301104)
(0, 4, 0, 864, 45.97878842602178)
(0, 4, 0, 927, 76.40246933939837)
(0, 4, 0, 378, 90.80731837561343)
(0, 4, 0, 320, 57.15373968378306)
(0, 4, 0, 942, 57.56214669645067)
(0, 4, 0, 351, 125.31545558980889)
(0, 4, 0, 418, 123.84140240386381)
(0, 4, 0, 945, 42.73850283952761)
(0, 4, 0, 795, 69.93603377422095)
(0, 4, 0, 145, 26.252138165309237)
(0, 4, 0, 826, 110.23761302774612)
(0, 4, 0, 492, 49.69037927174381)
(0, 4, 0, 751, 159.6887745486356)
(0, 4, 0, 240, 23.65403354191169)
(0, 4, 0, 648, 69.82630154853138)
(0, 4, 0, 886, 44.810848993829886)
(0, 4, 0, 144, 57.01489729958026)
(0, 4, 0, 767, 43.667752987304034)
(0, 4, 0, 999, 117.47734087714142)
(0, 4, 0, 467, 43.82925900295074)
(0, 4, 0, 315, 153.48012139439132)
(0, 4, 0, 989, 53.15659473940018)
(0, 4, 0, 922, 79.1218689714296)
(0, 4, 0, 717, 46.28659632604929)
(0, 4, 0, 458, 24.1573030110957)
(0, 4, 0, 773, 38.961590323508474)
(0, 4, 0, 204, 40.618015462050124)
(0, 4, 0, 834, 45.60522751495205)
(0, 4, 0, 832, 31.534836558229525)
(0, 4, 0, 435, 29.65376376123534)
(0, 4, 0, 5, 17.56484378415805)
(0, 4, 0, 769, 35.86614834531806)
(0, 4, 0, 679, 71.0098803072572)
(0, 4, 0, 722, 29.928658887530727)
(0, 4, 0, 215, 26.662919977602808)
(0, 4, 0, 653, 57.39097821768438)
(0, 4, 0, 150, 45.33254993229621)
(0, 4, 0, 687, 51.33429084707339)
(0, 4, 0, 500, 24.2914266598769)
(0, 4, 0, 332, 48.314082360612915)
(0, 4, 0, 979, 33.356396723053)
(0, 4, 0, 817, 39.784975182213806)
(0, 4, 0, 620, 30.840084382397364)
(0, 4, 0, 814, 66.77747721918107)
(0, 4, 0, 516, 20.706833086056747)
(0, 4, 0, 518, 31.23760612360936)
(0, 4, 0, 940, 50.73005449313499)
(0, 4, 0, 113, 144.35321563839926)
(0, 4, 0, 612, 29.020639364676597)
(0, 4, 0, 37, 69.0130286734704)
(0, 4, 0, 894, 113.38002646925582)
(0, 4, 0, 895, 71.35104544586729)
(0, 4, 0, 992, 30.944083455587442)
(0, 4, 0, 158, 75.70896273096119)
(0, 4, 0, 154, 58.48030498265365)
(0, 4, 0, 40, 47.312971571483416)
(0, 4, 0, 585, 90.95325187491234)
(0, 4, 0, 805, 87.89553000698955)
(0, 4, 0, 592, 26.042226910877428)
(0, 4, 0, 964, 38.67303047793208)
(0, 4, 0, 266, 26.037392113067458)
(0, 4, 0, 406, 26.22223854539066)
(0, 4, 0, 294, 56.045899364703075)
(0, 4, 0, 604, 64.15040079530193)
(0, 4, 0, 522, 43.98347878899743)
(0, 4, 0, 18, 84.66938539584382)
(0, 4, 0, 425, 61.09191668823968)
(0, 4, 0, 527, 33.54238448837662)
(0, 4, 0, 308, 67.83985123768593)
(0, 4, 0, 622, 19.386503648261076)
(0, 4, 0, 794, 37.975882576464855)
(0, 4, 0, 62, 45.65681356463021)
(0, 4, 0, 79, 41.21456523980528)
(0, 4, 0, 680, 79.93850520390433)
(0, 4, 0, 193, 57.53859692111799)
(0, 4, 0, 750, 19.262671415166515)
(0, 4, 0, 181, 83.12699110707779)
(0, 4, 0, 535, 73.86402894392826)
(0, 4, 0, 484, 28.21318470375863)
(0, 4, 0, 200, 20.980272867527287)
(0, 4, 0, 364, 91.40051254180024)
(0, 4, 0, 991, 63.17964105153095)
(0, 4, 0, 462, 30.82084490203089)
(0, 4, 0, 356, 39.77109255889626)
(0, 4, 0, 2, 58.11288868798159)
(0, 4, 0, 478, 42.97488721287847)
(0, 4, 0, 695, 29.03080311749328)
(0, 4, 1, 0, 141.481139823389)
(0, 4, 1, 1, 82.02614229949718)
(0, 4, 1, 2, 204.60994268927965)
(0, 4, 1, 3, 100.36637516459817)
(0, 4, 1, 4, 204.8450325027948)
(0, 4, 1, 5, 153.77120283661222)
(0, 4, 1, 6, 99.9961883559473)
(0, 4, 1, 7, 180.28592413908046)
(0, 4, 1, 8, 102.90336968406068)
(0, 4, 1, 9, 135.5037043934074)
(0, 4, 1, 10, 140.3620627224689)
(0, 4, 1, 11, 135.16943627293873)
(0, 4, 1, 12, 148.11998464142266)
(0, 4, 1, 13, 67.954494942223)
(0, 4, 1, 14, 262.50467727328544)
(0, 4, 1, 15, 88.39219755992514)
(0, 4, 1, 16, 132.56547775100242)
(0, 4, 1, 17, 273.7654857839223)
(0, 4, 1, 18, 43.0348357732949)
(0, 4, 1, 19, 154.46643028904674)
(0, 4, 1, 20, 138.68084355723917)
(0, 4, 1, 21, 212.47237840328816)
(0, 4, 1, 22, 177.08767065099804)
(0, 4, 1, 23, 102.56017194771674)
(0, 4, 1, 24, 126.87700670773175)
(0, 4, 1, 25, 74.35411925859599)
(0, 4, 1, 26, 161.74040153726466)
(0, 4, 1, 27, 82.77950206879096)
(0, 4, 1, 28, 223.02597630287093)
(0, 4, 1, 29, 129.28875251219995)
(0, 4, 1, 30, 104.44280510491147)
(0, 4, 1, 31, 207.2967634548803)
(0, 4, 1, 32, 112.02636594800856)
(0, 4, 1, 33, 236.19397426546246)
(0, 4, 1, 34, 136.88313170168132)
(0, 4, 1, 35, 161.3401759625339)
(0, 4, 1, 36, 164.39987761196434)
(0, 4, 1, 37, 239.49337578998336)
(0, 4, 1, 38, 314.9743170372261)
(0, 4, 1, 39, 159.09760990088688)
(0, 4, 1, 40, 97.87271915187375)
(0, 4, 1, 41, 185.65165238664147)
(0, 4, 1, 42, 323.5514788262815)
(0, 4, 1, 43, 202.31128440926122)
(0, 4, 1, 44, 135.00853844205645)
(0, 4, 1, 45, 221.0755808059945)
(0, 4, 1, 46, 209.9433888680799)
(0, 4, 1, 47, 226.5287735019081)
(0, 4, 1, 48, 564.8106507044263)
(0, 4, 1, 49, 175.44270533497004)
(0, 4, 1, 50, 177.63188637534964)
(0, 4, 1, 51, 262.7059174071064)
(0, 4, 1, 52, 368.57751653455335)
(0, 4, 1, 53, 320.7026330240761)
(0, 4, 1, 54, 311.1094468853728)
(0, 4, 1, 55, 206.7186773230132)
(0, 4, 1, 56, 141.48127926851774)
(0, 4, 1, 57, 131.19353881651048)
(0, 4, 1, 58, 117.04028340118117)
(0, 4, 1, 59, 143.5093628852786)
(0, 4, 1, 60, 94.92661738162786)
(0, 4, 1, 61, 162.68261261634697)
(0, 4, 1, 62, 105.0871204316634)
(0, 4, 1, 63, 143.42520919686766)
(0, 4, 1, 64, 149.8684074345519)
(0, 4, 1, 65, 157.13622873996584)
(0, 4, 1, 66, 80.63432804570398)
(0, 4, 1, 67, 159.33260826524437)
(0, 4, 1, 68, 96.05218167595788)
(0, 4, 1, 69, 161.09871670749277)
(0, 4, 1, 70, 138.70370451813065)
(0, 4, 1, 71, 59.79426619727175)
(0, 4, 1, 72, 243.35787014601306)
(0, 4, 1, 73, 110.94165157354401)
(0, 4, 1, 74, 84.11533831263093)
(0, 4, 1, 75, 469.51138050081374)
(0, 4, 1, 76, 542.1666589935147)
(0, 4, 1, 77, 130.41231166203272)
(0, 4, 1, 78, 118.12465028624729)
(0, 4, 1, 79, 143.70396298153284)
(0, 4, 1, 80, 74.22690826538626)
(0, 4, 1, 81, 224.4312267064183)
(0, 4, 1, 82, 110.73750393812215)
(0, 4, 1, 83, 273.4929288987119)
(0, 4, 1, 84, 139.9650093927388)
(0, 4, 1, 85, 114.7235928059394)
(0, 4, 1, 86, 138.6589501992632)
(0, 4, 1, 87, 173.3100224607948)
(0, 4, 1, 88, 141.65346130512825)
(0, 4, 1, 89, 310.5114364089911)
(0, 4, 1, 90, 309.2242758052992)
(0, 4, 1, 91, 226.66546555580223)
(0, 4, 1, 92, 499.4698148285105)
(0, 4, 1, 93, 182.8650520070677)
(0, 4, 1, 94, 119.4753136961905)
(0, 4, 1, 95, 244.0744360592676)
(0, 4, 1, 96, 234.6355659263998)
(0, 4, 1, 97, 91.59761646594634)
(0, 4, 1, 98, 192.5280524019752)
(0, 4, 1, 99, 125.85282317280071)
(0, 4, 1, 100, 107.34140763306331)
(0, 4, 1, 101, 292.52101218912355)
(0, 4, 1, 102, 83.82981498903473)
(0, 4, 1, 103, 254.2180177983145)
(0, 4, 1, 104, 112.49271260210021)
(0, 4, 1, 105, 65.62036415312132)
(0, 4, 1, 106, 104.04807667971622)
(0, 4, 1, 107, 365.2013806640642)
(0, 4, 1, 108, 174.41663684856277)
(0, 4, 1, 109, 176.2027097240463)
(0, 4, 1, 110, 115.01830359004816)
(0, 4, 1, 111, 84.05766866830025)
(0, 4, 1, 112, 159.95249691602513)
(0, 4, 1, 113, 304.65522542677354)
(0, 4, 1, 114, 167.65629105631106)
(0, 4, 1, 115, 176.85500083881664)
(0, 4, 1, 116, 175.51266858202212)
(0, 4, 1, 117, 220.2157725608797)
(0, 4, 1, 118, 110.22806099685178)
(0, 4, 1, 119, 265.68231279560405)
(0, 4, 1, 120, 311.4141789706236)
(0, 4, 1, 121, 128.47133249644776)
(0, 4, 1, 122, 184.64367120139931)
(0, 4, 1, 123, 158.27866155165452)
(0, 4, 1, 124, 320.8017519897771)
(0, 4, 1, 125, 223.42420573344114)
(0, 4, 1, 126, 300.35662328513735)
(0, 4, 1, 127, 89.53492719979981)
(0, 4, 1, 128, 105.49013481236716)
(0, 4, 1, 129, 145.47436114483284)
(0, 4, 1, 130, 97.89527653206642)
(0, 4, 1, 131, 130.75211713291714)
(0, 4, 1, 132, 95.07806044394833)
(0, 4, 1, 133, 225.0388339240929)
(0, 4, 1, 134, 144.73229160849374)
(0, 4, 1, 135, 152.65051954309686)
(0, 4, 1, 136, 134.90826864121476)
(0, 4, 1, 137, 113.28272751724806)
(0, 4, 1, 138, 179.25322440657493)
(0, 4, 1, 139, 200.7647327843668)
(0, 4, 1, 140, 356.39655286496844)
(0, 4, 1, 141, 91.43149498814888)
(0, 4, 1, 142, 105.73617058345)
(0, 4, 1, 143, 323.4580856352444)
(0, 4, 1, 144, 262.48091136350394)
(0, 4, 1, 145, 244.0171153114184)
(0, 4, 1, 146, 210.94557873672917)
(0, 4, 1, 147, 102.66577975254167)
(0, 4, 1, 148, 149.60611515715976)
(0, 4, 1, 149, 287.3476358482533)
(0, 4, 1, 150, 370.6788838574177)
(0, 4, 1, 151, 121.70659790060583)
(0, 4, 1, 152, 194.27111993363908)
(0, 4, 1, 153, 139.35715376163625)
(0, 4, 1, 154, 70.61213166605009)
(0, 4, 1, 155, 286.2981571836208)
(0, 4, 1, 156, 273.774829168723)
(0, 4, 1, 157, 249.01577844690482)
(0, 4, 1, 158, 99.61954215290964)
(0, 4, 1, 159, 311.26488052499815)
(0, 4, 1, 160, 59.05684649250504)
(0, 4, 1, 161, 93.28474818727433)
(0, 4, 1, 162, 89.93382654175153)
(0, 4, 1, 163, 214.85101388177918)
(0, 4, 1, 164, 87.82002565133968)
(0, 4, 1, 165, 211.85107557567716)
(0, 4, 1, 166, 115.12237934279236)
(0, 4, 1, 167, 301.48853631139133)
(0, 4, 1, 168, 108.22563218191986)
(0, 4, 1, 169, 122.52217121166386)
(0, 4, 1, 170, 173.19392748941624)
(0, 4, 1, 171, 119.48224862794416)
(0, 4, 1, 172, 226.7664577340296)
(0, 4, 1, 173, 290.23708277424794)
(0, 4, 1, 174, 529.8947716380152)
(0, 4, 1, 175, 119.2877290595425)
(0, 4, 1, 176, 440.4016589546609)
(0, 4, 1, 177, 104.27169215701728)
(0, 4, 1, 178, 178.00830732019108)
(0, 4, 1, 179, 226.04590456389846)
(0, 4, 1, 180, 155.2876786206066)
(0, 4, 1, 181, 65.1523224687525)
(0, 4, 1, 182, 173.07633269288993)
(0, 4, 1, 183, 164.03252309013814)
(0, 4, 1, 184, 124.97791438863118)
(0, 4, 1, 185, 71.19254306352443)
(0, 4, 1, 186, 85.9985272593683)
(0, 4, 1, 187, 88.38921276076772)
(0, 4, 1, 188, 210.60430665969383)
(0, 4, 1, 189, 96.89459611784088)
(0, 4, 1, 190, 89.18045164661336)
(0, 4, 1, 191, 212.1663306975733)
(0, 4, 1, 192, 270.29742450724024)
(0, 4, 1, 193, 130.96140781691332)
(0, 4, 1, 194, 204.43062954660797)
(0, 4, 1, 195, 206.72949866589605)
(0, 4, 1, 196, 153.86117390059022)
(0, 4, 1, 197, 140.8076235481488)
(0, 4, 1, 198, 202.78618687738026)
(0, 4, 1, 199, 292.77181100426606)
(0, 4, 1, 200, 299.06038542498754)
(0, 4, 1, 201, 128.02241242264)
(0, 4, 1, 202, 94.41308898391463)
(0, 4, 1, 203, 210.9773394641626)
(0, 4, 1, 204, 188.17783858663535)
(0, 4, 1, 205, 158.61943440317808)
(0, 4, 1, 206, 175.26399483515354)
(0, 4, 1, 207, 73.38699727271528)
(0, 4, 1, 208, 460.30597707305077)
(0, 4, 1, 209, 98.50125088292607)
(0, 4, 1, 210, 103.96214596634466)
(0, 4, 1, 211, 199.11805264480645)
(0, 4, 1, 212, 187.88380589987653)
(0, 4, 1, 213, 238.75646965031615)
(0, 4, 1, 214, 327.9367352737027)
(0, 4, 1, 215, 77.24894986021653)
(0, 4, 1, 216, 275.8404752204027)
(0, 4, 1, 217, 226.6384396806759)
(0, 4, 1, 218, 239.23585464259776)
(0, 4, 1, 219, 100.0961010769369)
(0, 4, 1, 220, 151.8154158588936)
(0, 4, 1, 221, 212.82816664280662)
(0, 4, 1, 222, 376.49195784885575)
(0, 4, 1, 223, 84.20796533122916)
(0, 4, 1, 224, 102.9766878547619)
(0, 4, 1, 225, 153.18068024734467)
(0, 4, 1, 226, 144.38365539795043)
(0, 4, 1, 227, 320.6817246939036)
(0, 4, 1, 228, 92.30702008069197)
(0, 4, 1, 229, 366.6727638735827)
(0, 4, 1, 230, 111.14491941537732)
(0, 4, 1, 231, 108.13470660724475)
(0, 4, 1, 232, 78.88986434447193)
(0, 4, 1, 233, 162.7225918206808)
(0, 4, 1, 234, 142.25172995640557)
(0, 4, 1, 235, 96.0476998972555)
(0, 4, 1, 236, 120.22419200503272)
(0, 4, 1, 237, 110.65909626873017)
(0, 4, 1, 238, 49.65909708008105)
(0, 4, 1, 239, 139.98429894484306)
(0, 4, 1, 240, 114.60948546226349)
(0, 4, 1, 241, 216.33274045813423)
(0, 4, 1, 242, 178.58230122185603)
(0, 4, 1, 243, 131.79505343714257)
(0, 4, 1, 244, 200.39652294916397)
(0, 4, 1, 245, 331.4725506027455)
(0, 4, 1, 246, 221.6836825906921)
(0, 4, 1, 247, 77.90263165858805)
(0, 4, 1, 248, 116.04208586268493)
(0, 4, 1, 249, 173.09120009356994)
