['theta', 'alpha', 'phi', 'beta', 'mu', 'rho', 'chi', 'gamma', 'delta', 'kappa']
0 0 0 0.3828885476943559 0.12303547985575461
0 0 1 0.32995160361544373 0.06029296449510399
0 0 2 0.19471502850689956 0.08133866396554779
0 0 3 0.3374584908256485 0.16026192334910108
0 0 4 1.3145117395061363 0.8256530762107767
0 0 5 0.1999012982825002 0.029233447085011233
0 0 6 0.27168296613969245 0.1646352777382858
0 0 7 0.34870869977121166 0.015506146207222486
0 0 8 0.5073750436591868 0.03928722690574602
0 0 9 0.30702112667684606 0.04442461139501319
0 1 0 0.4683711902643803 0.16163790563634445
0 1 1 0.3960587755044725 0.05792154942299993
0 1 2 0.2269750626362378 0.11205869017384552
0 1 3 0.39923227770821323 0.18662666541323952
0 1 4 1.5116288923649557 0.8949386633760645
0 1 5 0.2782555816526249 0.060433195738468296
0 1 6 0.2967911026885692 0.2025797467012103
0 1 7 0.37263546088536575 0.03609223894538249
0 1 8 0.6973694248030728 0.05497153295502562
0 1 9 0.40760905001848213 0.03201955799303053
0 2 0 0.5874122721997693 0.19355297079204023
0 2 1 0.44107208594847175 0.056274307046474015
0 2 2 0.2841299528389845 0.10659805476220616
0 2 3 0.4684817102217655 0.20752109952488745
0 2 4 1.668983914230651 0.9608687103186426
0 2 5 0.3128450009738345 0.06554500961448965
0 2 6 0.32561356222201593 0.2271576726364265
0 2 7 0.4594061267776364 0.0355072599695505
0 2 8 0.907714671871368 0.061275450638224684
0 2 9 0.5055666549882825 0.017083477957383925
0 3 0 0.6985868109772185 0.22710666097982518
0 3 1 0.472107368313171 0.05408849855934772
0 3 2 0.30212831252158145 0.11653245845409113
0 3 3 0.5231191633053335 0.22897976014679014
0 3 4 1.8366105792646026 1.0316842547925418
0 3 5 0.36331058907094205 0.08558404269166006
0 3 6 0.34901638539839314 0.23393634432146868
0 3 7 0.6090226460916245 0.06844120584010666
0 3 8 1.1036128907502212 0.062396696494722556
0 3 9 0.6013374424983823 0.03484288774140067
1 0 0 0.30057353109801627 0.10296022900327746
1 0 1 0.26636292477955614 0.06329522003320484
1 0 2 0.1506938944378274 0.05966826065637849
1 0 3 0.2750118518065672 0.14376686596726967
1 0 4 1.1570491168452874 0.7635588787710654
1 0 5 0.1555313173897765 0.019264843841595238
1 0 6 0.22658580187270777 0.14096603539047306
1 0 7 0.23238127351279614 0.02520865090719239
1 0 8 0.3448661454571721 0.034354337991786506
1 0 9 0.23908028265753103 0.030326557421350823
1 1 0 0.4249081966847658 0.14591721628339113
1 1 1 0.35518774531629926 0.06020976203895137
1 1 2 0.20392871398689816 0.09605554879691124
1 1 3 0.3625035177071963 0.1742760326031086
1 1 4 1.40676956538453 0.8669917557015147
1 1 5 0.22545613677875115 0.041666218687694705
1 1 6 0.29183014775149424 0.17337324544447552
1 1 7 0.3452351335395127 0.030418810978332607
1 1 8 0.6099532718589539 0.050164764462805135
1 1 9 0.3636707776382024 0.03214850284748695
1 2 0 0.5745699113790625 0.20513987157484428
1 2 1 0.3492957579485699 0.06237750739333131
1 2 2 0.2137480109512172 0.08312359450523801
1 2 3 0.43353080891714246 0.21629392182203588
1 2 4 1.6421078039190613 0.978296340919945
1 2 5 0.26593072263124146 0.054043461065945535
1 2 6 0.2921105989770529 0.16864258809012542
1 2 7 0.47693835588043926 0.033301601022693944
1 2 8 0.9138255680588843 0.06098588983527219
1 2 9 0.48623018249844874 0.03467599471768402
1 3 0 0.7140627042250747 0.24004789550969485
1 3 1 0.42159659688287876 0.057499572743762134
1 3 2 0.27168192754975834 0.09875047154321843
1 3 3 0.5086847619447408 0.23009786566575363
1 3 4 1.8023111227904105 1.0504857855334664
1 3 5 0.30029888437104485 0.07598626015459743
1 3 6 0.3259475154388609 0.21287814103959163
1 3 7 0.6756680257618438 0.08519574132611896
1 3 8 1.145177731789512 0.060957101208755166
1 3 9 0.6064263934699287 0.0628573317874118
2 0 0 0.27056474222814797 0.09419246759512055
2 0 1 0.2595006907228892 0.06341893414442541
2 0 2 0.1417789729559951 0.06012815674474931
2 0 3 0.25681339735371056 0.1333810360615983
2 0 4 1.079941344368253 0.7271376589989269
2 0 5 0.14098864462179256 0.018128869553489038
2 0 6 0.22002558773897726 0.1396353433822298
2 0 7 0.2027796137815602 0.024299814040734554
2 0 8 0.28800696942552073 0.03273401641139284
2 0 9 0.21395703813168332 0.024148309255192627
2 1 0 0.40627648464739746 0.14205372434003163
2 1 1 0.33347779771156527 0.06160410702006719
2 1 2 0.18762322379805682 0.08969176168321613
2 1 3 0.34450689790630534 0.17403337640813732
2 1 4 1.3723740727197467 0.8578459017468997
2 1 5 0.20575611499559926 0.03584129803569241
2 1 6 0.2789576245520918 0.16250438144537657
2 1 7 0.3292482898245512 0.030607048772854407
2 1 8 0.5776980997987105 0.04877518492934572
2 1 9 0.3509653832598556 0.037398041120778616
2 2 0 0.5352902053653004 0.19025780533928133
2 2 1 0.32581984141782916 0.06396992976247506
2 2 2 0.20290988495656825 0.07222303712960465
2 2 3 0.40889047638973997 0.20839435644712945
2 2 4 1.5762121001346556 0.9430494446053506
2 2 5 0.23918978060782034 0.047194247871216725
2 2 6 0.28889516043753505 0.15466667971851086
2 2 7 0.4673012222559474 0.02723741369251108
2 2 8 0.8375990495151253 0.05831936421661525
2 2 9 0.4616866158010871 0.04565896311481709
2 3 0 0.6884102156786887 0.23282186557399465
2 3 1 0.3398976648403268 0.06333981316583048
2 3 2 0.21157758466070012 0.0757200832934243
2 3 3 0.4742654018087481 0.24110713038082512
2 3 4 1.7759093688609076 1.0438420634605243
2 3 5 0.27499402673452933 0.06418873699994829
2 3 6 0.3018300050137192 0.15951364969078397
2 3 7 0.6526864069703796 0.0625626835583089
2 3 8 1.1029924420843678 0.05927624276730516
2 3 9 0.5881068779328844 0.07106395590550314
3 0 0 0.2571443844979284 0.09218432980914293
3 0 1 0.23038511039167364 0.06372616457369834
3 0 2 0.12212920784771218 0.049012290622570405
3 0 3 0.24225836326374783 0.1340548793398763
3 0 4 1.0556573939771559 0.7173494956435936
3 0 5 0.12429585675648899 0.015138289523511251
3 0 6 0.19441337275023393 0.1324200315208398
3 0 7 0.2015653728607568 0.01841544285343509
3 0 8 0.2700495379561748 0.03260061421026018
3 0 9 0.2044637310895887 0.028473738905811292
3 1 0 0.38921107382687503 0.1380486879256499
3 1 1 0.3217123618655406 0.06262563003938049
3 1 2 0.17795488823458325 0.08663501549867149
3 1 3 0.33189292355233163 0.1704224286999351
3 1 4 1.3376567657935525 0.8464953319772753
3 1 5 0.19497333873471048 0.031748826687279096
3 1 6 0.26682886228273656 0.1609203840608338
3 1 7 0.3150270225346552 0.03032628131434048
3 1 8 0.5478540498996984 0.0468465245976479
3 1 9 0.3326149608968032 0.03385115677000681
3 2 0 0.530006926821111 0.19331775447262836
3 2 1 0.30823429969479044 0.06478774084418357
3 2 2 0.1838572316594984 0.07078933099689136
3 2 3 0.39890680552123414 0.21147487664226958
3 2 4 1.5690061402597515 0.9497646526745422
3 2 5 0.22717975910773758 0.04782383882482865
3 2 6 0.27255928108906113 0.14967202869699373
3 2 7 0.46018196251918103 0.025114077275380457
3 2 8 0.8322243237295407 0.05911869142380828
3 2 9 0.45658823846690927 0.048331983814914305
3 3 0 0.7004833495276486 0.24308007095451584
3 3 1 0.32976658202623166 0.06410259825967393
3 3 2 0.20777113273201087 0.07047712875687978
3 3 3 0.47703480547795163 0.24292347652419913
3 3 4 1.7837172266479908 1.05658651804402
3 3 5 0.2605253561972276 0.06278423411003914
3 3 6 0.29829100515357115 0.15490157919731984
3 3 7 0.6540475914892988 0.0785199146730085
3 3 8 1.1323390019998136 0.0605808858436257
3 3 9 0.5829469509833789 0.07661689142874546
4 0 0 0.2104664629794891 0.07873878217574343
4 0 1 0.1801918898850685 0.06285864621442598
4 0 2 0.0881224686409738 0.028509852304454426
4 0 3 0.2028405351287269 0.12090199316597794
4 0 4 0.9173345766911535 0.6464462159095198
4 0 5 0.09794282806056975 0.011640868213665327
4 0 6 0.15973461416113033 0.10977822631792468
4 0 7 0.16709830135475837 0.013993400422545177
4 0 8 0.19797816460397652 0.02514442192929959
4 0 9 0.17021298876771893 0.021866728787235168
4 1 0 0.354449975651847 0.12622758158600686
4 1 1 0.2673179419575662 0.0637483025438259
4 1 2 0.14345353992224547 0.06467320517752721
4 1 3 0.2995186849820064 0.1623063051705285
4 1 4 1.2546320709943732 0.8102371850084295
4 1 5 0.17196768601534107 0.02448941855344075
4 1 6 0.23194481545557652 0.13688455951839176
4 1 7 0.27232948790461187 0.0287565215957169
4 1 8 0.47327007712536207 0.04345518092843494
4 1 9 0.2974223334885941 0.03543518109925067
4 2 0 0.4397529398770084 0.15285949047001401
4 2 1 0.2593703256083515 0.06661028494032632
4 2 2 0.15492173701785109 0.04888593884724645
4 2 3 0.33996367346398837 0.18863994264363718
4 2 4 1.41506512225243 0.8671579582738137
4 2 5 0.19634536092552193 0.032203000682869694
4 2 6 0.22566032320971696 0.13826118567010695
4 2 7 0.3843977414885688 0.02692460715438451
4 2 8 0.6467891265886063 0.055538991641928416
4 2 9 0.401865193434181 0.05331570832719527
4 3 0 0.5824146914069489 0.21366771870408915
4 3 1 0.3008334881059904 0.06525162961470299
4 3 2 0.18482957773268502 0.062345931740716266
4 3 3 0.4117325776657371 0.22177410711755718
4 3 4 1.64730184514332 0.9960471687064988
4 3 5 0.23062994109078577 0.040357356491331826
4 3 6 0.26969326169786023 0.14621904615497164
4 3 7 0.5273372605810867 0.05757247361380865
4 3 8 0.9417741446290082 0.06084224534942317
4 3 9 0.49749810634628844 0.07160284030707656
['theta', 'alpha', 'phi', 'beta', 'mu', 'rho', 'chi', 'gamma', 'delta', 'kappa']
