(0, 0, 0, 0, 238.78324334032942)
(0, 0, 0, 1, 316.73311000297554)
(0, 0, 0, 2, 247.2142747334842)
(0, 0, 0, 3, 246.7258428361319)
(0, 0, 0, 4, 185.42342664940367)
(0, 0, 0, 5, 296.0782381306246)
(0, 0, 0, 6, 187.66885698049379)
(0, 0, 0, 7, 260.6100568736441)
(0, 0, 0, 8, 271.46339283387533)
(0, 0, 0, 9, 230.7005801323378)
(0, 0, 0, 10, 151.55696574187007)
(0, 0, 0, 11, 296.78991775049667)
(0, 0, 0, 12, 261.2644204241513)
(0, 0, 0, 13, 238.94473959289232)
(0, 0, 0, 14, 294.318737658234)
(0, 0, 0, 15, 329.5786645884745)
(0, 0, 0, 16, 226.22045725442723)
(0, 0, 0, 17, 324.9271917673224)
(0, 0, 0, 18, 335.3631989661753)
(0, 0, 0, 19, 265.4638589194671)
(0, 0, 0, 20, 172.60614143798446)
(0, 0, 0, 21, 224.04733241313284)
(0, 0, 0, 22, 185.98827765632316)
(0, 0, 0, 23, 252.21232810431567)
(0, 0, 0, 24, 190.01141802826157)
(0, 0, 0, 25, 257.0935816771941)
(0, 0, 0, 26, 242.03999992031714)
(0, 0, 0, 27, 195.03226980003245)
(0, 0, 0, 28, 312.04259376494235)
(0, 0, 0, 29, 230.45463779770097)
(0, 0, 0, 30, 173.858258497647)
(0, 0, 0, 31, 350.67765673045596)
(0, 0, 0, 32, 316.0949746571879)
(0, 0, 0, 33, 172.87061637881607)
(0, 0, 0, 34, 234.44816024559725)
(0, 0, 0, 35, 214.98001273564896)
(0, 0, 0, 36, 245.93258639669386)
(0, 0, 0, 37, 186.26931513893604)
(0, 0, 0, 38, 207.5034134970518)
(0, 0, 0, 39, 238.28050713302602)
(0, 0, 0, 40, 195.3865568905051)
(0, 0, 0, 41, 333.66020565512537)
(0, 0, 0, 42, 303.3209875896367)
(0, 0, 0, 43, 220.9249665361385)
(0, 0, 0, 44, 245.95852660090344)
(0, 0, 0, 45, 254.34763461876247)
(0, 0, 0, 46, 249.87753709896876)
(0, 0, 0, 47, 265.92848785572755)
(0, 0, 0, 48, 157.57158744865094)
(0, 0, 0, 49, 254.69347650156828)
(0, 0, 0, 50, 419.49347594473693)
(0, 0, 0, 51, 204.86205794428807)
(0, 0, 0, 52, 289.4335266251356)
(0, 0, 0, 53, 304.55936412261605)
(0, 0, 0, 54, 156.20209569702627)
(0, 0, 0, 55, 282.6256672731674)
(0, 0, 0, 56, 272.6032563255176)
(0, 0, 0, 57, 295.60008359244307)
(0, 0, 0, 58, 238.7731149218293)
(0, 0, 0, 59, 269.4642156175239)
(0, 0, 0, 60, 349.5723861003718)
(0, 0, 0, 61, 402.14855494925075)
(0, 0, 0, 62, 180.98053362672707)
(0, 0, 0, 63, 238.29464154103857)
(0, 0, 0, 64, 289.2829077319231)
(0, 0, 0, 65, 313.9514060747463)
(0, 0, 0, 66, 140.3224578813842)
(0, 0, 0, 67, 217.75166748286048)
(0, 0, 0, 68, 269.2404552050056)
(0, 0, 0, 69, 159.8434697089009)
(0, 0, 0, 70, 313.261263060704)
(0, 0, 0, 71, 343.3511801087705)
(0, 0, 0, 72, 317.9582057082318)
(0, 0, 0, 73, 226.1539494983681)
(0, 0, 0, 74, 252.75478989945407)
(0, 0, 0, 75, 215.81446360397757)
(0, 0, 0, 76, 202.8528341231143)
(0, 0, 0, 77, 358.9879160507596)
(0, 0, 0, 78, 315.131747696292)
(0, 0, 0, 79, 346.5193007956879)
(0, 0, 0, 80, 306.7068906661919)
(0, 0, 0, 81, 279.12520270921914)
(0, 0, 0, 82, 170.24068347558674)
(0, 0, 0, 83, 275.7207405284099)
(0, 0, 0, 84, 299.38824467964525)
(0, 0, 0, 85, 223.1106783140769)
(0, 0, 0, 86, 278.5476374149255)
(0, 0, 0, 87, 200.89426697069226)
(0, 0, 0, 88, 337.0131733998099)
(0, 0, 0, 89, 295.0298207948906)
(0, 0, 0, 90, 256.628055104046)
(0, 0, 0, 91, 145.3150117020958)
(0, 0, 0, 92, 283.4006913085533)
(0, 0, 0, 93, 238.6987612700574)
(0, 0, 0, 94, 314.96361921782244)
(0, 0, 0, 95, 159.903618345849)
(0, 0, 0, 96, 183.16073584906133)
(0, 0, 0, 97, 368.82488462056506)
(0, 0, 0, 98, 301.6573716834744)
(0, 0, 0, 99, 373.9095513604367)
(0, 0, 0, 100, 347.6869081015748)
(0, 0, 0, 101, 363.4912993177077)
(0, 0, 0, 102, 190.725393917226)
(0, 0, 0, 103, 223.22757214445355)
(0, 0, 0, 104, 254.97364676958446)
(0, 0, 0, 105, 236.20991778497)
(0, 0, 0, 106, 369.6998726438014)
(0, 0, 0, 107, 259.7250973319594)
(0, 0, 0, 108, 357.48685701928645)
(0, 0, 0, 109, 215.9830570696216)
(0, 0, 0, 110, 343.0301515606231)
(0, 0, 0, 111, 291.0798190783042)
(0, 0, 0, 112, 137.78647977350317)
(0, 0, 0, 113, 253.25802008835913)
(0, 0, 0, 114, 350.55501001182506)
(0, 0, 0, 115, 153.91994359612264)
(0, 0, 0, 116, 277.21645830986733)
(0, 0, 0, 117, 292.0445504395357)
(0, 0, 0, 118, 323.81666196509383)
(0, 0, 0, 119, 290.7220826343229)
(0, 0, 0, 120, 192.81427629987013)
(0, 0, 0, 121, 293.464809364893)
(0, 0, 0, 122, 404.18131778342314)
(0, 0, 0, 123, 176.71740499369977)
(0, 0, 0, 124, 318.1139984238912)
(0, 0, 0, 125, 222.1810876687794)
(0, 0, 0, 126, 299.6672492632676)
(0, 0, 0, 127, 177.6751205141227)
(0, 0, 0, 128, 275.77470111875806)
(0, 0, 0, 129, 315.15815754586225)
(0, 0, 0, 130, 239.40193808320547)
(0, 0, 0, 131, 179.11634441217032)
(0, 0, 0, 132, 185.3247549077909)
(0, 0, 0, 133, 238.55741180643994)
(0, 0, 0, 134, 232.37375562991832)
(0, 0, 0, 135, 227.88553531940923)
(0, 0, 0, 136, 263.18167186771444)
(0, 0, 0, 137, 243.5318584921806)
(0, 0, 0, 138, 302.9812118813221)
(0, 0, 0, 139, 268.2027034297462)
(0, 0, 0, 140, 244.42969574035405)
(0, 0, 0, 141, 282.7491193505034)
(0, 0, 0, 142, 152.05567535632457)
(0, 0, 0, 143, 295.5245388922209)
(0, 0, 0, 144, 278.8807623943436)
(0, 0, 0, 145, 174.58435804718027)
(0, 0, 0, 146, 226.9239993097187)
(0, 0, 0, 147, 250.05971354044948)
(0, 0, 0, 148, 304.83234711309416)
(0, 0, 0, 149, 160.43123308240988)
(0, 0, 0, 150, 267.05752871167414)
(0, 0, 0, 151, 166.04454327328213)
(0, 0, 0, 152, 368.20662342155697)
(0, 0, 0, 153, 258.9116093547861)
(0, 0, 0, 154, 197.44964555130636)
(0, 0, 0, 155, 336.18738286631145)
(0, 0, 0, 156, 247.81172875776545)
(0, 0, 0, 157, 262.8045831885618)
(0, 0, 0, 158, 211.02988481487094)
(0, 0, 0, 159, 351.319273577193)
(0, 0, 0, 160, 285.28410835091313)
(0, 0, 0, 161, 272.5323196377144)
(0, 0, 0, 162, 232.14416934660198)
(0, 0, 0, 163, 200.73857108339962)
(0, 0, 0, 164, 180.13954772261016)
(0, 0, 0, 165, 349.24529223022705)
(0, 0, 0, 166, 261.14390017543985)
(0, 0, 0, 167, 276.24248545972057)
(0, 0, 0, 168, 324.20925382636295)
(0, 0, 0, 169, 234.8509490288613)
(0, 0, 0, 170, 273.1741983612588)
(0, 0, 0, 171, 162.74152171001649)
(0, 0, 0, 172, 317.16093757872216)
(0, 0, 0, 173, 145.61821632320925)
(0, 0, 0, 174, 211.78201710712648)
(0, 0, 0, 175, 247.94202685222083)
(0, 0, 0, 176, 210.53114905353993)
(0, 0, 0, 177, 149.1531574046268)
(0, 0, 0, 178, 213.5280651199898)
(0, 0, 0, 179, 299.0248638787183)
(0, 0, 0, 180, 393.78733160417204)
(0, 0, 0, 181, 201.86580757780436)
(0, 0, 0, 182, 183.21295409051433)
(0, 0, 0, 183, 191.70882455581818)
(0, 0, 0, 184, 218.4350795772337)
(0, 0, 0, 185, 236.49706119040198)
(0, 0, 0, 186, 130.429534839404)
(0, 0, 0, 187, 159.8201867419454)
(0, 0, 0, 188, 264.0607397966997)
(0, 0, 0, 189, 224.1342697015633)
(0, 0, 0, 190, 216.67719753346196)
(0, 0, 0, 191, 234.98647464649315)
(0, 0, 0, 192, 185.7787649421953)
(0, 0, 0, 193, 179.72919328062977)
(0, 0, 0, 194, 321.1326180231896)
(0, 0, 0, 195, 287.5046620455527)
(0, 0, 0, 196, 279.2949407229853)
(0, 0, 0, 197, 172.79656390871835)
(0, 0, 0, 198, 178.90428261400967)
(0, 0, 0, 199, 307.5966256774231)
(0, 0, 0, 200, 335.8840011863764)
(0, 0, 0, 201, 271.2872602003576)
(0, 0, 0, 202, 242.2919600157693)
(0, 0, 0, 203, 332.0760343510728)
(0, 0, 0, 204, 336.5541965291513)
(0, 0, 0, 205, 219.4525678068564)
(0, 0, 0, 206, 255.4642124721921)
(0, 0, 0, 207, 242.2702354754252)
(0, 0, 0, 208, 322.2904011746192)
(0, 0, 0, 209, 231.40735909762907)
(0, 0, 0, 210, 260.3961866646551)
(0, 0, 0, 211, 186.32554789420325)
(0, 0, 0, 212, 143.16843785890077)
(0, 0, 0, 213, 242.88075705845526)
(0, 0, 0, 214, 252.85028084367175)
(0, 0, 0, 215, 254.91318003298505)
(0, 0, 0, 216, 288.09761050249466)
(0, 0, 0, 217, 276.54305262047313)
(0, 0, 0, 218, 210.0755697855443)
(0, 0, 0, 219, 182.84313526633778)
(0, 0, 0, 220, 334.82738931543645)
(0, 0, 0, 221, 215.17773501154517)
(0, 0, 0, 222, 247.4307269907845)
(0, 0, 0, 223, 275.437695556255)
(0, 0, 0, 224, 343.0931386628279)
(0, 0, 0, 225, 239.78725428330876)
(0, 0, 0, 226, 207.99306329238703)
(0, 0, 0, 227, 142.123679076045)
(0, 0, 0, 228, 243.9478210889861)
(0, 0, 0, 229, 262.88690597273285)
(0, 0, 0, 230, 218.16437097818863)
(0, 0, 0, 231, 157.28699222352984)
(0, 0, 0, 232, 198.00321088744445)
(0, 0, 0, 233, 270.4842273889115)
(0, 0, 0, 234, 221.6279240311846)
(0, 0, 0, 235, 290.16008637545093)
(0, 0, 0, 236, 245.96713327777394)
(0, 0, 0, 237, 361.29218760285215)
(0, 0, 0, 238, 299.3568000148657)
(0, 0, 0, 239, 260.77758374713216)
(0, 0, 0, 240, 313.75141666904085)
(0, 0, 0, 241, 271.15877622070843)
(0, 0, 0, 242, 237.80025996985447)
(0, 0, 0, 243, 192.9608181742418)
(0, 0, 0, 244, 273.70189275831723)
(0, 0, 0, 245, 206.61937800370683)
(0, 0, 0, 246, 125.7863029503638)
(0, 0, 0, 247, 236.63042088433792)
(0, 0, 0, 248, 233.57863297640424)
(0, 0, 0, 249, 242.2656656226739)
(0, 0, 1, 0, 129.20479781339583)
(0, 0, 1, 1, 138.15420022999584)
(0, 0, 1, 2, 128.32885092073005)
(0, 0, 1, 3, 135.86931315696393)
(0, 0, 1, 4, 129.47714041228144)
(0, 0, 1, 5, 138.99030561377663)
(0, 0, 1, 6, 141.60217255013362)
(0, 0, 1, 7, 137.82969295158458)
(0, 0, 1, 8, 131.38389578408865)
(0, 0, 1, 9, 130.65283614886394)
(0, 0, 1, 10, 135.82312707699236)
(0, 0, 1, 11, 128.73632726041882)
(0, 0, 1, 12, 121.79474091991271)
(0, 0, 1, 13, 138.57156012131063)
(0, 0, 1, 14, 138.6681831706448)
(0, 0, 1, 15, 121.72387093267487)
(0, 0, 1, 16, 131.74859228998434)
(0, 0, 1, 17, 121.60365584023033)
(0, 0, 1, 18, 123.6405131110952)
(0, 0, 1, 19, 126.77577267687084)
(0, 0, 1, 20, 135.7196646098717)
(0, 0, 1, 21, 135.23918860495385)
(0, 0, 1, 22, 136.6093204413225)
(0, 0, 1, 23, 135.7701778861203)
(0, 0, 1, 24, 130.02147595777487)
(0, 0, 1, 25, 130.5405325300071)
(0, 0, 1, 26, 125.55798189503204)
(0, 0, 1, 27, 138.14487644760308)
(0, 0, 1, 28, 138.76889378453848)
(0, 0, 1, 29, 140.15653430216344)
(0, 0, 1, 30, 117.74787432541179)
(0, 0, 1, 31, 122.28490837109487)
(0, 0, 1, 32, 121.02912209979385)
(0, 0, 1, 33, 131.88235884485047)
(0, 0, 1, 34, 136.50284599256153)
(0, 0, 1, 35, 122.48836779984562)
(0, 0, 1, 36, 130.21474743994366)
(0, 0, 1, 37, 135.2484914568177)
(0, 0, 1, 38, 137.93033326397912)
(0, 0, 1, 39, 138.9393465983101)
(0, 0, 1, 40, 130.7828117598722)
(0, 0, 1, 41, 129.92832251915544)
(0, 0, 1, 42, 128.97732484302972)
(0, 0, 1, 43, 141.5311532664101)
(0, 0, 1, 44, 142.33003020655192)
(0, 0, 1, 45, 125.96223378919953)
(0, 0, 1, 46, 139.93458527444804)
(0, 0, 1, 47, 137.69128064956297)
(0, 0, 1, 48, 140.0815920549681)
(0, 0, 1, 49, 138.1734297654295)
(0, 0, 1, 50, 120.44580441060427)
(0, 0, 1, 51, 124.38433261291647)
(0, 0, 1, 52, 131.69996073488613)
(0, 0, 1, 53, 141.85357109518532)
(0, 0, 1, 54, 125.77815128612306)
(0, 0, 1, 55, 142.49926543130627)
(0, 0, 1, 56, 129.69130518209414)
(0, 0, 1, 57, 140.74936703240988)
(0, 0, 1, 58, 126.02550941499045)
(0, 0, 1, 59, 136.62442506639272)
(0, 0, 1, 60, 136.37315693638143)
(0, 0, 1, 61, 141.46236535471527)
(0, 0, 1, 62, 124.88686967596023)
(0, 0, 1, 63, 137.8598596220676)
(0, 0, 1, 64, 130.9356381010368)
(0, 0, 1, 65, 134.31170760939952)
(0, 0, 1, 66, 138.59181943452052)
(0, 0, 1, 67, 120.56295366520494)
(0, 0, 1, 68, 137.68544225358391)
(0, 0, 1, 69, 144.66139513062637)
(0, 0, 1, 70, 143.2790187980143)
(0, 0, 1, 71, 131.2517394816097)
(0, 0, 1, 72, 128.26396489923786)
(0, 0, 1, 73, 111.93448601912272)
(0, 0, 1, 74, 139.41609860400493)
(0, 0, 1, 75, 130.0100624038753)
(0, 0, 1, 76, 147.6533524680562)
(0, 0, 1, 77, 125.15249599493666)
(0, 0, 1, 78, 126.75134300465984)
(0, 0, 1, 79, 132.45478576775736)
(0, 0, 1, 80, 137.71465440372356)
(0, 0, 1, 81, 127.83688703877418)
(0, 0, 1, 82, 136.66958599174055)
(0, 0, 1, 83, 132.51557829045333)
(0, 0, 1, 84, 110.21758643538708)
(0, 0, 1, 85, 138.51770301500537)
(0, 0, 1, 86, 137.59862958070968)
(0, 0, 1, 87, 140.6603358285481)
(0, 0, 1, 88, 134.70006963085166)
(0, 0, 1, 89, 128.78976728636565)
(0, 0, 1, 90, 152.58674940926804)
(0, 0, 1, 91, 126.85519758895207)
(0, 0, 1, 92, 127.04537217727791)
(0, 0, 1, 93, 123.74787030618974)
(0, 0, 1, 94, 127.77507140604035)
(0, 0, 1, 95, 143.45257425494515)
(0, 0, 1, 96, 136.57381987046375)
(0, 0, 1, 97, 115.84190122001151)
(0, 0, 1, 98, 137.6318412983016)
(0, 0, 1, 99, 127.90323149075536)
(0, 0, 1, 100, 129.94421323056932)
(0, 0, 1, 101, 132.0247607315179)
(0, 0, 1, 102, 143.66839838300086)
(0, 0, 1, 103, 135.60951401647938)
(0, 0, 1, 104, 129.26726206372558)
(0, 0, 1, 105, 123.98097977933337)
(0, 0, 1, 106, 133.84254143998146)
(0, 0, 1, 107, 130.01378983102418)
(0, 0, 1, 108, 127.29280736578663)
(0, 0, 1, 109, 132.53131910341904)
(0, 0, 1, 110, 135.2404357877663)
(0, 0, 1, 111, 124.04239700159117)
(0, 0, 1, 112, 130.88314652560652)
(0, 0, 1, 113, 140.87172867801166)
(0, 0, 1, 114, 133.58207568535073)
(0, 0, 1, 115, 122.49276928452824)
(0, 0, 1, 116, 130.54989011257405)
(0, 0, 1, 117, 138.42090833916401)
(0, 0, 1, 118, 146.87722002891)
(0, 0, 1, 119, 136.66476211774338)
(0, 0, 1, 120, 128.71584027789777)
(0, 0, 1, 121, 125.84083594130615)
(0, 0, 1, 122, 99.97371597667404)
(0, 0, 1, 123, 125.8189583614886)
(0, 0, 1, 124, 128.62171645832734)
(0, 0, 1, 125, 134.87255137497615)
(0, 0, 1, 126, 130.59261066341503)
(0, 0, 1, 127, 138.81511660328383)
(0, 0, 1, 128, 139.30376927386308)
(0, 0, 1, 129, 126.35649417165871)
(0, 0, 1, 130, 119.15147054834057)
(0, 0, 1, 131, 121.80579085771403)
(0, 0, 1, 132, 136.1622658108877)
(0, 0, 1, 133, 137.0799636883979)
(0, 0, 1, 134, 136.68400063528304)
(0, 0, 1, 135, 127.10835899510032)
(0, 0, 1, 136, 124.77059824329703)
(0, 0, 1, 137, 125.83270696710947)
(0, 0, 1, 138, 127.76707387296348)
(0, 0, 1, 139, 133.38891093687928)
(0, 0, 1, 140, 142.9334457525666)
(0, 0, 1, 141, 135.86917350496645)
(0, 0, 1, 142, 124.47156142958795)
(0, 0, 1, 143, 133.67279123576841)
(0, 0, 1, 144, 133.51642849701798)
(0, 0, 1, 145, 123.55946135688983)
(0, 0, 1, 146, 126.77866958850109)
(0, 0, 1, 147, 141.16938643919056)
(0, 0, 1, 148, 131.74316457152167)
(0, 0, 1, 149, 138.3309100726847)
(0, 0, 1, 150, 141.05040116590163)
(0, 0, 1, 151, 146.11833535677326)
(0, 0, 1, 152, 147.21393300184198)
(0, 0, 1, 153, 125.82713590929308)
(0, 0, 1, 154, 134.275212906444)
(0, 0, 1, 155, 131.1904131254315)
(0, 0, 1, 156, 138.76051368722162)
(0, 0, 1, 157, 148.11336322176322)
(0, 0, 1, 158, 124.0841722668932)
(0, 0, 1, 159, 116.85380796908014)
(0, 0, 1, 160, 124.20680305945174)
(0, 0, 1, 161, 135.3761045475521)
(0, 0, 1, 162, 129.07240998573076)
(0, 0, 1, 163, 124.61043447450712)
(0, 0, 1, 164, 132.313021783997)
(0, 0, 1, 165, 137.54148617646635)
(0, 0, 1, 166, 136.32559298560676)
(0, 0, 1, 167, 122.36507757988059)
(0, 0, 1, 168, 131.418133338726)
(0, 0, 1, 169, 126.76012232781254)
(0, 0, 1, 170, 123.36361029667707)
(0, 0, 1, 171, 130.37999786178293)
(0, 0, 1, 172, 120.50623138369828)
(0, 0, 1, 173, 129.8327759990989)
(0, 0, 1, 174, 137.91802937983203)
(0, 0, 1, 175, 136.53311142482946)
(0, 0, 1, 176, 136.32965008767366)
(0, 0, 1, 177, 135.52239271298785)
(0, 0, 1, 178, 128.67913191002395)
(0, 0, 1, 179, 141.55490382054205)
(0, 0, 1, 180, 144.45881617156712)
(0, 0, 1, 181, 122.33330864595382)
(0, 0, 1, 182, 129.1209310805956)
(0, 0, 1, 183, 103.9023032861778)
(0, 0, 1, 184, 129.91070264393292)
(0, 0, 1, 185, 130.8547091616085)
(0, 0, 1, 186, 145.03106049952865)
(0, 0, 1, 187, 127.78227495942845)
(0, 0, 1, 188, 131.90215008102007)
(0, 0, 1, 189, 132.6000256861445)
(0, 0, 1, 190, 110.92266244577749)
(0, 0, 1, 191, 126.88577034972421)
(0, 0, 1, 192, 121.3370563321234)
(0, 0, 1, 193, 125.43980292346602)
(0, 0, 1, 194, 135.27496493018904)
(0, 0, 1, 195, 132.41605679815913)
(0, 0, 1, 196, 129.598227107856)
(0, 0, 1, 197, 139.89230731500086)
(0, 0, 1, 198, 138.94136928351801)
(0, 0, 1, 199, 136.43468333847298)
(0, 0, 1, 200, 131.66608102550728)
(0, 0, 1, 201, 117.1474541850865)
(0, 0, 1, 202, 135.25334667739293)
(0, 0, 1, 203, 132.05698845250723)
(0, 0, 1, 204, 134.64988685413417)
(0, 0, 1, 205, 121.33106389424563)
(0, 0, 1, 206, 143.89601456830707)
(0, 0, 1, 207, 120.56055100595755)
(0, 0, 1, 208, 128.9920531138295)
(0, 0, 1, 209, 145.26503024364936)
(0, 0, 1, 210, 129.24737438242315)
(0, 0, 1, 211, 137.93260506531385)
(0, 0, 1, 212, 132.98010259832725)
(0, 0, 1, 213, 140.8218047275504)
(0, 0, 1, 214, 121.62101553215692)
(0, 0, 1, 215, 130.19893849359738)
(0, 0, 1, 216, 139.94438539618255)
(0, 0, 1, 217, 134.95976965157215)
(0, 0, 1, 218, 118.30351532256559)
(0, 0, 1, 219, 128.2786858525872)
(0, 0, 1, 220, 146.37495040817782)
(0, 0, 1, 221, 137.463579011568)
(0, 0, 1, 222, 131.28905057506904)
(0, 0, 1, 223, 136.94225525541216)
(0, 0, 1, 224, 135.251270589035)
(0, 0, 1, 225, 130.8210896724704)
(0, 0, 1, 226, 131.98591767079284)
(0, 0, 1, 227, 129.6965190006332)
(0, 0, 1, 228, 140.6802861180965)
(0, 0, 1, 229, 123.2377756549514)
(0, 0, 1, 230, 134.92438186630167)
(0, 0, 1, 231, 132.29740949774288)
(0, 0, 1, 232, 139.07060775075018)
(0, 0, 1, 233, 136.27263262518022)
(0, 0, 1, 234, 133.8677199821317)
(0, 0, 1, 235, 140.51033449182032)
(0, 0, 1, 236, 150.40179361701533)
(0, 0, 1, 237, 132.18537103897773)
(0, 0, 1, 238, 128.55901125825076)
(0, 0, 1, 239, 119.8464096681677)
(0, 0, 1, 240, 145.84935566497396)
(0, 0, 1, 241, 134.72031964524348)
(0, 0, 1, 242, 148.97268721547755)
(0, 0, 1, 243, 133.67193341491108)
(0, 0, 1, 244, 133.1509309544713)
(0, 0, 1, 245, 138.57386618130218)
(0, 0, 1, 246, 130.72475011815274)
(0, 0, 1, 247, 120.18868848841471)
(0, 0, 1, 248, 136.73138275103724)
(0, 0, 1, 249, 133.07283261175812)
(0, 1, 0, 0, 303.70805678060356)
(0, 1, 0, 1, 401.80930937456014)
(0, 1, 0, 2, 404.55544195892946)
(0, 1, 0, 3, 272.81691002057346)
(0, 1, 0, 4, 328.0314764732462)
(0, 1, 0, 5, 527.1797278892719)
(0, 1, 0, 6, 360.43496267115137)
(0, 1, 0, 7, 398.83298884393326)
(0, 1, 0, 8, 401.87553924392785)
(0, 1, 0, 9, 283.2958921212551)
(0, 1, 0, 10, 250.94992912900776)
(0, 1, 0, 11, 420.11796648512797)
(0, 1, 0, 12, 381.74308895793575)
(0, 1, 0, 13, 346.47284122984297)
(0, 1, 0, 14, 389.3560575533493)
(0, 1, 0, 15, 432.215716181824)
(0, 1, 0, 16, 430.1524570305816)
(0, 1, 0, 17, 520.6508339727453)
(0, 1, 0, 18, 431.29980911202523)
(0, 1, 0, 19, 392.98531638521183)
(0, 1, 0, 20, 219.81653301239245)
(0, 1, 0, 21, 368.659598258048)
(0, 1, 0, 22, 316.58131259380224)
(0, 1, 0, 23, 375.6121699397269)
(0, 1, 0, 24, 262.53729654463035)
(0, 1, 0, 25, 445.09095351249454)
(0, 1, 0, 26, 339.63046284921563)
(0, 1, 0, 27, 327.96708241570997)
(0, 1, 0, 28, 404.2548277408155)
(0, 1, 0, 29, 358.1213181478622)
(0, 1, 0, 30, 198.52121962595467)
(0, 1, 0, 31, 491.8033668399149)
(0, 1, 0, 32, 501.21710226589533)
(0, 1, 0, 33, 266.52518804746757)
(0, 1, 0, 34, 320.46573255687935)
(0, 1, 0, 35, 324.25769025019343)
(0, 1, 0, 36, 373.10624163491315)
(0, 1, 0, 37, 261.22969969875777)
(0, 1, 0, 38, 345.7979727785053)
(0, 1, 0, 39, 441.34748104994645)
(0, 1, 0, 40, 253.7019628795513)
(0, 1, 0, 41, 450.07615215800325)
(0, 1, 0, 42, 438.90021115499474)
(0, 1, 0, 43, 290.6774031463218)
(0, 1, 0, 44, 424.405854764611)
(0, 1, 0, 45, 442.5146532067118)
(0, 1, 0, 46, 526.7650844986314)
(0, 1, 0, 47, 330.19175794051966)
(0, 1, 0, 48, 248.01761782363377)
(0, 1, 0, 49, 340.22267325260873)
(0, 1, 0, 50, 516.6850032125878)
(0, 1, 0, 51, 253.5939811048539)
(0, 1, 0, 52, 415.65863045199353)
(0, 1, 0, 53, 412.1741629008971)
(0, 1, 0, 54, 246.97715874700697)
(0, 1, 0, 55, 424.58372812023686)
(0, 1, 0, 56, 424.1666224455333)
(0, 1, 0, 57, 360.53897758563903)
(0, 1, 0, 58, 297.2947904755232)
(0, 1, 0, 59, 415.2085258273766)
(0, 1, 0, 60, 499.9184636612835)
(0, 1, 0, 61, 535.6537484862307)
(0, 1, 0, 62, 306.0346928613774)
(0, 1, 0, 63, 350.81608356670523)
(0, 1, 0, 64, 512.7883044618146)
(0, 1, 0, 65, 535.7184719667216)
(0, 1, 0, 66, 243.27868354161814)
(0, 1, 0, 67, 361.5359288413092)
(0, 1, 0, 68, 461.22527657482897)
(0, 1, 0, 69, 222.1038148481826)
(0, 1, 0, 70, 491.76525069219537)
(0, 1, 0, 71, 457.80041304695635)
(0, 1, 0, 72, 482.33500477589723)
(0, 1, 0, 73, 308.7116474371006)
(0, 1, 0, 74, 275.1679935150139)
(0, 1, 0, 75, 279.8957747308291)
(0, 1, 0, 76, 292.15104325024396)
(0, 1, 0, 77, 567.9170790261643)
(0, 1, 0, 78, 452.5999107753662)
(0, 1, 0, 79, 463.1558634150371)
(0, 1, 0, 80, 364.2310145774074)
(0, 1, 0, 81, 341.106501173446)
(0, 1, 0, 82, 260.31649061276596)
(0, 1, 0, 83, 342.92153865343295)
(0, 1, 0, 84, 405.674983731352)
(0, 1, 0, 85, 290.02173017513593)
(0, 1, 0, 86, 422.13522083952364)
(0, 1, 0, 87, 317.30650650008744)
(0, 1, 0, 88, 570.4890910574807)
(0, 1, 0, 89, 550.1813520371697)
(0, 1, 0, 90, 322.5582573966292)
(0, 1, 0, 91, 288.579406585472)
(0, 1, 0, 92, 397.3730081195919)
(0, 1, 0, 93, 401.67407724766457)
(0, 1, 0, 94, 499.2694898555559)
(0, 1, 0, 95, 303.40276129691114)
(0, 1, 0, 96, 277.7483379273332)
(0, 1, 0, 97, 450.47520254312946)
(0, 1, 0, 98, 439.01777978027894)
(0, 1, 0, 99, 526.6920328462655)
(0, 1, 0, 100, 424.8141579928647)
(0, 1, 0, 101, 628.7073376485987)
(0, 1, 0, 102, 310.7772933079579)
(0, 1, 0, 103, 386.9973389911498)
(0, 1, 0, 104, 301.7449488775833)
(0, 1, 0, 105, 511.431893289567)
(0, 1, 0, 106, 505.8046149546147)
(0, 1, 0, 107, 317.0070185774656)
(0, 1, 0, 108, 396.4806550476669)
(0, 1, 0, 109, 398.45782555655364)
(0, 1, 0, 110, 435.669991144081)
(0, 1, 0, 111, 363.327173004792)
(0, 1, 0, 112, 215.4310849823296)
(0, 1, 0, 113, 386.7184901243761)
(0, 1, 0, 114, 517.0967188965737)
(0, 1, 0, 115, 265.8284118238195)
(0, 1, 0, 116, 387.51710270940475)
(0, 1, 0, 117, 358.20016790009663)
(0, 1, 0, 118, 359.9848458452018)
(0, 1, 0, 119, 409.6515360803873)
(0, 1, 0, 120, 320.1779675863493)
(0, 1, 0, 121, 493.60344522585507)
(0, 1, 0, 122, 518.3521328762241)
(0, 1, 0, 123, 312.3481777416118)
(0, 1, 0, 124, 405.064699716126)
(0, 1, 0, 125, 373.74559559335876)
(0, 1, 0, 126, 499.2603453831568)
(0, 1, 0, 127, 261.27109293461297)
(0, 1, 0, 128, 484.3081828499069)
(0, 1, 0, 129, 498.63683844684516)
(0, 1, 0, 130, 337.8645857197333)
(0, 1, 0, 131, 235.81152790870374)
(0, 1, 0, 132, 275.9858572244462)
(0, 1, 0, 133, 377.7407821370632)
(0, 1, 0, 134, 353.95817347982404)
(0, 1, 0, 135, 322.8617572175103)
(0, 1, 0, 136, 302.6969816603389)
(0, 1, 0, 137, 385.18604417795234)
(0, 1, 0, 138, 377.58699096462493)
(0, 1, 0, 139, 448.26943485586156)
(0, 1, 0, 140, 365.5788234902498)
(0, 1, 0, 141, 370.78843502584294)
(0, 1, 0, 142, 224.48461717189642)
(0, 1, 0, 143, 416.46327533227833)
(0, 1, 0, 144, 420.3820460607047)
(0, 1, 0, 145, 240.77101373241433)
(0, 1, 0, 146, 385.74119939980835)
(0, 1, 0, 147, 336.3337044230081)
(0, 1, 0, 148, 434.18915480354224)
(0, 1, 0, 149, 195.75380929455432)
(0, 1, 0, 150, 371.264235715793)
(0, 1, 0, 151, 265.5689442411332)
(0, 1, 0, 152, 513.7351004858531)
(0, 1, 0, 153, 333.8813928272051)
(0, 1, 0, 154, 333.1072381154859)
(0, 1, 0, 155, 496.3409029675199)
(0, 1, 0, 156, 436.701620118361)
(0, 1, 0, 157, 377.16902694451625)
(0, 1, 0, 158, 284.66854804576747)
(0, 1, 0, 159, 510.95717403885493)
(0, 1, 0, 160, 426.72156178254517)
(0, 1, 0, 161, 333.83800450562495)
(0, 1, 0, 162, 367.8581981745073)
(0, 1, 0, 163, 364.36876866161424)
(0, 1, 0, 164, 308.284859296658)
(0, 1, 0, 165, 513.5981825743407)
(0, 1, 0, 166, 342.7890160807002)
(0, 1, 0, 167, 445.28391038550603)
(0, 1, 0, 168, 671.7941767040652)
(0, 1, 0, 169, 350.66341940558067)
(0, 1, 0, 170, 335.8205850453355)
(0, 1, 0, 171, 307.20629730560813)
(0, 1, 0, 172, 404.6027227104159)
(0, 1, 0, 173, 273.9791252655361)
(0, 1, 0, 174, 316.27563320005106)
(0, 1, 0, 175, 461.7561837772155)
(0, 1, 0, 176, 284.6352095544478)
(0, 1, 0, 177, 158.5571292583507)
(0, 1, 0, 178, 373.9898538502598)
(0, 1, 0, 179, 482.53902238749225)
(0, 1, 0, 180, 526.6718964414644)
(0, 1, 0, 181, 240.64259026318675)
(0, 1, 0, 182, 237.46504080859262)
(0, 1, 0, 183, 279.4268823926812)
(0, 1, 0, 184, 324.555471641503)
(0, 1, 0, 185, 283.6877585386149)
(0, 1, 0, 186, 229.09582515246484)
(0, 1, 0, 187, 237.0178416018613)
(0, 1, 0, 188, 352.5756562411576)
(0, 1, 0, 189, 373.9320381160699)
(0, 1, 0, 190, 346.70130754054975)
(0, 1, 0, 191, 303.9361154364158)
(0, 1, 0, 192, 372.77661152081396)
(0, 1, 0, 193, 330.5960979543853)
(0, 1, 0, 194, 448.37712186236035)
(0, 1, 0, 195, 492.2257412221162)
(0, 1, 0, 196, 391.21585331011585)
(0, 1, 0, 197, 320.66912093241086)
(0, 1, 0, 198, 265.4380370033924)
(0, 1, 0, 199, 461.3694384925768)
(0, 1, 0, 200, 564.1531823603311)
(0, 1, 0, 201, 359.92857524027335)
(0, 1, 0, 202, 470.6820455231844)
(0, 1, 0, 203, 468.2013371218624)
(0, 1, 0, 204, 464.17466958886416)
(0, 1, 0, 205, 295.00591347007065)
(0, 1, 0, 206, 396.44483836311974)
(0, 1, 0, 207, 450.55618968876536)
(0, 1, 0, 208, 508.8279508345701)
(0, 1, 0, 209, 306.6677318995108)
(0, 1, 0, 210, 377.1704163682977)
(0, 1, 0, 211, 306.1611439898083)
(0, 1, 0, 212, 189.1270668098328)
(0, 1, 0, 213, 451.62060285678)
(0, 1, 0, 214, 352.14621751909226)
(0, 1, 0, 215, 422.8746512047048)
(0, 1, 0, 216, 419.88177007104576)
(0, 1, 0, 217, 406.7855900744938)
(0, 1, 0, 218, 395.96477618630234)
(0, 1, 0, 219, 272.3318259403295)
(0, 1, 0, 220, 389.2177531082352)
(0, 1, 0, 221, 312.8338091176944)
(0, 1, 0, 222, 418.82763456946907)
(0, 1, 0, 223, 488.5123138885811)
(0, 1, 0, 224, 427.6799444688469)
(0, 1, 0, 225, 389.12542865087784)
(0, 1, 0, 226, 349.10376303295396)
(0, 1, 0, 227, 329.973316244142)
(0, 1, 0, 228, 345.40425331618894)
(0, 1, 0, 229, 464.32869043604256)
(0, 1, 0, 230, 325.3994151775106)
(0, 1, 0, 231, 276.8577232141104)
(0, 1, 0, 232, 334.34620559114614)
(0, 1, 0, 233, 341.89420689601326)
(0, 1, 0, 234, 332.6543920846265)
(0, 1, 0, 235, 448.2765481453499)
(0, 1, 0, 236, 392.10970984347495)
(0, 1, 0, 237, 520.3452120921181)
(0, 1, 0, 238, 450.8749048764035)
(0, 1, 0, 239, 489.8001548224001)
(0, 1, 0, 240, 423.9533196399253)
(0, 1, 0, 241, 418.2787306405017)
(0, 1, 0, 242, 340.14064717952675)
(0, 1, 0, 243, 368.18208046142826)
(0, 1, 0, 244, 390.907939285116)
(0, 1, 0, 245, 335.67210956829723)
(0, 1, 0, 246, 294.05343045506385)
(0, 1, 0, 247, 399.0644374359716)
(0, 1, 0, 248, 340.9086968460631)
(0, 1, 0, 249, 232.4236966729039)
(0, 1, 1, 0, 394.5359213210213)
(0, 1, 1, 1, 347.94221264098945)
(0, 1, 1, 2, 338.3034983993584)
(0, 1, 1, 3, 436.84563579297037)
(0, 1, 1, 4, 323.464346509778)
(0, 1, 1, 5, 400.35283430729453)
(0, 1, 1, 6, 410.77816492432726)
(0, 1, 1, 7, 449.7145651002578)
(0, 1, 1, 8, 296.98030431356284)
(0, 1, 1, 9, 423.1025840494065)
(0, 1, 1, 10, 513.191252968829)
(0, 1, 1, 11, 330.3340047130591)
(0, 1, 1, 12, 257.66067123403104)
(0, 1, 1, 13, 463.17922648851527)
(0, 1, 1, 14, 402.58404614244336)
(0, 1, 1, 15, 345.243886717115)
(0, 1, 1, 16, 396.6239930907673)
(0, 1, 1, 17, 371.9628045763444)
(0, 1, 1, 18, 263.13019292782553)
(0, 1, 1, 19, 332.6144262233048)
(0, 1, 1, 20, 364.19794505140874)
(0, 1, 1, 21, 418.36742887351187)
(0, 1, 1, 22, 424.00853594758354)
(0, 1, 1, 23, 378.58057129878733)
(0, 1, 1, 24, 473.5243693859191)
(0, 1, 1, 25, 355.1761342300194)
(0, 1, 1, 26, 286.74780149127514)
(0, 1, 1, 27, 466.38571294688325)
(0, 1, 1, 28, 483.4740986026104)
(0, 1, 1, 29, 539.3476158095169)
(0, 1, 1, 30, 250.30001232398823)
(0, 1, 1, 31, 403.64145226333244)
(0, 1, 1, 32, 336.9376812781816)
(0, 1, 1, 33, 455.8416495943952)
(0, 1, 1, 34, 431.08447342911785)
(0, 1, 1, 35, 302.9925650035292)
(0, 1, 1, 36, 425.1947963105528)
(0, 1, 1, 37, 321.87247339959737)
(0, 1, 1, 38, 387.60913745748365)
(0, 1, 1, 39, 424.8705196788133)
(0, 1, 1, 40, 453.9578974323488)
(0, 1, 1, 41, 322.18568859068046)
(0, 1, 1, 42, 383.60682130170477)
(0, 1, 1, 43, 427.5499111093074)
(0, 1, 1, 44, 450.4318269921797)
(0, 1, 1, 45, 278.8168208573861)
(0, 1, 1, 46, 455.7574798297957)
(0, 1, 1, 47, 462.0311798049278)
(0, 1, 1, 48, 407.64900613262034)
(0, 1, 1, 49, 413.6409659461446)
(0, 1, 1, 50, 356.90308491730485)
(0, 1, 1, 51, 299.24699602567154)
(0, 1, 1, 52, 304.48231921429925)
(0, 1, 1, 53, 453.7535832140999)
(0, 1, 1, 54, 348.21557854170567)
(0, 1, 1, 55, 511.117642609834)
(0, 1, 1, 56, 425.7998501072293)
(0, 1, 1, 57, 423.74957658349064)
(0, 1, 1, 58, 383.7757748691302)
(0, 1, 1, 59, 389.6936853155391)
(0, 1, 1, 60, 427.65229657803764)
(0, 1, 1, 61, 385.0384506251725)
(0, 1, 1, 62, 301.2377168413381)
(0, 1, 1, 63, 456.0411959770408)
(0, 1, 1, 64, 424.7264143522998)
(0, 1, 1, 65, 354.1738758818718)
(0, 1, 1, 66, 375.1238752958942)
(0, 1, 1, 67, 318.14885765618783)
(0, 1, 1, 68, 469.0278269969625)
(0, 1, 1, 69, 525.5946950187644)
(0, 1, 1, 70, 362.71860422227275)
(0, 1, 1, 71, 352.5261021431976)
(0, 1, 1, 72, 360.3387859471384)
(0, 1, 1, 73, 201.53279260198147)
(0, 1, 1, 74, 438.0080314428826)
(0, 1, 1, 75, 363.17793458182643)
(0, 1, 1, 76, 514.7009854181979)
(0, 1, 1, 77, 345.06430783645885)
(0, 1, 1, 78, 363.7432068419802)
(0, 1, 1, 79, 294.4923626055636)
(0, 1, 1, 80, 352.0512653203509)
(0, 1, 1, 81, 360.829506466372)
(0, 1, 1, 82, 424.95213201455203)
(0, 1, 1, 83, 337.45527677263703)
(0, 1, 1, 84, 241.6326048182081)
(0, 1, 1, 85, 330.2077446848573)
(0, 1, 1, 86, 412.40089695764834)
(0, 1, 1, 87, 458.40511726778306)
(0, 1, 1, 88, 357.0564170961493)
(0, 1, 1, 89, 404.51512065339546)
(0, 1, 1, 90, 450.33528315396234)
(0, 1, 1, 91, 377.84421395517)
(0, 1, 1, 92, 415.0663917889192)
(0, 1, 1, 93, 288.2463931682725)
(0, 1, 1, 94, 401.00951891109605)
(0, 1, 1, 95, 396.11762706056464)
(0, 1, 1, 96, 441.1064440425697)
(0, 1, 1, 97, 290.0790252162788)
(0, 1, 1, 98, 438.3763153151498)
(0, 1, 1, 99, 374.2251995218991)
(0, 1, 1, 100, 371.51464990304885)
(0, 1, 1, 101, 397.9309360624704)
(0, 1, 1, 102, 428.79912377556525)
(0, 1, 1, 103, 431.1585392493879)
(0, 1, 1, 104, 307.13520876525484)
(0, 1, 1, 105, 276.6178144248522)
(0, 1, 1, 106, 341.86041907389927)
(0, 1, 1, 107, 393.94572536084195)
(0, 1, 1, 108, 298.08458967447683)
(0, 1, 1, 109, 446.35608591219267)
(0, 1, 1, 110, 376.1488099667749)
(0, 1, 1, 111, 310.47901381853706)
(0, 1, 1, 112, 339.66497167631735)
(0, 1, 1, 113, 418.3410674074777)
(0, 1, 1, 114, 478.6969199720573)
(0, 1, 1, 115, 298.2814660064666)
(0, 1, 1, 116, 482.77305469400756)
(0, 1, 1, 117, 342.0378103448519)
(0, 1, 1, 118, 426.40645176404377)
(0, 1, 1, 119, 467.7663502227775)
(0, 1, 1, 120, 399.6244825928405)
(0, 1, 1, 121, 424.9165096418344)
(0, 1, 1, 122, 172.85788624739152)
(0, 1, 1, 123, 381.6160669136926)
(0, 1, 1, 124, 334.48645302436)
(0, 1, 1, 125, 403.9677099643609)
(0, 1, 1, 126, 386.79603109671604)
(0, 1, 1, 127, 455.6715440985478)
(0, 1, 1, 128, 445.0168467275821)
(0, 1, 1, 129, 365.6984411670602)
(0, 1, 1, 130, 329.0035991925343)
(0, 1, 1, 131, 373.594023436769)
(0, 1, 1, 132, 346.3774128720806)
(0, 1, 1, 133, 398.86958510508833)
(0, 1, 1, 134, 393.7130559933218)
(0, 1, 1, 135, 359.6134625246844)
(0, 1, 1, 136, 305.6863514960544)
(0, 1, 1, 137, 367.2298105391078)
(0, 1, 1, 138, 395.06791276217587)
(0, 1, 1, 139, 363.61372848343456)
(0, 1, 1, 140, 377.4415948193728)
(0, 1, 1, 141, 372.76429574366625)
(0, 1, 1, 142, 303.6916896911979)
(0, 1, 1, 143, 385.34200083778666)
(0, 1, 1, 144, 391.38986694123236)
(0, 1, 1, 145, 362.68481598580485)
(0, 1, 1, 146, 336.566560834008)
(0, 1, 1, 147, 361.46725706432676)
(0, 1, 1, 148, 394.1852502947598)
(0, 1, 1, 149, 449.0955713086384)
(0, 1, 1, 150, 481.44671471433804)
(0, 1, 1, 151, 416.89206970725394)
(0, 1, 1, 152, 432.9097903920569)
(0, 1, 1, 153, 458.36115059076394)
(0, 1, 1, 154, 404.04778501738934)
(0, 1, 1, 155, 338.57999576823767)
(0, 1, 1, 156, 308.35921576636355)
(0, 1, 1, 157, 470.5471084872057)
(0, 1, 1, 158, 369.53963903825576)
(0, 1, 1, 159, 302.3816993399619)
(0, 1, 1, 160, 328.1173406447595)
(0, 1, 1, 161, 404.18829134039186)
(0, 1, 1, 162, 327.6747013933669)
(0, 1, 1, 163, 335.6659453387254)
(0, 1, 1, 164, 325.2292058348597)
(0, 1, 1, 165, 399.50508857622845)
(0, 1, 1, 166, 369.8675809604044)
(0, 1, 1, 167, 286.53540629638917)
(0, 1, 1, 168, 412.5186504262594)
(0, 1, 1, 169, 258.51060191172013)
(0, 1, 1, 170, 414.17048872935794)
(0, 1, 1, 171, 527.7596831911443)
(0, 1, 1, 172, 271.4865775549755)
(0, 1, 1, 173, 360.4855951556979)
(0, 1, 1, 174, 432.1859227747057)
(0, 1, 1, 175, 425.77182409588295)
(0, 1, 1, 176, 285.97656257531855)
(0, 1, 1, 177, 429.9965411745945)
(0, 1, 1, 178, 381.1091846345779)
(0, 1, 1, 179, 505.18555420755547)
(0, 1, 1, 180, 445.0698311297313)
(0, 1, 1, 181, 251.53561027721585)
(0, 1, 1, 182, 451.4725468633322)
(0, 1, 1, 183, 194.4166633118852)
(0, 1, 1, 184, 289.7289430995789)
(0, 1, 1, 185, 415.27080026887)
(0, 1, 1, 186, 390.07738529506355)
(0, 1, 1, 187, 318.1859379556796)
(0, 1, 1, 188, 373.46135763908563)
(0, 1, 1, 189, 346.5239176094926)
(0, 1, 1, 190, 198.8530309214031)
(0, 1, 1, 191, 309.68061115064313)
(0, 1, 1, 192, 296.11951033216155)
(0, 1, 1, 193, 371.57544539097324)
(0, 1, 1, 194, 400.8177078067373)
(0, 1, 1, 195, 397.74166515842796)
(0, 1, 1, 196, 367.5098823558939)
(0, 1, 1, 197, 370.9887992446608)
(0, 1, 1, 198, 426.03444737596436)
(0, 1, 1, 199, 348.17803378950697)
(0, 1, 1, 200, 343.16178150295656)
(0, 1, 1, 201, 281.08851946631023)
(0, 1, 1, 202, 431.8159722106576)
(0, 1, 1, 203, 410.0668942475135)
(0, 1, 1, 204, 387.7996098434267)
(0, 1, 1, 205, 299.40028201378334)
(0, 1, 1, 206, 467.5786960435186)
(0, 1, 1, 207, 302.0320852378666)
(0, 1, 1, 208, 355.84608055648573)
(0, 1, 1, 209, 400.1115943508771)
(0, 1, 1, 210, 388.36390388855943)
(0, 1, 1, 211, 455.2347651625026)
(0, 1, 1, 212, 381.51609047944464)
(0, 1, 1, 213, 381.315836595562)
(0, 1, 1, 214, 334.60294406187717)
(0, 1, 1, 215, 429.09967109536626)
(0, 1, 1, 216, 358.4037422383032)
(0, 1, 1, 217, 440.8287583930657)
(0, 1, 1, 218, 242.44797817041032)
(0, 1, 1, 219, 418.70110900942973)
(0, 1, 1, 220, 540.8157888151611)
(0, 1, 1, 221, 419.27719381978847)
(0, 1, 1, 222, 460.44396642640567)
(0, 1, 1, 223, 434.0291358374621)
(0, 1, 1, 224, 391.8892931430637)
(0, 1, 1, 225, 439.60059600654984)
(0, 1, 1, 226, 383.1936271671733)
(0, 1, 1, 227, 350.00109666788404)
(0, 1, 1, 228, 355.2594164639273)
(0, 1, 1, 229, 305.1950633125024)
(0, 1, 1, 230, 405.1547491915642)
(0, 1, 1, 231, 391.1174342116263)
(0, 1, 1, 232, 433.90228937014604)
(0, 1, 1, 233, 396.8713588355643)
(0, 1, 1, 234, 418.31110194945796)
(0, 1, 1, 235, 406.1982038683737)
(0, 1, 1, 236, 501.9610360142274)
(0, 1, 1, 237, 384.4901338116009)
(0, 1, 1, 238, 386.5457828792291)
(0, 1, 1, 239, 323.22527217528784)
(0, 1, 1, 240, 425.4145573546748)
(0, 1, 1, 241, 455.3366621953807)
(0, 1, 1, 242, 459.39568671881045)
(0, 1, 1, 243, 366.7258508735408)
(0, 1, 1, 244, 519.5757102519582)
(0, 1, 1, 245, 491.41232068448477)
(0, 1, 1, 246, 367.8116910383916)
(0, 1, 1, 247, 253.80924724142005)
(0, 1, 1, 248, 378.4851573668033)
(0, 1, 1, 249, 419.11564483016474)
(0, 2, 0, 0, 414.1561825469972)
(0, 2, 0, 1, 593.1219284979217)
(0, 2, 0, 2, 539.182456323479)
(0, 2, 0, 3, 426.1535698218441)
(0, 2, 0, 4, 489.04466302407434)
(0, 2, 0, 5, 619.6913223105362)
(0, 2, 0, 6, 424.2016908314469)
(0, 2, 0, 7, 524.7073905238011)
(0, 2, 0, 8, 602.9504907155547)
(0, 2, 0, 9, 418.6197658963623)
(0, 2, 0, 10, 333.40336509083596)
(0, 2, 0, 11, 487.9975140063564)
(0, 2, 0, 12, 656.9029285432844)
(0, 2, 0, 13, 383.9405650494584)
(0, 2, 0, 14, 496.7123456777883)
(0, 2, 0, 15, 513.7694562242111)
(0, 2, 0, 16, 592.5231640827897)
(0, 2, 0, 17, 759.1355125935783)
(0, 2, 0, 18, 752.3622489261861)
(0, 2, 0, 19, 520.5389184182557)
(0, 2, 0, 20, 402.430753002731)
(0, 2, 0, 21, 505.0602470600572)
(0, 2, 0, 22, 355.87899089733014)
(0, 2, 0, 23, 518.8812012759162)
(0, 2, 0, 24, 432.3632071535704)
(0, 2, 0, 25, 571.2292664826886)
(0, 2, 0, 26, 493.48806160931)
(0, 2, 0, 27, 470.25664050851526)
(0, 2, 0, 28, 606.8222366757115)
(0, 2, 0, 29, 507.71133681543296)
(0, 2, 0, 30, 376.64585346610994)
(0, 2, 0, 31, 658.7285112891019)
(0, 2, 0, 32, 701.6241263725625)
(0, 2, 0, 33, 368.28722828453476)
(0, 2, 0, 34, 468.4058235323623)
(0, 2, 0, 35, 508.2937781087168)
(0, 2, 0, 36, 384.9671352704606)
(0, 2, 0, 37, 373.27667357882433)
(0, 2, 0, 38, 418.58159724093804)
(0, 2, 0, 39, 517.5401197236924)
(0, 2, 0, 40, 340.65519899700905)
(0, 2, 0, 41, 590.6109830090743)
(0, 2, 0, 42, 595.1226511768534)
(0, 2, 0, 43, 425.06075454649505)
(0, 2, 0, 44, 475.1393841861656)
(0, 2, 0, 45, 538.8404877886768)
(0, 2, 0, 46, 731.9827931810995)
(0, 2, 0, 47, 492.545833931663)
(0, 2, 0, 48, 341.6435987892279)
(0, 2, 0, 49, 428.267074253552)
(0, 2, 0, 50, 826.8622604630324)
(0, 2, 0, 51, 426.63774907023924)
(0, 2, 0, 52, 567.3265106630624)
(0, 2, 0, 53, 609.0777356636746)
(0, 2, 0, 54, 364.3302489110569)
(0, 2, 0, 55, 484.50518776690456)
(0, 2, 0, 56, 633.8676766079808)
(0, 2, 0, 57, 469.05923124148256)
(0, 2, 0, 58, 384.60602944828923)
(0, 2, 0, 59, 620.6609816579454)
(0, 2, 0, 60, 862.8138188637898)
(0, 2, 0, 61, 668.1067299597116)
(0, 2, 0, 62, 394.09114692009746)
(0, 2, 0, 63, 472.56899821434655)
(0, 2, 0, 64, 718.3096789358506)
(0, 2, 0, 65, 643.1616418539793)
(0, 2, 0, 66, 331.9623746500594)
(0, 2, 0, 67, 493.11881367004446)
(0, 2, 0, 68, 592.6204981171936)
(0, 2, 0, 69, 360.66050656678436)
(0, 2, 0, 70, 636.3409935892342)
(0, 2, 0, 71, 551.585728559519)
(0, 2, 0, 72, 639.9662245848044)
(0, 2, 0, 73, 512.477089158957)
(0, 2, 0, 74, 424.210382456271)
(0, 2, 0, 75, 502.01554912316993)
(0, 2, 0, 76, 335.1529513478466)
(0, 2, 0, 77, 680.527640752188)
(0, 2, 0, 78, 611.0901049428991)
(0, 2, 0, 79, 560.0061307457147)
(0, 2, 0, 80, 588.7859806985253)
(0, 2, 0, 81, 585.7995555136006)
(0, 2, 0, 82, 308.70352938481153)
(0, 2, 0, 83, 524.2405361089884)
(0, 2, 0, 84, 466.4100429085799)
(0, 2, 0, 85, 558.4764146591968)
(0, 2, 0, 86, 545.8027008053789)
(0, 2, 0, 87, 427.92327655393314)
(0, 2, 0, 88, 890.922221166668)
(0, 2, 0, 89, 747.8125850593611)
(0, 2, 0, 90, 496.7230463185658)
(0, 2, 0, 91, 296.97059926020955)
(0, 2, 0, 92, 576.1885868498746)
(0, 2, 0, 93, 522.2563353211212)
(0, 2, 0, 94, 651.6861810524791)
(0, 2, 0, 95, 352.50004615550034)
(0, 2, 0, 96, 366.59386815808585)
(0, 2, 0, 97, 716.1177763209403)
(0, 2, 0, 98, 587.4841206425665)
(0, 2, 0, 99, 665.9032766443604)
(0, 2, 0, 100, 705.0535125609023)
(0, 2, 0, 101, 842.3379449962856)
(0, 2, 0, 102, 430.79356664292635)
(0, 2, 0, 103, 480.43008521484)
(0, 2, 0, 104, 553.4910874304946)
(0, 2, 0, 105, 610.1885807786233)
(0, 2, 0, 106, 720.9305066669901)
(0, 2, 0, 107, 539.4692060683147)
(0, 2, 0, 108, 521.9255758837531)
(0, 2, 0, 109, 542.603337011783)
(0, 2, 0, 110, 708.3274296090442)
(0, 2, 0, 111, 520.1522841657043)
(0, 2, 0, 112, 333.6904151849415)
(0, 2, 0, 113, 520.9268544817029)
(0, 2, 0, 114, 626.6946889162481)
(0, 2, 0, 115, 309.55629679843764)
(0, 2, 0, 116, 566.5685876642361)
(0, 2, 0, 117, 495.25309233737244)
(0, 2, 0, 118, 545.3134795556091)
(0, 2, 0, 119, 541.3139587043618)
(0, 2, 0, 120, 549.4495385874447)
(0, 2, 0, 121, 680.8822927316426)
(0, 2, 0, 122, 694.2525799481448)
(0, 2, 0, 123, 358.7327843269095)
(0, 2, 0, 124, 571.5539221900907)
(0, 2, 0, 125, 425.4309614340613)
(0, 2, 0, 126, 724.6133139570226)
(0, 2, 0, 127, 411.57296319943714)
(0, 2, 0, 128, 639.1648207150978)
(0, 2, 0, 129, 621.4571096244512)
(0, 2, 0, 130, 472.3176573527685)
(0, 2, 0, 131, 365.3363285053586)
(0, 2, 0, 132, 345.1634852377512)
(0, 2, 0, 133, 593.2750133135924)
(0, 2, 0, 134, 498.7959488171794)
(0, 2, 0, 135, 425.27647720409163)
(0, 2, 0, 136, 496.55829858213013)
(0, 2, 0, 137, 503.58414234267576)
(0, 2, 0, 138, 542.3079904734745)
(0, 2, 0, 139, 571.6129258385157)
(0, 2, 0, 140, 441.67994317602256)
(0, 2, 0, 141, 522.4092424182296)
(0, 2, 0, 142, 372.84721570596736)
(0, 2, 0, 143, 550.6322438755757)
(0, 2, 0, 144, 562.4076948237038)
(0, 2, 0, 145, 344.35063838816484)
(0, 2, 0, 146, 495.39554947504917)
(0, 2, 0, 147, 517.345636680222)
(0, 2, 0, 148, 558.8705397229717)
(0, 2, 0, 149, 338.47309306485323)
(0, 2, 0, 150, 533.1952117628283)
(0, 2, 0, 151, 405.99202166042147)
(0, 2, 0, 152, 609.3295864922658)
(0, 2, 0, 153, 560.1324884252405)
(0, 2, 0, 154, 433.4508296322826)
(0, 2, 0, 155, 730.9535051374068)
(0, 2, 0, 156, 587.1279943106264)
(0, 2, 0, 157, 505.4826465228794)
(0, 2, 0, 158, 330.8819392510936)
(0, 2, 0, 159, 675.4770002741154)
(0, 2, 0, 160, 576.9449581557785)
(0, 2, 0, 161, 474.9431302002622)
(0, 2, 0, 162, 569.8375770998189)
(0, 2, 0, 163, 508.0782477021861)
(0, 2, 0, 164, 467.5725473750349)
(0, 2, 0, 165, 710.2428817701076)
(0, 2, 0, 166, 471.57641426294634)
(0, 2, 0, 167, 505.0157299577827)
(0, 2, 0, 168, 766.7507798032185)
(0, 2, 0, 169, 450.1307521496212)
(0, 2, 0, 170, 434.30188716466165)
(0, 2, 0, 171, 390.8954588542063)
(0, 2, 0, 172, 613.6843338225982)
(0, 2, 0, 173, 406.4682475088856)
(0, 2, 0, 174, 458.330487650072)
(0, 2, 0, 175, 661.8671786044615)
(0, 2, 0, 176, 501.30213592691166)
(0, 2, 0, 177, 305.1806395337434)
(0, 2, 0, 178, 464.45534538356895)
(0, 2, 0, 179, 582.1773768382543)
(0, 2, 0, 180, 721.192542844573)
(0, 2, 0, 181, 401.37002036732247)
(0, 2, 0, 182, 394.9659168851909)
(0, 2, 0, 183, 384.5415594122241)
(0, 2, 0, 184, 457.47661762091843)
(0, 2, 0, 185, 452.1699625523576)
(0, 2, 0, 186, 330.09833356812084)
(0, 2, 0, 187, 295.0318018076322)
(0, 2, 0, 188, 510.8895742591848)
(0, 2, 0, 189, 459.5721435042723)
(0, 2, 0, 190, 437.20863197057525)
(0, 2, 0, 191, 577.0374537708881)
(0, 2, 0, 192, 443.05985077416005)
(0, 2, 0, 193, 474.7044857212226)
(0, 2, 0, 194, 734.8071637294245)
(0, 2, 0, 195, 667.7848453187171)
(0, 2, 0, 196, 555.9153278297463)
(0, 2, 0, 197, 396.89710375848085)
(0, 2, 0, 198, 377.2971831192168)
(0, 2, 0, 199, 624.7590515260962)
(0, 2, 0, 200, 805.7445392510684)
(0, 2, 0, 201, 493.15335688989825)
(0, 2, 0, 202, 563.7475212299817)
(0, 2, 0, 203, 554.5380628249022)
(0, 2, 0, 204, 703.3994686392057)
(0, 2, 0, 205, 410.4016053061821)
(0, 2, 0, 206, 439.7408435959283)
(0, 2, 0, 207, 668.9023317829003)
(0, 2, 0, 208, 729.235224703375)
(0, 2, 0, 209, 492.4007516872597)
(0, 2, 0, 210, 582.4481058754121)
(0, 2, 0, 211, 334.03819214765036)
(0, 2, 0, 212, 239.0010761971777)
(0, 2, 0, 213, 515.3016097372828)
(0, 2, 0, 214, 601.4577000676305)
(0, 2, 0, 215, 618.3804468377318)
(0, 2, 0, 216, 552.0262628629538)
(0, 2, 0, 217, 698.5023826897485)
(0, 2, 0, 218, 471.0320201514401)
(0, 2, 0, 219, 409.0795982244566)
(0, 2, 0, 220, 629.8424458512492)
(0, 2, 0, 221, 383.4942593951437)
(0, 2, 0, 222, 556.4981319627724)
(0, 2, 0, 223, 673.5132083115434)
(0, 2, 0, 224, 504.4838431225727)
(0, 2, 0, 225, 591.9240586946497)
(0, 2, 0, 226, 459.80323364380206)
(0, 2, 0, 227, 441.8501531124822)
(0, 2, 0, 228, 519.2354453558551)
(0, 2, 0, 229, 604.9780540968568)
(0, 2, 0, 230, 424.2542266011101)
(0, 2, 0, 231, 418.6547083725381)
(0, 2, 0, 232, 464.85584055628783)
(0, 2, 0, 233, 431.4856460782003)
(0, 2, 0, 234, 445.1024065704633)
(0, 2, 0, 235, 592.4004671296395)
(0, 2, 0, 236, 515.4339275233485)
(0, 2, 0, 237, 799.2225570879206)
(0, 2, 0, 238, 622.7518144837035)
(0, 2, 0, 239, 626.5965647476521)
(0, 2, 0, 240, 640.4544746572705)
(0, 2, 0, 241, 552.1985314623114)
(0, 2, 0, 242, 554.0566676449874)
(0, 2, 0, 243, 476.0041806427657)
(0, 2, 0, 244, 628.4354664204517)
(0, 2, 0, 245, 570.8108087669159)
(0, 2, 0, 246, 396.698723240797)
(0, 2, 0, 247, 476.4059126498934)
(0, 2, 0, 248, 422.2063775002691)
(0, 2, 0, 249, 391.622309383336)
(0, 2, 1, 0, 450.8707248793935)
(0, 2, 1, 1, 600.126338986267)
(0, 2, 1, 2, 488.8011189550762)
(0, 2, 1, 3, 780.6842546811713)
(0, 2, 1, 4, 638.6576600010262)
(0, 2, 1, 5, 669.2371398667563)
(0, 2, 1, 6, 903.1250540783565)
(0, 2, 1, 7, 1133.6183859614346)
(0, 2, 1, 8, 512.419436717858)
(0, 2, 1, 9, 770.6316802220086)
(0, 2, 1, 10, 1072.3202155895071)
(0, 2, 1, 11, 718.3262920877168)
(0, 2, 1, 12, 520.4320868732852)
(0, 2, 1, 13, 947.026374483886)
(0, 2, 1, 14, 958.7275945488002)
(0, 2, 1, 15, 741.5935152517119)
(0, 2, 1, 16, 999.5502153281129)
(0, 2, 1, 17, 424.844078435058)
(0, 2, 1, 18, 329.76988547029305)
(0, 2, 1, 19, 430.38748304281495)
(0, 2, 1, 20, 788.0092872432958)
(0, 2, 1, 21, 577.4456655083667)
(0, 2, 1, 22, 501.0770542547165)
(0, 2, 1, 23, 821.0241357730708)
(0, 2, 1, 24, 988.0848324143828)
(0, 2, 1, 25, 570.7848013972203)
(0, 2, 1, 26, 479.11766010093504)
(0, 2, 1, 27, 798.1173395143124)
(0, 2, 1, 28, 814.1401937156578)
(0, 2, 1, 29, 806.7777337403105)
(0, 2, 1, 30, 474.9164119394149)
(0, 2, 1, 31, 668.9186415549235)
(0, 2, 1, 32, 508.2676452807862)
(0, 2, 1, 33, 679.1779010852492)
(0, 2, 1, 34, 985.2017794162581)
(0, 2, 1, 35, 502.2529842765295)
(0, 2, 1, 36, 593.5944520867689)
(0, 2, 1, 37, 776.411931226063)
(0, 2, 1, 38, 594.701314050587)
(0, 2, 1, 39, 1086.6725879316864)
(0, 2, 1, 40, 937.177007031006)
(0, 2, 1, 41, 692.4074201854944)
(0, 2, 1, 42, 606.4210225594318)
(0, 2, 1, 43, 639.3545061640096)
(0, 2, 1, 44, 932.1537968454311)
(0, 2, 1, 45, 591.7375623856569)
(0, 2, 1, 46, 578.1551489066214)
(0, 2, 1, 47, 956.6796173383684)
(0, 2, 1, 48, 622.5211423806769)
(0, 2, 1, 49, 486.61861333218627)
(0, 2, 1, 50, 486.9022706037945)
(0, 2, 1, 51, 588.7676622550372)
(0, 2, 1, 52, 739.2467877314057)
(0, 2, 1, 53, 597.0359252317942)
(0, 2, 1, 54, 519.542581440183)
(0, 2, 1, 55, 872.0713940042706)
(0, 2, 1, 56, 750.9894262095648)
(0, 2, 1, 57, 1058.0733082261083)
(0, 2, 1, 58, 830.6039901777114)
(0, 2, 1, 59, 1008.0273000581624)
(0, 2, 1, 60, 772.3563892482243)
(0, 2, 1, 61, 759.6739986198638)
(0, 2, 1, 62, 705.1620806356517)
(0, 2, 1, 63, 797.1928641182718)
(0, 2, 1, 64, 871.3995366232043)
(0, 2, 1, 65, 535.071846684847)
(0, 2, 1, 66, 868.6147980271575)
(0, 2, 1, 67, 428.44140431182495)
(0, 2, 1, 68, 1063.957555707158)
(0, 2, 1, 69, 1258.6970955831173)
(0, 2, 1, 70, 669.4362573246556)
(0, 2, 1, 71, 469.6426796392015)
(0, 2, 1, 72, 678.0667059534666)
(0, 2, 1, 73, 360.39315221083933)
(0, 2, 1, 74, 972.9877189286102)
(0, 2, 1, 75, 927.6441799134665)
(0, 2, 1, 76, 660.5613256349511)
(0, 2, 1, 77, 680.5668740067607)
(0, 2, 1, 78, 611.7461212399688)
(0, 2, 1, 79, 650.9579889677955)
(0, 2, 1, 80, 388.90542657906354)
(0, 2, 1, 81, 672.5793948422158)
(0, 2, 1, 82, 716.5326872748619)
(0, 2, 1, 83, 673.8846218547642)
(0, 2, 1, 84, 433.2006867636081)
(0, 2, 1, 85, 466.2915315301887)
(0, 2, 1, 86, 1057.209963913458)
(0, 2, 1, 87, 540.4906656279121)
(0, 2, 1, 88, 728.5491241955192)
(0, 2, 1, 89, 611.1134976036672)
(0, 2, 1, 90, 867.5673870362473)
(0, 2, 1, 91, 622.8786291697431)
(0, 2, 1, 92, 935.7221909528494)
(0, 2, 1, 93, 631.8545841355512)
(0, 2, 1, 94, 469.58655608825467)
(0, 2, 1, 95, 1065.2258962398116)
(0, 2, 1, 96, 747.0677816733325)
(0, 2, 1, 97, 394.85826808071425)
(0, 2, 1, 98, 809.1542845338055)
(0, 2, 1, 99, 694.989426929929)
(0, 2, 1, 100, 762.2747206887678)
(0, 2, 1, 101, 504.4077968100616)
(0, 2, 1, 102, 1018.77664379621)
(0, 2, 1, 103, 1055.1078516976058)
(0, 2, 1, 104, 736.5405494693551)
(0, 2, 1, 105, 407.58885508993296)
(0, 2, 1, 106, 803.45502208215)
(0, 2, 1, 107, 708.8722198686952)
(0, 2, 1, 108, 542.9284188590398)
(0, 2, 1, 109, 1075.4217157762903)
(0, 2, 1, 110, 910.5194526158042)
(0, 2, 1, 111, 738.5175496599383)
(0, 2, 1, 112, 892.5347063964625)
(0, 2, 1, 113, 857.5898555010777)
(0, 2, 1, 114, 1116.3207658525541)
(0, 2, 1, 115, 460.1361170715922)
(0, 2, 1, 116, 786.9043999997339)
(0, 2, 1, 117, 789.8770780203861)
(0, 2, 1, 118, 946.8415724204799)
(0, 2, 1, 119, 1062.7404480146315)
(0, 2, 1, 120, 878.0122199361668)
(0, 2, 1, 121, 837.3262728805336)
(0, 2, 1, 122, 369.67777008436866)
(0, 2, 1, 123, 897.6167503293042)
(0, 2, 1, 124, 753.6644220512858)
(0, 2, 1, 125, 581.6547246032877)
(0, 2, 1, 126, 467.2891777206249)
(0, 2, 1, 127, 777.4849505550424)
(0, 2, 1, 128, 690.3751361613316)
(0, 2, 1, 129, 794.9673200997644)
(0, 2, 1, 130, 465.55600036409976)
(0, 2, 1, 131, 792.9654434397223)
(0, 2, 1, 132, 845.8159033215485)
(0, 2, 1, 133, 971.8139059011164)
(0, 2, 1, 134, 835.1001291360241)
(0, 2, 1, 135, 529.520374389091)
(0, 2, 1, 136, 697.945090882435)
(0, 2, 1, 137, 773.3187445511905)
(0, 2, 1, 138, 702.4464152087584)
(0, 2, 1, 139, 607.2489794681368)
(0, 2, 1, 140, 888.6212055957636)
(0, 2, 1, 141, 827.8260838750438)
(0, 2, 1, 142, 475.6992294184162)
(0, 2, 1, 143, 1013.5556276244187)
(0, 2, 1, 144, 984.6751112129062)
(0, 2, 1, 145, 478.74381663032773)
(0, 2, 1, 146, 382.1674143541438)
(0, 2, 1, 147, 628.5930457018953)
(0, 2, 1, 148, 902.1888130851237)
(0, 2, 1, 149, 680.0710064332198)
(0, 2, 1, 150, 980.9393550006736)
(0, 2, 1, 151, 917.2801813337516)
(0, 2, 1, 152, 1056.2293921343605)
(0, 2, 1, 153, 791.7135777283423)
(0, 2, 1, 154, 889.3087979957103)
(0, 2, 1, 155, 797.0022544216389)
(0, 2, 1, 156, 421.66757943952405)
(0, 2, 1, 157, 1193.9675394355604)
(0, 2, 1, 158, 935.7018220960149)
(0, 2, 1, 159, 646.9351253919089)
(0, 2, 1, 160, 707.4162981948125)
(0, 2, 1, 161, 998.5031798114419)
(0, 2, 1, 162, 757.5465240816816)
(0, 2, 1, 163, 631.1870402902903)
(0, 2, 1, 164, 443.52490846699254)
(0, 2, 1, 165, 678.6212167974213)
(0, 2, 1, 166, 832.164971867854)
(0, 2, 1, 167, 506.69921787138026)
(0, 2, 1, 168, 819.9870884866895)
(0, 2, 1, 169, 483.4114277324276)
(0, 2, 1, 170, 876.184664858069)
(0, 2, 1, 171, 886.0184536847612)
(0, 2, 1, 172, 404.51415872602104)
(0, 2, 1, 173, 830.0286203367423)
(0, 2, 1, 174, 519.4708974900896)
(0, 2, 1, 175, 1090.8922530837513)
(0, 2, 1, 176, 558.656322398174)
(0, 2, 1, 177, 1058.689974695158)
(0, 2, 1, 178, 760.5633638592954)
(0, 2, 1, 179, 596.0221284154961)
(0, 2, 1, 180, 1200.7222257512346)
(0, 2, 1, 181, 511.7116435539859)
(0, 2, 1, 182, 829.4905047396113)
(0, 2, 1, 183, 338.15960137293666)
(0, 2, 1, 184, 649.4336959704344)
(0, 2, 1, 185, 679.3686461855302)
(0, 2, 1, 186, 781.866915424034)
(0, 2, 1, 187, 573.0653831138383)
(0, 2, 1, 188, 637.9577535493421)
(0, 2, 1, 189, 845.9410968498512)
(0, 2, 1, 190, 350.6472382308119)
(0, 2, 1, 191, 443.81320574504616)
(0, 2, 1, 192, 716.3666226056989)
(0, 2, 1, 193, 542.8929679318644)
(0, 2, 1, 194, 840.0698885631153)
(0, 2, 1, 195, 439.40311216164866)
(0, 2, 1, 196, 677.8709703184563)
(0, 2, 1, 197, 723.1208174896092)
(0, 2, 1, 198, 722.0087628608508)
(0, 2, 1, 199, 462.6383794245723)
(0, 2, 1, 200, 608.6686116442162)
(0, 2, 1, 201, 602.4402674191845)
(0, 2, 1, 202, 1044.815985977746)
(0, 2, 1, 203, 938.6608253576609)
(0, 2, 1, 204, 924.1412802865923)
(0, 2, 1, 205, 591.8164346843334)
(0, 2, 1, 206, 1054.3947528384563)
(0, 2, 1, 207, 555.1421274592474)
(0, 2, 1, 208, 733.9704567937514)
(0, 2, 1, 209, 510.0431138370449)
(0, 2, 1, 210, 700.0006823494307)
(0, 2, 1, 211, 513.8677363544783)
(0, 2, 1, 212, 623.9355052630467)
(0, 2, 1, 213, 892.0362170040142)
(0, 2, 1, 214, 765.4088451114077)
(0, 2, 1, 215, 763.7032070048838)
(0, 2, 1, 216, 886.971003292802)
(0, 2, 1, 217, 766.2187754737188)
(0, 2, 1, 218, 407.61733738019063)
(0, 2, 1, 219, 800.2992686048691)
(0, 2, 1, 220, 1336.0723997069026)
(0, 2, 1, 221, 918.0668632986042)
(0, 2, 1, 222, 1099.556324371581)
(0, 2, 1, 223, 825.979974904134)
(0, 2, 1, 224, 877.10728387316)
(0, 2, 1, 225, 1099.5522845475607)
(0, 2, 1, 226, 936.7785068611543)
(0, 2, 1, 227, 637.6809418986422)
(0, 2, 1, 228, 862.6706772918872)
(0, 2, 1, 229, 703.2602214814536)
(0, 2, 1, 230, 476.9619323786485)
(0, 2, 1, 231, 964.253543078825)
(0, 2, 1, 232, 961.7617220841215)
(0, 2, 1, 233, 540.3176371044885)
(0, 2, 1, 234, 503.7339837437187)
(0, 2, 1, 235, 785.0561181121172)
(0, 2, 1, 236, 1002.8111672680119)
(0, 2, 1, 237, 1005.7440524550325)
(0, 2, 1, 238, 888.0823737465354)
(0, 2, 1, 239, 623.0246520199672)
(0, 2, 1, 240, 978.4850216895763)
(0, 2, 1, 241, 840.0512645083918)
(0, 2, 1, 242, 1128.095636029176)
(0, 2, 1, 243, 559.1706016503557)
(0, 2, 1, 244, 1019.5136935489578)
(0, 2, 1, 245, 1016.1092021715953)
(0, 2, 1, 246, 487.57803779851906)
(0, 2, 1, 247, 529.9108215760497)
(0, 2, 1, 248, 885.7959486519314)
(0, 2, 1, 249, 482.7005657749462)
(0, 3, 0, 0, 492.0087638530834)
(0, 3, 0, 1, 783.3284226253127)
(0, 3, 0, 2, 629.8449287653212)
(0, 3, 0, 3, 563.700003019645)
(0, 3, 0, 4, 482.5786685052022)
(0, 3, 0, 5, 738.2902967510123)
(0, 3, 0, 6, 442.3701523038828)
(0, 3, 0, 7, 537.6357134273389)
(0, 3, 0, 8, 684.3947615651368)
(0, 3, 0, 9, 694.1226447203137)
(0, 3, 0, 10, 431.153848032116)
(0, 3, 0, 11, 662.0540586742864)
(0, 3, 0, 12, 741.6988688803733)
(0, 3, 0, 13, 600.4042994635055)
(0, 3, 0, 14, 649.4501208878381)
(0, 3, 0, 15, 663.105605943746)
(0, 3, 0, 16, 613.45205282447)
(0, 3, 0, 17, 851.3154081506183)
(0, 3, 0, 18, 855.310209519599)
(0, 3, 0, 19, 519.2627554417534)
(0, 3, 0, 20, 421.4034900852024)
(0, 3, 0, 21, 736.3752708416127)
(0, 3, 0, 22, 530.2886577453593)
(0, 3, 0, 23, 796.9614086201284)
(0, 3, 0, 24, 593.5066353470004)
(0, 3, 0, 25, 595.0650161675267)
(0, 3, 0, 26, 629.2110279126545)
(0, 3, 0, 27, 467.2043248469027)
(0, 3, 0, 28, 619.6137446582856)
(0, 3, 0, 29, 593.530715865079)
(0, 3, 0, 30, 475.60473284940537)
(0, 3, 0, 31, 809.6284310501933)
(0, 3, 0, 32, 721.9543086416369)
(0, 3, 0, 33, 391.2488962573462)
(0, 3, 0, 34, 557.2834103320828)
(0, 3, 0, 35, 572.9419643004017)
(0, 3, 0, 36, 464.5734153584741)
(0, 3, 0, 37, 373.763797716674)
(0, 3, 0, 38, 602.6953084912221)
(0, 3, 0, 39, 615.4167290515813)
(0, 3, 0, 40, 498.951850393398)
(0, 3, 0, 41, 666.0499040396166)
(0, 3, 0, 42, 769.2767599373575)
(0, 3, 0, 43, 563.6102988293986)
(0, 3, 0, 44, 591.6150802387799)
(0, 3, 0, 45, 705.12266322772)
(0, 3, 0, 46, 759.7280704458168)
(0, 3, 0, 47, 515.6037946273269)
(0, 3, 0, 48, 507.3304156573012)
(0, 3, 0, 49, 648.4407383731107)
(0, 3, 0, 50, 922.5359361538974)
(0, 3, 0, 51, 455.63696176639587)
(0, 3, 0, 52, 610.108402614498)
(0, 3, 0, 53, 668.4317234673683)
(0, 3, 0, 54, 539.8217336536517)
(0, 3, 0, 55, 754.9483190568775)
(0, 3, 0, 56, 696.7875617910271)
(0, 3, 0, 57, 593.3263823644338)
(0, 3, 0, 58, 679.0193253925255)
(0, 3, 0, 59, 659.657826147962)
(0, 3, 0, 60, 857.2394472821313)
(0, 3, 0, 61, 941.0601009698149)
(0, 3, 0, 62, 483.6686614405115)
(0, 3, 0, 63, 494.6534146000302)
(0, 3, 0, 64, 892.6881528888249)
(0, 3, 0, 65, 769.5454181812844)
(0, 3, 0, 66, 352.7679562729449)
(0, 3, 0, 67, 626.9055886542621)
(0, 3, 0, 68, 680.5126506486691)
(0, 3, 0, 69, 391.94718316302794)
(0, 3, 0, 70, 746.6388836467897)
(0, 3, 0, 71, 739.6651440440007)
(0, 3, 0, 72, 787.3358786003661)
(0, 3, 0, 73, 650.6686378564084)
(0, 3, 0, 74, 562.3691240406396)
(0, 3, 0, 75, 621.1031645655346)
(0, 3, 0, 76, 486.9836600041662)
(0, 3, 0, 77, 774.0013204875405)
(0, 3, 0, 78, 651.2387596365568)
(0, 3, 0, 79, 646.8203150754631)
(0, 3, 0, 80, 574.1521216015326)
(0, 3, 0, 81, 664.0672115790038)
(0, 3, 0, 82, 488.35508830423674)
(0, 3, 0, 83, 576.4302313595546)
(0, 3, 0, 84, 528.9574781195632)
(0, 3, 0, 85, 494.9397192122462)
(0, 3, 0, 86, 691.8969758005999)
(0, 3, 0, 87, 518.5376848422628)
(0, 3, 0, 88, 1055.9049950420263)
(0, 3, 0, 89, 763.7217015063395)
(0, 3, 0, 90, 678.6465200054545)
(0, 3, 0, 91, 430.6249440036174)
(0, 3, 0, 92, 700.0356639468483)
(0, 3, 0, 93, 737.526646652512)
(0, 3, 0, 94, 870.3124311774773)
(0, 3, 0, 95, 538.9263242629439)
(0, 3, 0, 96, 470.2005526944492)
(0, 3, 0, 97, 817.0266377139258)
(0, 3, 0, 98, 668.7044807586144)
(0, 3, 0, 99, 774.3455559071188)
(0, 3, 0, 100, 766.2638966174562)
(0, 3, 0, 101, 935.3890776692454)
(0, 3, 0, 102, 492.49474114344963)
(0, 3, 0, 103, 715.2407976590748)
(0, 3, 0, 104, 671.3331759960311)
(0, 3, 0, 105, 676.5725716373327)
(0, 3, 0, 106, 811.96958955683)
(0, 3, 0, 107, 630.0101780079742)
(0, 3, 0, 108, 671.2337610771824)
(0, 3, 0, 109, 617.7942071276168)
(0, 3, 0, 110, 891.1400609767978)
(0, 3, 0, 111, 557.3180960960817)
(0, 3, 0, 112, 389.6310836218148)
(0, 3, 0, 113, 760.9209280808607)
(0, 3, 0, 114, 794.8586166351696)
(0, 3, 0, 115, 498.4241115249872)
(0, 3, 0, 116, 652.8729177644822)
(0, 3, 0, 117, 649.921439633634)
(0, 3, 0, 118, 555.1587278891649)
(0, 3, 0, 119, 721.7308997744622)
(0, 3, 0, 120, 702.9349235915712)
(0, 3, 0, 121, 825.0024717118346)
(0, 3, 0, 122, 870.7199753799607)
(0, 3, 0, 123, 587.4188192393752)
(0, 3, 0, 124, 626.5500546398283)
(0, 3, 0, 125, 513.6382300665258)
(0, 3, 0, 126, 809.6632559506997)
(0, 3, 0, 127, 607.6983072954507)
(0, 3, 0, 128, 868.6077651299547)
(0, 3, 0, 129, 682.8409710527926)
(0, 3, 0, 130, 574.8274167266982)
(0, 3, 0, 131, 436.64095817709295)
(0, 3, 0, 132, 476.49474119377726)
(0, 3, 0, 133, 693.2557244733957)
(0, 3, 0, 134, 651.9652537191806)
(0, 3, 0, 135, 546.7177649805683)
(0, 3, 0, 136, 591.7803323690509)
(0, 3, 0, 137, 473.0467392942589)
(0, 3, 0, 138, 596.9806863698514)
(0, 3, 0, 139, 644.0806515982725)
(0, 3, 0, 140, 520.0681706307548)
(0, 3, 0, 141, 712.5399359267889)
(0, 3, 0, 142, 392.07757034098995)
(0, 3, 0, 143, 863.6987915110553)
(0, 3, 0, 144, 685.5486241278747)
(0, 3, 0, 145, 424.2996546973505)
(0, 3, 0, 146, 544.3282574897354)
(0, 3, 0, 147, 530.4466676430552)
(0, 3, 0, 148, 693.914865802372)
(0, 3, 0, 149, 363.08215099404424)
(0, 3, 0, 150, 537.747981106996)
(0, 3, 0, 151, 480.5995170593565)
(0, 3, 0, 152, 849.2449783139399)
(0, 3, 0, 153, 559.5171322260519)
(0, 3, 0, 154, 617.9771341508961)
(0, 3, 0, 155, 790.5269939830156)
(0, 3, 0, 156, 646.1440462364541)
(0, 3, 0, 157, 683.4852374275656)
(0, 3, 0, 158, 389.0207909502795)
(0, 3, 0, 159, 814.6014764360677)
(0, 3, 0, 160, 670.4634935331675)
(0, 3, 0, 161, 548.7120468458465)
(0, 3, 0, 162, 573.2176940286322)
(0, 3, 0, 163, 694.1472920669754)
(0, 3, 0, 164, 545.3826565177038)
(0, 3, 0, 165, 793.7805059903793)
(0, 3, 0, 166, 574.1950083910749)
(0, 3, 0, 167, 809.3112052168079)
(0, 3, 0, 168, 780.8196529267026)
(0, 3, 0, 169, 510.2073859792804)
(0, 3, 0, 170, 629.5767990470139)
(0, 3, 0, 171, 483.45661537658975)
(0, 3, 0, 172, 683.1786107875571)
(0, 3, 0, 173, 329.8474557183753)
(0, 3, 0, 174, 549.9731798384394)
(0, 3, 0, 175, 814.5935525438084)
(0, 3, 0, 176, 684.6800765060577)
(0, 3, 0, 177, 388.59470812488036)
(0, 3, 0, 178, 751.1483096934111)
(0, 3, 0, 179, 719.9893684697631)
(0, 3, 0, 180, 768.0472887286971)
(0, 3, 0, 181, 372.55265265589975)
(0, 3, 0, 182, 483.0202913521566)
(0, 3, 0, 183, 464.7560026399888)
(0, 3, 0, 184, 545.4645936439315)
(0, 3, 0, 185, 639.4395542017261)
(0, 3, 0, 186, 395.5544111312786)
(0, 3, 0, 187, 466.48145061480716)
(0, 3, 0, 188, 624.8168645711822)
(0, 3, 0, 189, 584.8572400818973)
(0, 3, 0, 190, 427.771570616925)
(0, 3, 0, 191, 610.2942071400181)
(0, 3, 0, 192, 439.3232562527313)
(0, 3, 0, 193, 625.0163326117407)
(0, 3, 0, 194, 942.4395118956477)
(0, 3, 0, 195, 914.8994188363183)
(0, 3, 0, 196, 858.1101932270784)
(0, 3, 0, 197, 577.4245201080585)
(0, 3, 0, 198, 458.0384283826988)
(0, 3, 0, 199, 746.3552975230914)
(0, 3, 0, 200, 803.4495165233305)
(0, 3, 0, 201, 488.07876016116074)
(0, 3, 0, 202, 751.5266294140048)
(0, 3, 0, 203, 706.6393627010566)
(0, 3, 0, 204, 736.9713140306595)
(0, 3, 0, 205, 756.2586482298309)
(0, 3, 0, 206, 644.2856257734165)
(0, 3, 0, 207, 647.4564080783019)
(0, 3, 0, 208, 928.9752051129569)
(0, 3, 0, 209, 576.6680718733805)
(0, 3, 0, 210, 773.0319676981809)
(0, 3, 0, 211, 457.76217680822896)
(0, 3, 0, 212, 342.3189972418483)
(0, 3, 0, 213, 570.9399998970723)
(0, 3, 0, 214, 722.9908159756527)
(0, 3, 0, 215, 726.7438565945583)
(0, 3, 0, 216, 722.9699807191896)
(0, 3, 0, 217, 754.6148072197533)
(0, 3, 0, 218, 618.7503196188947)
(0, 3, 0, 219, 484.7869387304273)
(0, 3, 0, 220, 598.1592337034555)
(0, 3, 0, 221, 455.90779301720306)
(0, 3, 0, 222, 631.7940365876321)
(0, 3, 0, 223, 890.0580617690617)
(0, 3, 0, 224, 787.4581334815214)
(0, 3, 0, 225, 659.1049953152424)
(0, 3, 0, 226, 522.9250061438045)
(0, 3, 0, 227, 662.5678548545758)
(0, 3, 0, 228, 574.8190919097103)
(0, 3, 0, 229, 772.8175697784313)
(0, 3, 0, 230, 513.4912770961696)
(0, 3, 0, 231, 516.0662565543938)
(0, 3, 0, 232, 640.7733905112316)
(0, 3, 0, 233, 535.2869712890953)
(0, 3, 0, 234, 614.6437864325808)
(0, 3, 0, 235, 733.1398731449729)
(0, 3, 0, 236, 616.7903109863194)
(0, 3, 0, 237, 771.4709076310735)
(0, 3, 0, 238, 832.7560763563721)
(0, 3, 0, 239, 860.7385210513104)
(0, 3, 0, 240, 706.6262522066836)
(0, 3, 0, 241, 714.8743227777977)
(0, 3, 0, 242, 643.916146379561)
(0, 3, 0, 243, 681.1987918147346)
(0, 3, 0, 244, 613.9990808555098)
(0, 3, 0, 245, 594.7925411820839)
(0, 3, 0, 246, 442.38425351552536)
(0, 3, 0, 247, 537.7840728054955)
(0, 3, 0, 248, 521.801574111706)
(0, 3, 0, 249, 592.0960229926665)
(0, 3, 1, 0, 1195.9114089086895)
(0, 3, 1, 1, 879.4219333998548)
(0, 3, 1, 2, 1101.5943149646926)
(0, 3, 1, 3, 1093.5621212555732)
(0, 3, 1, 4, 797.1224562879258)
(0, 3, 1, 5, 1063.768847847621)
(0, 3, 1, 6, 1241.9633521076478)
(0, 3, 1, 7, 1319.323805883561)
(0, 3, 1, 8, 836.7904147959084)
(0, 3, 1, 9, 1110.1025048861422)
(0, 3, 1, 10, 1425.4101162374216)
(0, 3, 1, 11, 1028.0890158478908)
(0, 3, 1, 12, 678.765276690493)
(0, 3, 1, 13, 1359.81763760953)
(0, 3, 1, 14, 1121.9135197514)
(0, 3, 1, 15, 929.6667293133271)
(0, 3, 1, 16, 1135.2689956696645)
(0, 3, 1, 17, 1055.9016247250015)
(0, 3, 1, 18, 711.3355392189421)
(0, 3, 1, 19, 925.0770485701554)
(0, 3, 1, 20, 1091.357275587778)
(0, 3, 1, 21, 1151.4044914828069)
(0, 3, 1, 22, 1245.3433742662623)
(0, 3, 1, 23, 972.7423768583184)
(0, 3, 1, 24, 1363.0209032141304)
(0, 3, 1, 25, 1140.1140585791018)
(0, 3, 1, 26, 685.2730286565549)
(0, 3, 1, 27, 1412.473327156167)
(0, 3, 1, 28, 1270.2780611248268)
(0, 3, 1, 29, 1190.3962389379712)
(0, 3, 1, 30, 675.2077680935496)
(0, 3, 1, 31, 1043.202545739256)
(0, 3, 1, 32, 1124.2098545819206)
(0, 3, 1, 33, 1041.4597804137768)
(0, 3, 1, 34, 1253.4026911850788)
(0, 3, 1, 35, 859.0542779655159)
(0, 3, 1, 36, 1051.4422293240607)
(0, 3, 1, 37, 901.8056775491276)
(0, 3, 1, 38, 1284.1380424023139)
(0, 3, 1, 39, 1239.9388511931402)
(0, 3, 1, 40, 1204.3906349594768)
(0, 3, 1, 41, 827.0005269951517)
(0, 3, 1, 42, 1083.7157482011573)
(0, 3, 1, 43, 1160.002622701911)
(0, 3, 1, 44, 1161.2532779759067)
(0, 3, 1, 45, 770.6304472274107)
(0, 3, 1, 46, 1182.1648140470825)
(0, 3, 1, 47, 1255.7184279431444)
(0, 3, 1, 48, 975.5523745082422)
(0, 3, 1, 49, 1161.592105030411)
(0, 3, 1, 50, 965.4366252686663)
(0, 3, 1, 51, 782.4208622454375)
(0, 3, 1, 52, 829.7467662857779)
(0, 3, 1, 53, 1144.7219052029848)
(0, 3, 1, 54, 1101.1563640048093)
(0, 3, 1, 55, 1273.700903911826)
(0, 3, 1, 56, 1299.8873752746158)
(0, 3, 1, 57, 1376.3335818884054)
(0, 3, 1, 58, 1040.746238987899)
(0, 3, 1, 59, 1182.897327023032)
(0, 3, 1, 60, 1151.5795703170832)
(0, 3, 1, 61, 1071.6899355272856)
(0, 3, 1, 62, 854.069700540592)
(0, 3, 1, 63, 1206.473494767619)
(0, 3, 1, 64, 1141.9230811527439)
(0, 3, 1, 65, 945.9211123188823)
(0, 3, 1, 66, 1044.6422009979262)
(0, 3, 1, 67, 1024.6453058707227)
(0, 3, 1, 68, 1232.1784204751584)
(0, 3, 1, 69, 1489.8625739937163)
(0, 3, 1, 70, 1134.14259370331)
(0, 3, 1, 71, 879.1857828075628)
(0, 3, 1, 72, 1022.0014868171532)
(0, 3, 1, 73, 444.0477734578918)
(0, 3, 1, 74, 1364.8748594961144)
(0, 3, 1, 75, 1073.7045497030517)
(0, 3, 1, 76, 1396.0870965399074)
(0, 3, 1, 77, 914.2311367192196)
(0, 3, 1, 78, 1119.4878019138062)
(0, 3, 1, 79, 837.7654478888112)
(0, 3, 1, 80, 979.4245285988628)
(0, 3, 1, 81, 1112.3194770173955)
(0, 3, 1, 82, 1089.7194048661117)
(0, 3, 1, 83, 1019.2517049328004)
(0, 3, 1, 84, 651.2263456981456)
(0, 3, 1, 85, 825.2904209852599)
(0, 3, 1, 86, 1206.0766238249832)
(0, 3, 1, 87, 1377.5752124472865)
(0, 3, 1, 88, 960.1408511272374)
(0, 3, 1, 89, 944.6804370449091)
(0, 3, 1, 90, 1395.788685602113)
(0, 3, 1, 91, 944.5554044726567)
(0, 3, 1, 92, 1248.8455801474954)
(0, 3, 1, 93, 756.4102302122396)
(0, 3, 1, 94, 1282.7863127629553)
(0, 3, 1, 95, 1184.9979669546499)
(0, 3, 1, 96, 1145.8470525290331)
(0, 3, 1, 97, 779.0476966023275)
(0, 3, 1, 98, 1002.5088126299904)
(0, 3, 1, 99, 1116.7983384751253)
(0, 3, 1, 100, 1061.2740851631531)
(0, 3, 1, 101, 1209.9654850393545)
(0, 3, 1, 102, 1217.5963844889702)
(0, 3, 1, 103, 1182.3930429422358)
(0, 3, 1, 104, 928.8385326377467)
(0, 3, 1, 105, 599.7006115669295)
(0, 3, 1, 106, 1011.7525203658491)
(0, 3, 1, 107, 1358.692116191401)
(0, 3, 1, 108, 795.9630314716031)
(0, 3, 1, 109, 1226.314917200965)
(0, 3, 1, 110, 1151.881766355268)
(0, 3, 1, 111, 948.0200824432002)
(0, 3, 1, 112, 1025.7212225499188)
(0, 3, 1, 113, 1265.0126740278915)
(0, 3, 1, 114, 1290.3805205719843)
(0, 3, 1, 115, 707.5942693625113)
(0, 3, 1, 116, 1178.8022342916438)
(0, 3, 1, 117, 1051.7493512087074)
(0, 3, 1, 118, 1322.178319031933)
(0, 3, 1, 119, 1380.1733085627789)
(0, 3, 1, 120, 1051.076735856895)
(0, 3, 1, 121, 1275.6717059028783)
(0, 3, 1, 122, 449.9738836894935)
(0, 3, 1, 123, 1043.1749831426628)
(0, 3, 1, 124, 901.9151040546774)
(0, 3, 1, 125, 1261.4443092575616)
(0, 3, 1, 126, 1227.290222823197)
(0, 3, 1, 127, 1119.8220407657975)
(0, 3, 1, 128, 1369.1266313776534)
(0, 3, 1, 129, 1041.2016233837292)
(0, 3, 1, 130, 836.0107008388246)
(0, 3, 1, 131, 977.5367584139412)
(0, 3, 1, 132, 1028.9605376046466)
(0, 3, 1, 133, 1223.076979292898)
(0, 3, 1, 134, 1132.4756506082103)
(0, 3, 1, 135, 1239.7776553175486)
(0, 3, 1, 136, 868.0219187666361)
(0, 3, 1, 137, 857.9548056102302)
(0, 3, 1, 138, 1049.037894195097)
(0, 3, 1, 139, 1144.3909503112204)
(0, 3, 1, 140, 1060.176131501425)
(0, 3, 1, 141, 973.0970715537886)
(0, 3, 1, 142, 766.8224282485508)
(0, 3, 1, 143, 1168.6962189854873)
(0, 3, 1, 144, 1177.17247938996)
(0, 3, 1, 145, 1008.1213330785865)
(0, 3, 1, 146, 905.1924227045246)
(0, 3, 1, 147, 1167.3278456767591)
(0, 3, 1, 148, 1130.253413899942)
(0, 3, 1, 149, 1102.6302086972769)
(0, 3, 1, 150, 1404.0745148941883)
(0, 3, 1, 151, 1153.6903031984405)
(0, 3, 1, 152, 1285.157652467096)
(0, 3, 1, 153, 1183.4070762606534)
(0, 3, 1, 154, 1180.5684269660674)
(0, 3, 1, 155, 1054.2799356922192)
(0, 3, 1, 156, 953.8906928628024)
(0, 3, 1, 157, 1366.7706249865892)
(0, 3, 1, 158, 1088.1209173760487)
(0, 3, 1, 159, 795.0459600583781)
(0, 3, 1, 160, 829.203266137767)
(0, 3, 1, 161, 1131.8695252633725)
(0, 3, 1, 162, 881.6640313044207)
(0, 3, 1, 163, 865.3391081591137)
(0, 3, 1, 164, 983.6682278080897)
(0, 3, 1, 165, 1083.1348614152043)
(0, 3, 1, 166, 1086.8963656361925)
(0, 3, 1, 167, 905.3217180921937)
(0, 3, 1, 168, 1045.885591928051)
(0, 3, 1, 169, 761.44381800057)
(0, 3, 1, 170, 1142.6462429155295)
(0, 3, 1, 171, 1094.4653555985515)
(0, 3, 1, 172, 884.9233431995691)
(0, 3, 1, 173, 1118.0745154325612)
(0, 3, 1, 174, 1293.7901358956817)
(0, 3, 1, 175, 1233.0809007954444)
(0, 3, 1, 176, 734.4917573649872)
(0, 3, 1, 177, 1259.2859417246866)
(0, 3, 1, 178, 1150.3742218632067)
(0, 3, 1, 179, 1427.1729591585572)
(0, 3, 1, 180, 1345.2007306000282)
(0, 3, 1, 181, 911.1359531992431)
(0, 3, 1, 182, 1157.8668115585633)
(0, 3, 1, 183, 461.782581666992)
(0, 3, 1, 184, 769.9408271845103)
(0, 3, 1, 185, 1126.738927276774)
(0, 3, 1, 186, 1132.7923781339896)
(0, 3, 1, 187, 810.2831267095756)
(0, 3, 1, 188, 1019.1761804973858)
(0, 3, 1, 189, 962.0318419924927)
(0, 3, 1, 190, 498.19401247177206)
(0, 3, 1, 191, 797.4012071467839)
(0, 3, 1, 192, 828.30222545296)
(0, 3, 1, 193, 882.8114619501557)
(0, 3, 1, 194, 1185.5121306436356)
(0, 3, 1, 195, 1178.3620688899923)
(0, 3, 1, 196, 1148.7847225881117)
(0, 3, 1, 197, 982.7754446678836)
(0, 3, 1, 198, 1095.9996812499153)
(0, 3, 1, 199, 911.906909177573)
(0, 3, 1, 200, 937.2376534599454)
(0, 3, 1, 201, 706.5187667288129)
(0, 3, 1, 202, 1274.5470402897922)
(0, 3, 1, 203, 1175.438265178066)
(0, 3, 1, 204, 1073.2320737674988)
(0, 3, 1, 205, 890.8402980100864)
(0, 3, 1, 206, 1237.1919194557106)
(0, 3, 1, 207, 773.5424693368822)
(0, 3, 1, 208, 894.0599034890915)
(0, 3, 1, 209, 1144.7047709786473)
(0, 3, 1, 210, 1178.7925126797857)
(0, 3, 1, 211, 1354.8805517846588)
(0, 3, 1, 212, 965.8960661268928)
(0, 3, 1, 213, 1110.3379573361415)
(0, 3, 1, 214, 890.9432811655843)
(0, 3, 1, 215, 1331.167264907458)
(0, 3, 1, 216, 1078.8133922439606)
(0, 3, 1, 217, 1110.896800799856)
(0, 3, 1, 218, 694.6632203020748)
(0, 3, 1, 219, 957.784905245218)
(0, 3, 1, 220, 1525.2162647544765)
(0, 3, 1, 221, 1190.5495814993735)
(0, 3, 1, 222, 1261.2406013880525)
(0, 3, 1, 223, 1010.1103378479567)
(0, 3, 1, 224, 1119.969848693921)
(0, 3, 1, 225, 1445.6498072897818)
(0, 3, 1, 226, 1186.2181699492062)
(0, 3, 1, 227, 984.6994534416982)
(0, 3, 1, 228, 1082.1850326359022)
(0, 3, 1, 229, 892.3154520114559)
(0, 3, 1, 230, 1014.0882422542117)
(0, 3, 1, 231, 1171.4907752597362)
(0, 3, 1, 232, 1168.988322356447)
(0, 3, 1, 233, 1086.5413185095138)
(0, 3, 1, 234, 1088.668576173857)
(0, 3, 1, 235, 1073.9025624153376)
(0, 3, 1, 236, 1265.5062328444226)
(0, 3, 1, 237, 1102.3786902254344)
(0, 3, 1, 238, 1190.884318169406)
(0, 3, 1, 239, 777.0735853907494)
(0, 3, 1, 240, 1292.8848325750967)
(0, 3, 1, 241, 1031.9592513060045)
(0, 3, 1, 242, 1302.5544557932835)
(0, 3, 1, 243, 1224.2493972119505)
(0, 3, 1, 244, 1351.5401105756935)
(0, 3, 1, 245, 1081.0551855947422)
(0, 3, 1, 246, 1265.665764809911)
(0, 3, 1, 247, 617.9626752684733)
(0, 3, 1, 248, 1183.0080650048908)
(0, 3, 1, 249, 1285.779087255869)
(0, 4, 0, 0, 515.8329641476612)
(0, 4, 0, 1, 637.8919663736359)
(0, 4, 0, 2, 629.6376250271798)
(0, 4, 0, 3, 715.5178092060263)
(0, 4, 0, 4, 598.9119047962623)
(0, 4, 0, 5, 823.6841417579442)
(0, 4, 0, 6, 546.5079931814391)
(0, 4, 0, 7, 683.3893852085313)
(0, 4, 0, 8, 589.0347893353286)
(0, 4, 0, 9, 699.0240702317178)
(0, 4, 0, 10, 385.06068597482556)
(0, 4, 0, 11, 606.0075666007123)
(0, 4, 0, 12, 896.1770063682765)
(0, 4, 0, 13, 713.8036882608196)
(0, 4, 0, 14, 843.6826489765443)
(0, 4, 0, 15, 566.0420235213467)
(0, 4, 0, 16, 731.033262081775)
(0, 4, 0, 17, 959.2885035101526)
(0, 4, 0, 18, 1108.8226426523343)
(0, 4, 0, 19, 742.4192709942466)
(0, 4, 0, 20, 487.408166150932)
(0, 4, 0, 21, 837.937918432862)
(0, 4, 0, 22, 574.7068413667841)
(0, 4, 0, 23, 947.1643327702598)
(0, 4, 0, 24, 588.4733849840463)
(0, 4, 0, 25, 462.6401586780964)
(0, 4, 0, 26, 546.1460284541204)
(0, 4, 0, 27, 670.3571088235852)
(0, 4, 0, 28, 812.5791789161831)
(0, 4, 0, 29, 646.9063254034737)
(0, 4, 0, 30, 548.3017735829791)
(0, 4, 0, 31, 771.7122402371009)
(0, 4, 0, 32, 939.0575029842831)
(0, 4, 0, 33, 452.50006308473377)
(0, 4, 0, 34, 507.6162638108949)
(0, 4, 0, 35, 369.8939667278677)
(0, 4, 0, 36, 417.1154206699632)
(0, 4, 0, 37, 436.6312034893883)
(0, 4, 0, 38, 513.0346051082596)
(0, 4, 0, 39, 707.9152424804411)
(0, 4, 0, 40, 572.4237954578676)
(0, 4, 0, 41, 688.983612815919)
(0, 4, 0, 42, 751.1667592102885)
(0, 4, 0, 43, 620.6994248046052)
(0, 4, 0, 44, 592.1910044463032)
(0, 4, 0, 45, 703.2793603848962)
(0, 4, 0, 46, 891.1677558358105)
(0, 4, 0, 47, 559.7777704801346)
(0, 4, 0, 48, 484.4541208489323)
(0, 4, 0, 49, 768.1173662872453)
(0, 4, 0, 50, 1008.1782188988547)
(0, 4, 0, 51, 653.3344342176026)
(0, 4, 0, 52, 728.2214354697784)
(0, 4, 0, 53, 845.4309885042377)
(0, 4, 0, 54, 645.3076450720565)
(0, 4, 0, 55, 784.7991538438908)
(0, 4, 0, 56, 719.6313942751627)
(0, 4, 0, 57, 700.6171949055552)
(0, 4, 0, 58, 646.2201709401859)
(0, 4, 0, 59, 746.8089692504865)
(0, 4, 0, 60, 1065.121024587284)
(0, 4, 0, 61, 1061.1577475415181)
(0, 4, 0, 62, 414.86436111081923)
(0, 4, 0, 63, 546.0084987259906)
(0, 4, 0, 64, 1015.6605780601872)
(0, 4, 0, 65, 843.5466351303529)
(0, 4, 0, 66, 411.02290080412)
(0, 4, 0, 67, 519.6306141625089)
(0, 4, 0, 68, 678.3102954312354)
(0, 4, 0, 69, 511.74038149779625)
(0, 4, 0, 70, 840.3323681701895)
(0, 4, 0, 71, 937.5919217616431)
(0, 4, 0, 72, 892.5564652465065)
(0, 4, 0, 73, 604.8473937141526)
(0, 4, 0, 74, 537.9388793184594)
(0, 4, 0, 75, 687.770360333363)
(0, 4, 0, 76, 557.5778924540531)
(0, 4, 0, 77, 1091.2574053802357)
(0, 4, 0, 78, 641.9980246375557)
(0, 4, 0, 79, 826.7443236753537)
(0, 4, 0, 80, 712.9462599634503)
(0, 4, 0, 81, 836.0112997430311)
(0, 4, 0, 82, 688.0623351921338)
(0, 4, 0, 83, 727.1367197340644)
(0, 4, 0, 84, 739.3702241781692)
(0, 4, 0, 85, 600.2471706971564)
(0, 4, 0, 86, 672.3912205638072)
(0, 4, 0, 87, 532.9659330773045)
(0, 4, 0, 88, 814.5803913199035)
(0, 4, 0, 89, 884.9242638441818)
(0, 4, 0, 90, 704.7523065300581)
(0, 4, 0, 91, 456.3933191553792)
(0, 4, 0, 92, 831.9063570976487)
(0, 4, 0, 93, 659.9130832728318)
(0, 4, 0, 94, 979.0513988417151)
(0, 4, 0, 95, 500.676226908751)
(0, 4, 0, 96, 507.75070547474775)
(0, 4, 0, 97, 929.610748481368)
(0, 4, 0, 98, 843.596882501871)
(0, 4, 0, 99, 934.1896672423954)
(0, 4, 0, 100, 701.4261729333856)
(0, 4, 0, 101, 1028.080086873789)
(0, 4, 0, 102, 501.3457055847418)
(0, 4, 0, 103, 480.9906650445051)
(0, 4, 0, 104, 829.4645146443296)
(0, 4, 0, 105, 693.8140771962337)
(0, 4, 0, 106, 975.0946380367748)
(0, 4, 0, 107, 615.2941667491247)
(0, 4, 0, 108, 741.2248302246387)
(0, 4, 0, 109, 706.7900437547648)
(0, 4, 0, 110, 1107.9620896475888)
(0, 4, 0, 111, 626.1645388144391)
(0, 4, 0, 112, 434.968469099159)
(0, 4, 0, 113, 810.5726284597066)
(0, 4, 0, 114, 688.6703478429995)
(0, 4, 0, 115, 514.5082166639696)
(0, 4, 0, 116, 651.9504922655535)
(0, 4, 0, 117, 650.4123334888747)
(0, 4, 0, 118, 634.1591939303468)
(0, 4, 0, 119, 605.9326766791107)
(0, 4, 0, 120, 726.2610963010495)
(0, 4, 0, 121, 924.2840019292236)
(0, 4, 0, 122, 911.793003428102)
(0, 4, 0, 123, 668.8025394757154)
(0, 4, 0, 124, 544.648151128932)
(0, 4, 0, 125, 512.9438668497619)
(0, 4, 0, 126, 884.6609942484301)
(0, 4, 0, 127, 466.8488694604555)
(0, 4, 0, 128, 811.3801410969206)
(0, 4, 0, 129, 664.8035472732915)
(0, 4, 0, 130, 732.7234975666671)
(0, 4, 0, 131, 504.89012642542764)
(0, 4, 0, 132, 587.1711162477748)
(0, 4, 0, 133, 684.4835395409234)
(0, 4, 0, 134, 664.5228026573856)
(0, 4, 0, 135, 633.935921764584)
(0, 4, 0, 136, 499.5712036945765)
(0, 4, 0, 137, 643.2672496243686)
(0, 4, 0, 138, 639.1115574102236)
(0, 4, 0, 139, 891.1818339711587)
(0, 4, 0, 140, 599.1435825283263)
(0, 4, 0, 141, 844.1997819443695)
(0, 4, 0, 142, 538.2204507112148)
(0, 4, 0, 143, 877.6182794761015)
(0, 4, 0, 144, 671.2433036980918)
(0, 4, 0, 145, 414.8798845895671)
(0, 4, 0, 146, 627.0004642322166)
(0, 4, 0, 147, 571.0406366120812)
(0, 4, 0, 148, 755.1191623493826)
(0, 4, 0, 149, 397.35770470389804)
(0, 4, 0, 150, 845.7011519228915)
(0, 4, 0, 151, 394.9436697274695)
(0, 4, 0, 152, 768.006299660053)
(0, 4, 0, 153, 659.54266528842)
(0, 4, 0, 154, 655.1006636658955)
(0, 4, 0, 155, 773.1337789105826)
(0, 4, 0, 156, 749.6823096143173)
(0, 4, 0, 157, 736.2878980916078)
(0, 4, 0, 158, 405.236026648622)
(0, 4, 0, 159, 893.8666419166767)
(0, 4, 0, 160, 782.4988737449429)
(0, 4, 0, 161, 786.4448573970436)
(0, 4, 0, 162, 729.2521752500863)
(0, 4, 0, 163, 814.9354983448084)
(0, 4, 0, 164, 659.2276211388936)
(0, 4, 0, 165, 786.9676414956715)
(0, 4, 0, 166, 658.1090859856945)
(0, 4, 0, 167, 861.0586580917115)
(0, 4, 0, 168, 980.0846699905699)
(0, 4, 0, 169, 590.0729739994653)
(0, 4, 0, 170, 902.0733719924424)
(0, 4, 0, 171, 519.2448369032461)
(0, 4, 0, 172, 945.1968436485388)
(0, 4, 0, 173, 572.9519942010639)
(0, 4, 0, 174, 708.5857652143358)
(0, 4, 0, 175, 871.4514790528174)
(0, 4, 0, 176, 613.0791455332208)
(0, 4, 0, 177, 364.06283662209364)
(0, 4, 0, 178, 697.9967402831862)
(0, 4, 0, 179, 764.1531001176257)
(0, 4, 0, 180, 921.4582562425791)
(0, 4, 0, 181, 481.1593628804248)
(0, 4, 0, 182, 455.997398722668)
(0, 4, 0, 183, 589.6459919808163)
(0, 4, 0, 184, 640.0138104788816)
(0, 4, 0, 185, 681.6687831685117)
(0, 4, 0, 186, 409.3826315995544)
(0, 4, 0, 187, 574.5588379703619)
(0, 4, 0, 188, 585.6788454111819)
(0, 4, 0, 189, 502.14503144738416)
(0, 4, 0, 190, 612.1388624385679)
(0, 4, 0, 191, 684.71919302375)
(0, 4, 0, 192, 555.2948425578674)
(0, 4, 0, 193, 575.6517279035411)
(0, 4, 0, 194, 905.0393016266419)
(0, 4, 0, 195, 915.3881758558113)
(0, 4, 0, 196, 726.8132731118071)
(0, 4, 0, 197, 616.4955780764737)
(0, 4, 0, 198, 539.8716425960188)
(0, 4, 0, 199, 658.3305943903479)
(0, 4, 0, 200, 925.9802389882014)
(0, 4, 0, 201, 610.9899202343905)
(0, 4, 0, 202, 889.1366820897753)
(0, 4, 0, 203, 770.2674054154326)
(0, 4, 0, 204, 798.9083881900092)
(0, 4, 0, 205, 597.8832541902033)
(0, 4, 0, 206, 542.1771273662056)
(0, 4, 0, 207, 726.6508102597846)
(0, 4, 0, 208, 1108.0100550312086)
(0, 4, 0, 209, 709.8873785355613)
(0, 4, 0, 210, 741.8864971886611)
(0, 4, 0, 211, 383.37843074025085)
(0, 4, 0, 212, 379.21095529609335)
(0, 4, 0, 213, 674.8577319834185)
(0, 4, 0, 214, 774.5085887981446)
(0, 4, 0, 215, 782.9445912674713)
(0, 4, 0, 216, 713.0137805163212)
(0, 4, 0, 217, 999.4369695828295)
(0, 4, 0, 218, 764.1563052085459)
(0, 4, 0, 219, 492.82661471427105)
(0, 4, 0, 220, 689.336361135187)
(0, 4, 0, 221, 635.9338237998646)
(0, 4, 0, 222, 670.5128645287064)
(0, 4, 0, 223, 881.8665386826127)
(0, 4, 0, 224, 703.163439733313)
(0, 4, 0, 225, 861.2810019019697)
(0, 4, 0, 226, 655.3640397145191)
(0, 4, 0, 227, 784.8932310501872)
(0, 4, 0, 228, 617.5010469602482)
(0, 4, 0, 229, 764.5336080320154)
(0, 4, 0, 230, 602.7607011551521)
(0, 4, 0, 231, 578.2980766369723)
(0, 4, 0, 232, 608.7183501364943)
(0, 4, 0, 233, 674.5378112242722)
(0, 4, 0, 234, 670.3090962992055)
(0, 4, 0, 235, 913.811892581895)
(0, 4, 0, 236, 522.4027270443753)
(0, 4, 0, 237, 857.9184068543975)
(0, 4, 0, 238, 1036.4542618590856)
(0, 4, 0, 239, 880.2483151749424)
(0, 4, 0, 240, 824.0412496352203)
(0, 4, 0, 241, 435.9467774661347)
(0, 4, 0, 242, 683.2224495773349)
(0, 4, 0, 243, 742.6449901620936)
(0, 4, 0, 244, 680.9298669812106)
(0, 4, 0, 245, 692.9525926178804)
(0, 4, 0, 246, 434.07671788576096)
(0, 4, 0, 247, 656.5105632835653)
(0, 4, 0, 248, 503.1936539835175)
(0, 4, 0, 249, 633.135970309484)
(0, 4, 1, 0, 1257.5658726575184)
(0, 4, 1, 1, 870.1341930300215)
(0, 4, 1, 2, 1198.7980574578621)
(0, 4, 1, 3, 1306.7991733295712)
(0, 4, 1, 4, 949.1394579953084)
(0, 4, 1, 5, 1231.5209077851448)
(0, 4, 1, 6, 1186.6815956565524)
(0, 4, 1, 7, 1194.230079692899)
(0, 4, 1, 8, 828.4728048489914)
(0, 4, 1, 9, 1140.7287192725246)
(0, 4, 1, 10, 1507.5162501491052)
(0, 4, 1, 11, 1090.2236015172014)
(0, 4, 1, 12, 641.2864911891735)
(0, 4, 1, 13, 1306.0960096540728)
(0, 4, 1, 14, 1030.2092542129756)
(0, 4, 1, 15, 893.1515429622376)
(0, 4, 1, 16, 1215.584885011664)
(0, 4, 1, 17, 1303.87177043673)
(0, 4, 1, 18, 705.124363323103)
(0, 4, 1, 19, 1060.5161326616678)
(0, 4, 1, 20, 1040.9972246520372)
(0, 4, 1, 21, 1350.8091226194817)
(0, 4, 1, 22, 1267.0493846978436)
(0, 4, 1, 23, 1108.1844083681754)
(0, 4, 1, 24, 1271.1039254706036)
(0, 4, 1, 25, 1290.5822307044805)
(0, 4, 1, 26, 855.4097440096011)
(0, 4, 1, 27, 1616.8000239040082)
(0, 4, 1, 28, 1293.9462345125933)
(0, 4, 1, 29, 1347.596458776758)
(0, 4, 1, 30, 666.5984459809184)
(0, 4, 1, 31, 1208.6757497877984)
(0, 4, 1, 32, 1234.432802434345)
(0, 4, 1, 33, 1269.828131647782)
(0, 4, 1, 34, 1155.723712157938)
(0, 4, 1, 35, 977.2470600717667)
(0, 4, 1, 36, 1285.2902032204076)
(0, 4, 1, 37, 811.3890886192852)
(0, 4, 1, 38, 1412.174964842292)
(0, 4, 1, 39, 1099.531848688932)
(0, 4, 1, 40, 1343.8508614730358)
(0, 4, 1, 41, 793.9488044713722)
(0, 4, 1, 42, 1255.3457889286108)
(0, 4, 1, 43, 1225.4570437656737)
(0, 4, 1, 44, 1376.3991381018534)
(0, 4, 1, 45, 724.818524937533)
(0, 4, 1, 46, 1389.6683370744408)
(0, 4, 1, 47, 1264.893284267347)
(0, 4, 1, 48, 1244.348408927581)
(0, 4, 1, 49, 1364.8139790393002)
(0, 4, 1, 50, 1014.0276856456243)
(0, 4, 1, 51, 747.0933096927411)
(0, 4, 1, 52, 792.8526501855582)
(0, 4, 1, 53, 1366.1410038562524)
(0, 4, 1, 54, 1220.1167024354274)
(0, 4, 1, 55, 1557.2290962830064)
(0, 4, 1, 56, 1327.6565517312927)
(0, 4, 1, 57, 1409.711765025626)
(0, 4, 1, 58, 1132.0259378933051)
(0, 4, 1, 59, 1030.2652387277838)
(0, 4, 1, 60, 1204.1073911585872)
(0, 4, 1, 61, 1044.1090703705408)
(0, 4, 1, 62, 807.138204412141)
(0, 4, 1, 63, 1222.2348252615586)
(0, 4, 1, 64, 1261.2230488426273)
(0, 4, 1, 65, 938.660686917932)
(0, 4, 1, 66, 1114.4528697590742)
(0, 4, 1, 67, 1117.288516309371)
(0, 4, 1, 68, 1327.1541879688336)
(0, 4, 1, 69, 1576.7597060963217)
(0, 4, 1, 70, 1138.704013004792)
(0, 4, 1, 71, 1037.9533958018908)
(0, 4, 1, 72, 1051.2195447186714)
(0, 4, 1, 73, 420.55723017428727)
(0, 4, 1, 74, 1334.2515606562274)
(0, 4, 1, 75, 937.6866733881068)
(0, 4, 1, 76, 1787.3415609871756)
(0, 4, 1, 77, 924.3760498495244)
(0, 4, 1, 78, 1174.1333063671723)
(0, 4, 1, 79, 958.4249693447711)
(0, 4, 1, 80, 1180.4945002899394)
(0, 4, 1, 81, 1337.0888796958316)
(0, 4, 1, 82, 1369.0351108392001)
(0, 4, 1, 83, 1191.9731874757929)
(0, 4, 1, 84, 646.1245139637058)
(0, 4, 1, 85, 964.1289501695003)
(0, 4, 1, 86, 1091.1555363443792)
(0, 4, 1, 87, 1423.1500694240226)
(0, 4, 1, 88, 982.2338193360243)
(0, 4, 1, 89, 1087.9015998340253)
(0, 4, 1, 90, 1348.7750288895668)
(0, 4, 1, 91, 1168.3673811669564)
(0, 4, 1, 92, 1242.7079854508345)
(0, 4, 1, 93, 803.9843100809019)
(0, 4, 1, 94, 1344.7910279562448)
(0, 4, 1, 95, 1111.291384215675)
(0, 4, 1, 96, 1260.2434810559687)
(0, 4, 1, 97, 742.0168978185164)
(0, 4, 1, 98, 1090.2014781604605)
(0, 4, 1, 99, 1296.396255354451)
(0, 4, 1, 100, 1060.2739789454795)
(0, 4, 1, 101, 1339.2127814616422)
(0, 4, 1, 102, 1139.7736839902202)
(0, 4, 1, 103, 1310.781223392799)
(0, 4, 1, 104, 932.5593285822903)
(0, 4, 1, 105, 673.6584329290332)
(0, 4, 1, 106, 1164.768921324404)
(0, 4, 1, 107, 1489.5556491001923)
(0, 4, 1, 108, 808.8584378772174)
(0, 4, 1, 109, 1336.9604883302623)
(0, 4, 1, 110, 1163.842853118817)
(0, 4, 1, 111, 994.049031351236)
(0, 4, 1, 112, 894.736636089627)
(0, 4, 1, 113, 1577.5122611788543)
(0, 4, 1, 114, 1415.1054981131956)
(0, 4, 1, 115, 762.7551300071268)
(0, 4, 1, 116, 1476.4133410671227)
(0, 4, 1, 117, 1121.5079128694504)
(0, 4, 1, 118, 1570.637665804745)
(0, 4, 1, 119, 1299.7891988423396)
(0, 4, 1, 120, 1122.3896630759798)
(0, 4, 1, 121, 1271.7710865747154)
(0, 4, 1, 122, 415.8805796946855)
(0, 4, 1, 123, 943.8890336935449)
(0, 4, 1, 124, 1154.6725117324468)
(0, 4, 1, 125, 1332.1862165189252)
(0, 4, 1, 126, 1342.6137843607612)
(0, 4, 1, 127, 1368.5645072623668)
(0, 4, 1, 128, 1432.308435303866)
(0, 4, 1, 129, 1022.3118988667688)
(0, 4, 1, 130, 959.9103560813562)
(0, 4, 1, 131, 939.1821600962778)
(0, 4, 1, 132, 1118.542237809172)
(0, 4, 1, 133, 1095.5301859118686)
(0, 4, 1, 134, 1101.666198741976)
(0, 4, 1, 135, 1275.4179536700717)
(0, 4, 1, 136, 808.1581317350378)
(0, 4, 1, 137, 1014.919492600664)
(0, 4, 1, 138, 1201.8788148004842)
(0, 4, 1, 139, 1262.0516671081818)
(0, 4, 1, 140, 1305.948475503946)
(0, 4, 1, 141, 1093.9652199374136)
(0, 4, 1, 142, 959.1644152958003)
(0, 4, 1, 143, 1033.6786990766686)
(0, 4, 1, 144, 1052.5200902549643)
(0, 4, 1, 145, 1092.6612905199304)
(0, 4, 1, 146, 1095.4182793421085)
(0, 4, 1, 147, 1332.591177854361)
(0, 4, 1, 148, 1096.3846420201144)
(0, 4, 1, 149, 1200.308706286083)
(0, 4, 1, 150, 1619.663853880894)
(0, 4, 1, 151, 1362.0703165592042)
(0, 4, 1, 152, 1166.1351786616115)
(0, 4, 1, 153, 1107.125039024094)
(0, 4, 1, 154, 1134.2195490119439)
(0, 4, 1, 155, 1156.0370722596406)
(0, 4, 1, 156, 1025.2451983298154)
(0, 4, 1, 157, 1475.1244111268795)
(0, 4, 1, 158, 974.4930248995067)
(0, 4, 1, 159, 940.4333637355307)
(0, 4, 1, 160, 899.3021374884006)
(0, 4, 1, 161, 1320.1004048274804)
(0, 4, 1, 162, 806.125887594666)
(0, 4, 1, 163, 823.7233320595175)
(0, 4, 1, 164, 1152.098731735851)
(0, 4, 1, 165, 1130.749231615757)
(0, 4, 1, 166, 1009.5937260867483)
(0, 4, 1, 167, 998.164731084457)
(0, 4, 1, 168, 1271.2823731822377)
(0, 4, 1, 169, 889.4525185847727)
(0, 4, 1, 170, 1370.0339186309723)
(0, 4, 1, 171, 1124.3986010138685)
(0, 4, 1, 172, 961.3252430141633)
(0, 4, 1, 173, 1023.7539615658361)
(0, 4, 1, 174, 1348.2882414019164)
(0, 4, 1, 175, 1108.9563293510034)
(0, 4, 1, 176, 718.6067549836101)
(0, 4, 1, 177, 1122.1034347175466)
(0, 4, 1, 178, 1390.5522793067796)
(0, 4, 1, 179, 1715.631302822228)
(0, 4, 1, 180, 1192.4998984841789)
(0, 4, 1, 181, 906.2994727143957)
(0, 4, 1, 182, 1404.2892976994442)
(0, 4, 1, 183, 450.49598979776954)
(0, 4, 1, 184, 730.0404339033425)
(0, 4, 1, 185, 1307.5729575206117)
(0, 4, 1, 186, 1192.449917764646)
(0, 4, 1, 187, 1014.1584645408975)
(0, 4, 1, 188, 1250.6341749034048)
(0, 4, 1, 189, 880.184475894589)
(0, 4, 1, 190, 496.0415727301145)
(0, 4, 1, 191, 1008.06579709817)
(0, 4, 1, 192, 781.890959279903)
(0, 4, 1, 193, 1033.056626679777)
(0, 4, 1, 194, 1165.8186509093264)
(0, 4, 1, 195, 1271.3205959387305)
(0, 4, 1, 196, 1374.0932337098145)
(0, 4, 1, 197, 1000.6697604492414)
(0, 4, 1, 198, 1109.8879558246063)
(0, 4, 1, 199, 1113.432389672932)
(0, 4, 1, 200, 964.8695804054666)
(0, 4, 1, 201, 807.124041135814)
(0, 4, 1, 202, 1125.179298822695)
(0, 4, 1, 203, 1147.575946010812)
(0, 4, 1, 204, 1068.3503274244258)
(0, 4, 1, 205, 852.3445863701811)
(0, 4, 1, 206, 1406.3590057372107)
(0, 4, 1, 207, 777.1403823312323)
(0, 4, 1, 208, 1020.2143603778728)
(0, 4, 1, 209, 1135.556078323602)
(0, 4, 1, 210, 1357.6541801609376)
(0, 4, 1, 211, 1594.8800851674553)
(0, 4, 1, 212, 1196.8091600850637)
(0, 4, 1, 213, 1044.2783067678706)
(0, 4, 1, 214, 949.1882101981755)
(0, 4, 1, 215, 1365.1650725337895)
(0, 4, 1, 216, 933.8649015009128)
(0, 4, 1, 217, 1238.7490175519692)
(0, 4, 1, 218, 779.2852443580449)
(0, 4, 1, 219, 924.943962855925)
(0, 4, 1, 220, 1678.5246726914083)
(0, 4, 1, 221, 1401.336203064972)
(0, 4, 1, 222, 1373.9892370256903)
(0, 4, 1, 223, 934.0587831049526)
(0, 4, 1, 224, 1098.175428390412)
(0, 4, 1, 225, 1444.031668421929)
(0, 4, 1, 226, 1194.6225796696522)
(0, 4, 1, 227, 938.0256966567448)
(0, 4, 1, 228, 1280.6550646255716)
(0, 4, 1, 229, 800.9548500254608)
(0, 4, 1, 230, 1283.6310490797428)
(0, 4, 1, 231, 1272.7976938338038)
(0, 4, 1, 232, 1119.682435826157)
(0, 4, 1, 233, 1320.2176603327903)
(0, 4, 1, 234, 1322.3605786421674)
(0, 4, 1, 235, 1057.9972607395582)
(0, 4, 1, 236, 1156.4521159151739)
(0, 4, 1, 237, 1031.838057770646)
(0, 4, 1, 238, 1098.8741046215289)
(0, 4, 1, 239, 727.7250906638615)
(0, 4, 1, 240, 1232.4044151284595)
(0, 4, 1, 241, 984.008187233453)
(0, 4, 1, 242, 1394.5149076308292)
(0, 4, 1, 243, 1313.1311759450448)
(0, 4, 1, 244, 1423.3755532236983)
(0, 4, 1, 245, 984.754125607474)
(0, 4, 1, 246, 1375.3217584306992)
(0, 4, 1, 247, 592.3896580707981)
(0, 4, 1, 248, 1419.1356898802326)
(0, 4, 1, 249, 1533.2337791213874)
