(0, 0, 0, 0, 363.9609096311722)
(0, 0, 0, 1, 416.980077350417)
(0, 0, 0, 2, 401.4555785299817)
(0, 0, 0, 3, 268.00605219101084)
(0, 0, 0, 4, 459.1115838177187)
(0, 0, 0, 5, 579.9655182552348)
(0, 0, 0, 6, 518.7492017564645)
(0, 0, 0, 7, 460.83510896720975)
(0, 0, 0, 8, 390.7410906214312)
(0, 0, 0, 9, 310.702836173965)
(0, 0, 0, 10, 282.2858591810519)
(0, 0, 0, 11, 457.1786327995496)
(0, 0, 0, 12, 407.9748213343396)
(0, 0, 0, 13, 376.94015930724703)
(0, 0, 0, 14, 373.73980615222473)
(0, 0, 0, 15, 403.2701418611006)
(0, 0, 0, 16, 565.7929023670014)
(0, 0, 0, 17, 531.1570115433369)
(0, 0, 0, 18, 596.639473641777)
(0, 0, 0, 19, 393.58725631028386)
(0, 0, 0, 20, 348.5260309865797)
(0, 0, 0, 21, 385.561062807964)
(0, 0, 0, 22, 342.6791321691008)
(0, 0, 0, 23, 414.52489335272065)
(0, 0, 0, 24, 263.34719496236886)
(0, 0, 0, 25, 453.2214802915874)
(0, 0, 0, 26, 320.96922312104454)
(0, 0, 0, 27, 420.47764329396045)
(0, 0, 0, 28, 421.33491258689554)
(0, 0, 0, 29, 329.6198021272532)
(0, 0, 0, 30, 298.11064352801424)
(0, 0, 0, 31, 518.0723937435552)
(0, 0, 0, 32, 502.61138925691034)
(0, 0, 0, 33, 424.5202507868023)
(0, 0, 0, 34, 329.6547612437195)
(0, 0, 0, 35, 314.6857357083903)
(0, 0, 0, 36, 469.3888539597874)
(0, 0, 0, 37, 291.70365490700584)
(0, 0, 0, 38, 375.38440434258825)
(0, 0, 0, 39, 445.12218127715585)
(0, 0, 0, 40, 286.7645712962829)
(0, 0, 0, 41, 412.85389919380987)
(0, 0, 0, 42, 445.6948906845387)
(0, 0, 0, 43, 512.0257446357034)
(0, 0, 0, 44, 452.8015462254433)
(0, 0, 0, 45, 489.6310715179496)
(0, 0, 0, 46, 528.2317769186888)
(0, 0, 0, 47, 352.9349066494514)
(0, 0, 0, 48, 349.80160014424246)
(0, 0, 0, 49, 337.786471963125)
(0, 0, 0, 50, 534.4596155354549)
(0, 0, 0, 51, 356.2595247481086)
(0, 0, 0, 52, 433.35065650045436)
(0, 0, 0, 53, 399.99408967483345)
(0, 0, 0, 54, 303.46458897852983)
(0, 0, 0, 55, 400.41423283776686)
(0, 0, 0, 56, 426.0278872080365)
(0, 0, 0, 57, 351.87687716048885)
(0, 0, 0, 58, 334.799870146974)
(0, 0, 0, 59, 428.66605304516435)
(0, 0, 0, 60, 603.1499820791843)
(0, 0, 0, 61, 546.9441149916913)
(0, 0, 0, 62, 350.86832908750654)
(0, 0, 0, 63, 332.4426857517275)
(0, 0, 0, 64, 562.8561699095434)
(0, 0, 0, 65, 615.8862283012529)
(0, 0, 0, 66, 446.33748472871173)
(0, 0, 0, 67, 385.7385400674073)
(0, 0, 0, 68, 491.0717642420909)
(0, 0, 0, 69, 258.59900744936544)
(0, 0, 0, 70, 497.82275693529414)
(0, 0, 0, 71, 578.9233905339727)
(0, 0, 0, 72, 451.308947269164)
(0, 0, 0, 73, 392.05171180133595)
(0, 0, 0, 74, 282.94536611341516)
(0, 0, 0, 75, 274.11183062006114)
(0, 0, 0, 76, 330.2536139664985)
(0, 0, 0, 77, 570.9264722612133)
(0, 0, 0, 78, 403.94830943601175)
(0, 0, 0, 79, 429.809682707264)
(0, 0, 0, 80, 456.50176605201625)
(0, 0, 0, 81, 331.1467041986777)
(0, 0, 0, 82, 301.7677223221489)
(0, 0, 0, 83, 355.5992596583154)
(0, 0, 0, 84, 404.98587765472104)
(0, 0, 0, 85, 325.38169344639545)
(0, 0, 0, 86, 423.57668414019895)
(0, 0, 0, 87, 412.3952241606248)
(0, 0, 0, 88, 618.4397119069386)
(0, 0, 0, 89, 570.8051717038089)
(0, 0, 0, 90, 337.41506371288557)
(0, 0, 0, 91, 380.3337760890742)
(0, 0, 0, 92, 532.6934786592782)
(0, 0, 0, 93, 356.8045018334073)
(0, 0, 0, 94, 542.6826133631107)
(0, 0, 0, 95, 309.6772652635251)
(0, 0, 0, 96, 410.89017938954214)
(0, 0, 0, 97, 472.70950433515384)
(0, 0, 0, 98, 448.7575155393184)
(0, 0, 0, 99, 486.7331575016376)
(0, 0, 0, 100, 492.37071943097993)
(0, 0, 0, 101, 711.0130790861637)
(0, 0, 0, 102, 423.5149030469132)
(0, 0, 0, 103, 403.6280924764685)
(0, 0, 0, 104, 327.4814841050419)
(0, 0, 0, 105, 553.5368151430783)
(0, 0, 0, 106, 470.7292259342095)
(0, 0, 0, 107, 379.4155465177075)
(0, 0, 0, 108, 443.0884886521342)
(0, 0, 0, 109, 471.97337600553266)
(0, 0, 0, 110, 507.25349671729475)
(0, 0, 0, 111, 363.0491075409974)
(0, 0, 0, 112, 468.02055854604737)
(0, 0, 0, 113, 385.9429480516334)
(0, 0, 0, 114, 555.3781547685924)
(0, 0, 0, 115, 376.47679773941877)
(0, 0, 0, 116, 382.90838692192176)
(0, 0, 0, 117, 368.69267764242807)
(0, 0, 0, 118, 571.7199097924724)
(0, 0, 0, 119, 431.7587639106328)
(0, 0, 0, 120, 315.96967637962933)
(0, 0, 0, 121, 615.1943938617444)
(0, 0, 0, 122, 579.3360067217436)
(0, 0, 0, 123, 364.7308119066299)
(0, 0, 0, 124, 430.22453519829475)
(0, 0, 0, 125, 436.7289609135103)
(0, 0, 0, 126, 529.6426676291032)
(0, 0, 0, 127, 341.4083787701474)
(0, 0, 0, 128, 464.67186233840135)
(0, 0, 0, 129, 524.0415195735277)
(0, 0, 0, 130, 264.70597327393585)
(0, 0, 0, 131, 347.6909849177524)
(0, 0, 0, 132, 289.05644974935007)
(0, 0, 0, 133, 385.31436943347734)
(0, 0, 0, 134, 448.5001279050511)
(0, 0, 0, 135, 371.4439590154423)
(0, 0, 0, 136, 312.37430674292835)
(0, 0, 0, 137, 531.4685691076353)
(0, 0, 0, 138, 388.4887133641574)
(0, 0, 0, 139, 506.5554955715323)
(0, 0, 0, 140, 390.84267879043495)
(0, 0, 0, 141, 368.21412274258444)
(0, 0, 0, 142, 402.76963293276697)
(0, 0, 0, 143, 440.86661619112095)
(0, 0, 0, 144, 419.30873004952605)
(0, 0, 0, 145, 417.8638517451316)
(0, 0, 0, 146, 417.52606386291734)
(0, 0, 0, 147, 388.9742722302471)
(0, 0, 0, 148, 464.46223696441035)
(0, 0, 0, 149, 288.04074434618656)
(0, 0, 0, 150, 329.13540104978864)
(0, 0, 0, 151, 332.49326087381587)
(0, 0, 0, 152, 560.9726278838592)
(0, 0, 0, 153, 361.3503071166171)
(0, 0, 0, 154, 391.5406388327799)
(0, 0, 0, 155, 484.30946294646685)
(0, 0, 0, 156, 576.4308239380865)
(0, 0, 0, 157, 332.2013842007212)
(0, 0, 0, 158, 307.6067456739417)
(0, 0, 0, 159, 554.5612548310087)
(0, 0, 0, 160, 386.9561269948796)
(0, 0, 0, 161, 377.32677260763717)
(0, 0, 0, 162, 394.9291056772464)
(0, 0, 0, 163, 349.7806761526349)
(0, 0, 0, 164, 307.23587160805147)
(0, 0, 0, 165, 636.7781612424167)
(0, 0, 0, 166, 341.99230553073403)
(0, 0, 0, 167, 411.8682282421129)
(0, 0, 0, 168, 669.4553277284047)
(0, 0, 0, 169, 551.87607728699)
(0, 0, 0, 170, 372.2914506532913)
(0, 0, 0, 171, 420.38521083433056)
(0, 0, 0, 172, 565.6420011835477)
(0, 0, 0, 173, 609.1236797998489)
(0, 0, 0, 174, 324.5339826851713)
(0, 0, 0, 175, 482.97553000430304)
(0, 0, 0, 176, 325.999923201665)
(0, 0, 0, 177, 368.97191388105523)
(0, 0, 0, 178, 468.1585894755223)
(0, 0, 0, 179, 481.7632797888656)
(0, 0, 0, 180, 591.602462021038)
(0, 0, 0, 181, 366.0348821013761)
(0, 0, 0, 182, 321.7180599128447)
(0, 0, 0, 183, 341.20812935022195)
(0, 0, 0, 184, 443.9322536808548)
(0, 0, 0, 185, 374.1094829075572)
(0, 0, 0, 186, 265.20557085268047)
(0, 0, 0, 187, 375.17042881071603)
(0, 0, 0, 188, 386.7016241029636)
(0, 0, 0, 189, 418.18858260544323)
(0, 0, 0, 190, 376.71406788133373)
(0, 0, 0, 191, 305.0592594019901)
(0, 0, 0, 192, 462.3054172209904)
(0, 0, 0, 193, 288.7063355042958)
(0, 0, 0, 194, 488.8007600402993)
(0, 0, 0, 195, 502.48876185536113)
(0, 0, 0, 196, 392.82545146973837)
(0, 0, 0, 197, 458.6136906709268)
(0, 0, 0, 198, 313.1354359458576)
(0, 0, 0, 199, 486.64077980985184)
(0, 0, 0, 200, 562.5896516977341)
(0, 0, 0, 201, 407.85611455125195)
(0, 0, 0, 202, 474.3575603775758)
(0, 0, 0, 203, 491.9405264344782)
(0, 0, 0, 204, 463.64234804603444)
(0, 0, 0, 205, 369.9371559124459)
(0, 0, 0, 206, 406.45813351677936)
(0, 0, 0, 207, 547.6347207944655)
(0, 0, 0, 208, 563.9192312066148)
(0, 0, 0, 209, 369.69708522947)
(0, 0, 0, 210, 367.0301144917134)
(0, 0, 0, 211, 406.20257635881694)
(0, 0, 0, 212, 409.4025601193132)
(0, 0, 0, 213, 478.56947617269424)
(0, 0, 0, 214, 398.90641584498417)
(0, 0, 0, 215, 420.49600902285783)
(0, 0, 0, 216, 417.71316680048847)
(0, 0, 0, 217, 425.59068861440744)
(0, 0, 0, 218, 445.9142821330887)
(0, 0, 0, 219, 352.61102849377323)
(0, 0, 0, 220, 358.90667856634786)
(0, 0, 0, 221, 353.56701757266006)
(0, 0, 0, 222, 484.6803427223195)
(0, 0, 0, 223, 433.65000296620565)
(0, 0, 0, 224, 464.1777562339813)
(0, 0, 0, 225, 642.4447147914549)
(0, 0, 0, 226, 341.02177181177666)
(0, 0, 0, 227, 332.065862042596)
(0, 0, 0, 228, 362.9733896451888)
(0, 0, 0, 229, 498.05195508548593)
(0, 0, 0, 230, 464.5557632108423)
(0, 0, 0, 231, 310.32522338170514)
(0, 0, 0, 232, 302.7616433101854)
(0, 0, 0, 233, 349.443964497119)
(0, 0, 0, 234, 354.96217295131964)
(0, 0, 0, 235, 441.3682113985511)
(0, 0, 0, 236, 433.42287775895227)
(0, 0, 0, 237, 640.21525291522)
(0, 0, 0, 238, 502.7773685173245)
(0, 0, 0, 239, 512.3122503932498)
(0, 0, 0, 240, 440.6139845230846)
(0, 0, 0, 241, 425.63345905667546)
(0, 0, 0, 242, 391.5348148142749)
(0, 0, 0, 243, 409.18616877099913)
(0, 0, 0, 244, 406.9909381252322)
(0, 0, 0, 245, 373.5257110498746)
(0, 0, 0, 246, 428.02865549564325)
(0, 0, 0, 247, 507.9917009401262)
(0, 0, 0, 248, 349.2803798125111)
(0, 0, 0, 249, 279.6980640424145)
(0, 0, 1, 0, 972.4083263958236)
(0, 0, 1, 1, 1224.1790271056943)
(0, 0, 1, 2, 951.3724520789484)
(0, 0, 1, 3, 582.5290891217674)
(0, 0, 1, 4, 907.133804089693)
(0, 0, 1, 5, 869.7812378271121)
(0, 0, 1, 6, 965.229293111925)
(0, 0, 1, 7, 2356.894403180392)
(0, 0, 1, 8, 984.4513252190684)
(0, 0, 1, 9, 900.6804199203332)
(0, 0, 1, 10, 914.3705820968382)
(0, 0, 1, 11, 558.8685622503559)
(0, 0, 1, 12, 1093.405441676299)
(0, 0, 1, 13, 1461.8328180228837)
(0, 0, 1, 14, 1057.4650107849661)
(0, 0, 1, 15, 1673.281954771145)
(0, 0, 1, 16, 1450.280087367845)
(0, 0, 1, 17, 1434.9855937853624)
(0, 0, 1, 18, 1754.2778319205634)
(0, 0, 1, 19, 1329.1537965688772)
(0, 0, 1, 20, 1777.9294500481478)
(0, 0, 1, 21, 1216.8167419174324)
(0, 0, 1, 22, 742.2524933026451)
(0, 0, 1, 23, 1190.7846003530801)
(0, 0, 1, 24, 883.554835887918)
(0, 0, 1, 25, 1743.38643274474)
(0, 0, 1, 26, 1989.2590882473305)
(0, 0, 1, 27, 926.1610214798305)
(0, 0, 1, 28, 1380.2593182774478)
(0, 0, 1, 29, 1764.1168247412845)
(0, 0, 1, 30, 1725.7038651892642)
(0, 0, 1, 31, 1289.7902787664511)
(0, 0, 1, 32, 1966.4142812799364)
(0, 0, 1, 33, 3049.4557967343057)
(0, 0, 1, 34, 1168.6267092117196)
(0, 0, 1, 35, 1061.0566174757862)
(0, 0, 1, 36, 1612.212984558093)
(0, 0, 1, 37, 745.0393867042148)
(0, 0, 1, 38, 2458.5560698758873)
(0, 0, 1, 39, 1096.111416551767)
(0, 0, 1, 40, 1814.5049055989969)
(0, 0, 1, 41, 1836.79903552184)
(0, 0, 1, 42, 1689.7388449910643)
(0, 0, 1, 43, 857.4252758529112)
(0, 0, 1, 44, 2463.562645900832)
(0, 0, 1, 45, 2522.6011170493503)
(0, 0, 1, 46, 1107.0767929793737)
(0, 0, 1, 47, 1065.1576585250548)
(0, 0, 1, 48, 1111.2744680887154)
(0, 0, 1, 49, 1028.6432785846753)
(0, 0, 1, 50, 954.7250142621391)
(0, 0, 1, 51, 536.6151662486801)
(0, 0, 1, 52, 2225.102339505653)
(0, 0, 1, 53, 2888.756550837896)
(0, 0, 1, 54, 1390.1439209912712)
(0, 0, 1, 55, 723.8909030122768)
(0, 0, 1, 56, 1856.324753153839)
(0, 0, 1, 57, 1336.859849349421)
(0, 0, 1, 58, 734.7810980076142)
(0, 0, 1, 59, 1706.1300429270623)
(0, 0, 1, 60, 1236.6188182063484)
(0, 0, 1, 61, 1019.8834974723926)
(0, 0, 1, 62, 1634.5246600541868)
(0, 0, 1, 63, 804.0093095353936)
(0, 0, 1, 64, 2182.7540142253524)
(0, 0, 1, 65, 883.1235573510012)
(0, 0, 1, 66, 1325.1937214655784)
(0, 0, 1, 67, 1749.924899927344)
(0, 0, 1, 68, 962.9730160622865)
(0, 0, 1, 69, 1613.521967438711)
(0, 0, 1, 70, 1295.6675327263383)
(0, 0, 1, 71, 684.2898315787148)
(0, 0, 1, 72, 705.3745936676623)
(0, 0, 1, 73, 1540.2325232807207)
(0, 0, 1, 74, 1172.6833693575522)
(0, 0, 1, 75, 1089.1733996587159)
(0, 0, 1, 76, 826.1079670911283)
(0, 0, 1, 77, 1214.0557401984945)
(0, 0, 1, 78, 889.2666846922425)
(0, 0, 1, 79, 2016.684015036204)
(0, 0, 1, 80, 1318.6847008322247)
(0, 0, 1, 81, 1779.3644800171771)
(0, 0, 1, 82, 1343.518952704723)
(0, 0, 1, 83, 570.9033258168979)
(0, 0, 1, 84, 2574.131251560874)
(0, 0, 1, 85, 967.8776775993782)
(0, 0, 1, 86, 1233.3913097632942)
(0, 0, 1, 87, 1917.609304915125)
(0, 0, 1, 88, 757.7415354347513)
(0, 0, 1, 89, 1294.6324799115728)
(0, 0, 1, 90, 1640.5944772575717)
(0, 0, 1, 91, 1346.9069628383734)
(0, 0, 1, 92, 1039.0808391196736)
(0, 0, 1, 93, 1051.8183042308751)
(0, 0, 1, 94, 1579.295913422633)
(0, 0, 1, 95, 2326.303428534853)
(0, 0, 1, 96, 750.5122936072853)
(0, 0, 1, 97, 1076.8334784921701)
(0, 0, 1, 98, 2084.5936440361)
(0, 0, 1, 99, 1000.3875819685061)
(0, 0, 1, 100, 1719.615024440716)
(0, 0, 1, 101, 839.4336122881849)
(0, 0, 1, 102, 1207.468817878592)
(0, 0, 1, 103, 1070.8304698166419)
(0, 0, 1, 104, 1351.4702991179224)
(0, 0, 1, 105, 2038.7053098309634)
(0, 0, 1, 106, 1576.7897727281158)
(0, 0, 1, 107, 1129.4370729381524)
(0, 0, 1, 108, 1321.7015830782998)
(0, 0, 1, 109, 792.6347592303878)
(0, 0, 1, 110, 2414.9421232290765)
(0, 0, 1, 111, 3236.6907281089784)
(0, 0, 1, 112, 912.9732838465372)
(0, 0, 1, 113, 1214.5960583657177)
(0, 0, 1, 114, 2032.2337935918242)
(0, 0, 1, 115, 866.0940266516109)
(0, 0, 1, 116, 918.2569524580134)
(0, 0, 1, 117, 1065.526226173823)
(0, 0, 1, 118, 939.7522794625022)
(0, 0, 1, 119, 1657.604271628733)
(0, 0, 1, 120, 962.5400468096832)
(0, 0, 1, 121, 1918.3180120967015)
(0, 0, 1, 122, 1742.0887720868868)
(0, 0, 1, 123, 862.3708508636407)
(0, 0, 1, 124, 598.6907246196104)
(0, 0, 1, 125, 1264.8518972079535)
(0, 0, 1, 126, 1691.3849806409974)
(0, 0, 1, 127, 1400.972461176106)
(0, 0, 1, 128, 999.8720526658095)
(0, 0, 1, 129, 898.5608655391701)
(0, 0, 1, 130, 805.2962188763081)
(0, 0, 1, 131, 2499.289387652656)
(0, 0, 1, 132, 1769.4409684173086)
(0, 0, 1, 133, 1243.4281680778647)
(0, 0, 1, 134, 1266.3549404924058)
(0, 0, 1, 135, 1580.8583729950844)
(0, 0, 1, 136, 1433.6408218445956)
(0, 0, 1, 137, 1905.4881273892865)
(0, 0, 1, 138, 1570.597971313573)
(0, 0, 1, 139, 1059.525955551034)
(0, 0, 1, 140, 1617.4247976339095)
(0, 0, 1, 141, 1258.861497155141)
(0, 0, 1, 142, 1351.2905996503114)
(0, 0, 1, 143, 1212.8828473167982)
(0, 0, 1, 144, 977.0962563625998)
(0, 0, 1, 145, 952.1751571210473)
(0, 0, 1, 146, 1550.6633393816146)
(0, 0, 1, 147, 1846.6724756815222)
(0, 0, 1, 148, 1619.1145460123792)
(0, 0, 1, 149, 787.3474515512884)
(0, 0, 1, 150, 1644.3844533212834)
(0, 0, 1, 151, 2431.510276746698)
(0, 0, 1, 152, 1363.9167620083867)
(0, 0, 1, 153, 1351.9000499346776)
(0, 0, 1, 154, 1124.9887097556662)
(0, 0, 1, 155, 1140.6690385717745)
(0, 0, 1, 156, 1213.9393213527405)
(0, 0, 1, 157, 1847.4600664490704)
(0, 0, 1, 158, 751.3633216440064)
(0, 0, 1, 159, 865.2961817520479)
(0, 0, 1, 160, 1224.343587822417)
(0, 0, 1, 161, 1444.2777680865654)
(0, 0, 1, 162, 1269.514478969905)
(0, 0, 1, 163, 971.5120364075784)
(0, 0, 1, 164, 1589.3772364021704)
(0, 0, 1, 165, 1096.7763969282294)
(0, 0, 1, 166, 898.5468136023468)
(0, 0, 1, 167, 3161.2331110654677)
(0, 0, 1, 168, 1069.009141314209)
(0, 0, 1, 169, 1010.8919530926006)
(0, 0, 1, 170, 999.0256707507102)
(0, 0, 1, 171, 587.1364206389978)
(0, 0, 1, 172, 870.2545981698895)
(0, 0, 1, 173, 1612.8912071736806)
(0, 0, 1, 174, 863.99106536662)
(0, 0, 1, 175, 1334.0059455266319)
(0, 0, 1, 176, 1111.4921846107966)
(0, 0, 1, 177, 827.0570572180643)
(0, 0, 1, 178, 1786.5105177419996)
(0, 0, 1, 179, 865.9492349991547)
(0, 0, 1, 180, 974.0352626364912)
(0, 0, 1, 181, 1832.6813441187417)
(0, 0, 1, 182, 1505.3494492373507)
(0, 0, 1, 183, 1701.806682945874)
(0, 0, 1, 184, 1004.522511332255)
(0, 0, 1, 185, 1333.7752713436191)
(0, 0, 1, 186, 892.5248510617145)
(0, 0, 1, 187, 958.0014494096453)
(0, 0, 1, 188, 825.8093445156697)
(0, 0, 1, 189, 873.0743826016619)
(0, 0, 1, 190, 1141.9243869233171)
(0, 0, 1, 191, 1214.43248455699)
(0, 0, 1, 192, 1370.212116325939)
(0, 0, 1, 193, 1089.6353451634263)
(0, 0, 1, 194, 907.4600185604718)
(0, 0, 1, 195, 1515.078879102329)
(0, 0, 1, 196, 1009.4927768501602)
(0, 0, 1, 197, 1492.9662478677851)
(0, 0, 1, 198, 706.7038208519234)
(0, 0, 1, 199, 1813.8535552911173)
(0, 0, 1, 200, 2310.6893255216746)
(0, 0, 1, 201, 973.1922321847494)
(0, 0, 1, 202, 1340.2888121185965)
(0, 0, 1, 203, 1202.5666355662192)
(0, 0, 1, 204, 673.7878176273132)
(0, 0, 1, 205, 1693.082115712514)
(0, 0, 1, 206, 1299.9951142151124)
(0, 0, 1, 207, 545.1343259483689)
(0, 0, 1, 208, 1862.6038686256534)
(0, 0, 1, 209, 1551.6693441467473)
(0, 0, 1, 210, 1290.091982168038)
(0, 0, 1, 211, 856.2021770847222)
(0, 0, 1, 212, 1546.0105429923476)
(0, 0, 1, 213, 2611.7388556381547)
(0, 0, 1, 214, 970.3806594700025)
(0, 0, 1, 215, 1306.8896435788456)
(0, 0, 1, 216, 1224.9100025569928)
(0, 0, 1, 217, 1069.3904478664444)
(0, 0, 1, 218, 1496.3983152374008)
(0, 0, 1, 219, 2925.4202058189962)
(0, 0, 1, 220, 3133.619902347879)
(0, 0, 1, 221, 1626.4940247901907)
(0, 0, 1, 222, 989.7656947950571)
(0, 0, 1, 223, 1832.352210349306)
(0, 0, 1, 224, 1328.786619292018)
(0, 0, 1, 225, 734.9705079662656)
(0, 0, 1, 226, 1156.4577237677522)
(0, 0, 1, 227, 1142.1474140169594)
(0, 0, 1, 228, 1827.8741009169817)
(0, 0, 1, 229, 1313.4966685339166)
(0, 0, 1, 230, 1037.5955890790021)
(0, 0, 1, 231, 857.4705536950848)
(0, 0, 1, 232, 1568.1347299821737)
(0, 0, 1, 233, 849.5072395915201)
(0, 0, 1, 234, 1074.8944466326036)
(0, 0, 1, 235, 1528.3089522005102)
(0, 0, 1, 236, 1756.2562819194607)
(0, 0, 1, 237, 944.5756940696958)
(0, 0, 1, 238, 908.8053304726122)
(0, 0, 1, 239, 1218.7406639198043)
(0, 0, 1, 240, 1570.3448663270542)
(0, 0, 1, 241, 1342.783350981596)
(0, 0, 1, 242, 780.3581189617688)
(0, 0, 1, 243, 849.6197962619252)
(0, 0, 1, 244, 2005.659783426776)
(0, 0, 1, 245, 1707.1845229527848)
(0, 0, 1, 246, 1422.3054811347565)
(0, 0, 1, 247, 916.3997086033887)
(0, 0, 1, 248, 676.1687205866866)
(0, 0, 1, 249, 558.5833638310129)
(0, 1, 0, 0, 431.59487030490516)
(0, 1, 0, 1, 581.4167648930054)
(0, 1, 0, 2, 559.9047349572863)
(0, 1, 0, 3, 425.43800595617586)
(0, 1, 0, 4, 640.6296247738385)
(0, 1, 0, 5, 674.9642844786616)
(0, 1, 0, 6, 559.6792285446596)
(0, 1, 0, 7, 500.25111722594573)
(0, 1, 0, 8, 586.5583632030749)
(0, 1, 0, 9, 558.9590594700189)
(0, 1, 0, 10, 434.7986752758024)
(0, 1, 0, 11, 509.86513938067606)
(0, 1, 0, 12, 603.5012348135756)
(0, 1, 0, 13, 509.00248677330796)
(0, 1, 0, 14, 584.5730003145978)
(0, 1, 0, 15, 486.6574881519918)
(0, 1, 0, 16, 703.7937943029638)
(0, 1, 0, 17, 803.7058249968846)
(0, 1, 0, 18, 799.7130287632551)
(0, 1, 0, 19, 543.2250942688162)
(0, 1, 0, 20, 472.6355899852097)
(0, 1, 0, 21, 578.5812567938801)
(0, 1, 0, 22, 495.2002004324992)
(0, 1, 0, 23, 498.8587722620295)
(0, 1, 0, 24, 436.25875959911014)
(0, 1, 0, 25, 543.9123939837216)
(0, 1, 0, 26, 504.13422877720103)
(0, 1, 0, 27, 574.0354228727197)
(0, 1, 0, 28, 621.9168173814818)
(0, 1, 0, 29, 538.8340564492524)
(0, 1, 0, 30, 536.9372932029519)
(0, 1, 0, 31, 649.0255492474104)
(0, 1, 0, 32, 797.9517096499092)
(0, 1, 0, 33, 495.9079416246554)
(0, 1, 0, 34, 484.3305320633559)
(0, 1, 0, 35, 503.7729046225213)
(0, 1, 0, 36, 556.9346453686663)
(0, 1, 0, 37, 438.0233950715775)
(0, 1, 0, 38, 511.5205407211876)
(0, 1, 0, 39, 542.553363584519)
(0, 1, 0, 40, 490.5944844157805)
(0, 1, 0, 41, 613.0257547640902)
(0, 1, 0, 42, 587.0749347968657)
(0, 1, 0, 43, 790.2341191115944)
(0, 1, 0, 44, 559.5537337968921)
(0, 1, 0, 45, 635.5807090413757)
(0, 1, 0, 46, 677.3935604794157)
(0, 1, 0, 47, 483.68987746425125)
(0, 1, 0, 48, 518.048225693027)
(0, 1, 0, 49, 450.5071856458696)
(0, 1, 0, 50, 867.1091569647341)
(0, 1, 0, 51, 446.78877719677325)
(0, 1, 0, 52, 566.3853051963563)
(0, 1, 0, 53, 544.8873315951189)
(0, 1, 0, 54, 399.2970200205033)
(0, 1, 0, 55, 475.1479923159201)
(0, 1, 0, 56, 632.2787264622541)
(0, 1, 0, 57, 494.7931744033667)
(0, 1, 0, 58, 553.3909747015422)
(0, 1, 0, 59, 644.4529596100347)
(0, 1, 0, 60, 894.8342063428943)
(0, 1, 0, 61, 765.6788105016208)
(0, 1, 0, 62, 511.9383873268715)
(0, 1, 0, 63, 481.6373392128682)
(0, 1, 0, 64, 726.5349617346031)
(0, 1, 0, 65, 697.9561187391237)
(0, 1, 0, 66, 593.5242845778577)
(0, 1, 0, 67, 579.7774747966653)
(0, 1, 0, 68, 587.9455668800026)
(0, 1, 0, 69, 522.7845389609139)
(0, 1, 0, 70, 629.1970684434355)
(0, 1, 0, 71, 753.7465667451951)
(0, 1, 0, 72, 640.8405227276673)
(0, 1, 0, 73, 663.638302297308)
(0, 1, 0, 74, 439.87584813176744)
(0, 1, 0, 75, 528.0359657815735)
(0, 1, 0, 76, 450.3900095193879)
(0, 1, 0, 77, 693.7435268885238)
(0, 1, 0, 78, 593.9223726816177)
(0, 1, 0, 79, 566.2445623476779)
(0, 1, 0, 80, 642.2669959060464)
(0, 1, 0, 81, 529.9250879931128)
(0, 1, 0, 82, 394.4263650561751)
(0, 1, 0, 83, 533.22885670919)
(0, 1, 0, 84, 500.84758569325504)
(0, 1, 0, 85, 607.6647670479836)
(0, 1, 0, 86, 592.379757426099)
(0, 1, 0, 87, 591.7258651016197)
(0, 1, 0, 88, 946.064179387508)
(0, 1, 0, 89, 659.5901961923674)
(0, 1, 0, 90, 485.2767533161343)
(0, 1, 0, 91, 556.3197857605933)
(0, 1, 0, 92, 672.3702586790507)
(0, 1, 0, 93, 512.7626521769153)
(0, 1, 0, 94, 690.034562501434)
(0, 1, 0, 95, 424.41593691751376)
(0, 1, 0, 96, 463.40024691728775)
(0, 1, 0, 97, 719.1346916478383)
(0, 1, 0, 98, 579.5022760757221)
(0, 1, 0, 99, 761.1668332369252)
(0, 1, 0, 100, 777.4782982289943)
(0, 1, 0, 101, 856.7808241225075)
(0, 1, 0, 102, 547.3864446814687)
(0, 1, 0, 103, 472.14150709271655)
(0, 1, 0, 104, 642.0509589934252)
(0, 1, 0, 105, 644.3620645012375)
(0, 1, 0, 106, 791.7612110122833)
(0, 1, 0, 107, 579.4352363892216)
(0, 1, 0, 108, 645.594917505088)
(0, 1, 0, 109, 601.4159512698045)
(0, 1, 0, 110, 736.4237889490925)
(0, 1, 0, 111, 526.4956154065699)
(0, 1, 0, 112, 471.45691938565886)
(0, 1, 0, 113, 519.7836161580658)
(0, 1, 0, 114, 651.26044351109)
(0, 1, 0, 115, 574.4530368816488)
(0, 1, 0, 116, 601.6674816895753)
(0, 1, 0, 117, 492.8663818908557)
(0, 1, 0, 118, 687.7649663254497)
(0, 1, 0, 119, 627.5061143961824)
(0, 1, 0, 120, 524.1293985571863)
(0, 1, 0, 121, 791.8173055729897)
(0, 1, 0, 122, 724.9805028962995)
(0, 1, 0, 123, 419.1492730188834)
(0, 1, 0, 124, 544.995522981416)
(0, 1, 0, 125, 586.7914102065164)
(0, 1, 0, 126, 703.9399306951435)
(0, 1, 0, 127, 537.1706728294444)
(0, 1, 0, 128, 593.8609239253686)
(0, 1, 0, 129, 631.0902682315184)
(0, 1, 0, 130, 462.19196270085394)
(0, 1, 0, 131, 451.77325199090365)
(0, 1, 0, 132, 407.06976213415976)
(0, 1, 0, 133, 593.1094649601297)
(0, 1, 0, 134, 682.0963296226735)
(0, 1, 0, 135, 464.34050936581554)
(0, 1, 0, 136, 529.3558808018585)
(0, 1, 0, 137, 708.4214319060426)
(0, 1, 0, 138, 562.4766739128295)
(0, 1, 0, 139, 668.8452877832617)
(0, 1, 0, 140, 457.58884695198833)
(0, 1, 0, 141, 529.6782112657216)
(0, 1, 0, 142, 509.22265843314295)
(0, 1, 0, 143, 588.2114711409342)
(0, 1, 0, 144, 553.9207190505521)
(0, 1, 0, 145, 474.8790554009153)
(0, 1, 0, 146, 575.993860386167)
(0, 1, 0, 147, 535.0072683234948)
(0, 1, 0, 148, 595.3288275803116)
(0, 1, 0, 149, 444.49378903231946)
(0, 1, 0, 150, 511.26324686280117)
(0, 1, 0, 151, 478.1999110158786)
(0, 1, 0, 152, 649.2212309988704)
(0, 1, 0, 153, 589.9818400217655)
(0, 1, 0, 154, 563.0559198963858)
(0, 1, 0, 155, 708.0738495223292)
(0, 1, 0, 156, 644.6698736155033)
(0, 1, 0, 157, 563.3008942528431)
(0, 1, 0, 158, 330.2087175506945)
(0, 1, 0, 159, 757.750592773645)
(0, 1, 0, 160, 548.1489188795208)
(0, 1, 0, 161, 525.9264609002408)
(0, 1, 0, 162, 586.8425444934222)
(0, 1, 0, 163, 488.8652140436255)
(0, 1, 0, 164, 524.2320959058165)
(0, 1, 0, 165, 936.8904481182436)
(0, 1, 0, 166, 466.36609385229156)
(0, 1, 0, 167, 522.7982399904253)
(0, 1, 0, 168, 810.7733670589226)
(0, 1, 0, 169, 757.496250785217)
(0, 1, 0, 170, 447.3138924830347)
(0, 1, 0, 171, 473.05072964449533)
(0, 1, 0, 172, 792.7787400635996)
(0, 1, 0, 173, 815.0566841338324)
(0, 1, 0, 174, 423.83959424941304)
(0, 1, 0, 175, 656.7295526106459)
(0, 1, 0, 176, 551.9538627088322)
(0, 1, 0, 177, 439.3208156523855)
(0, 1, 0, 178, 606.8251512662697)
(0, 1, 0, 179, 620.0951115791576)
(0, 1, 0, 180, 787.523858027801)
(0, 1, 0, 181, 456.13185955246433)
(0, 1, 0, 182, 494.3856206708883)
(0, 1, 0, 183, 471.22117815702256)
(0, 1, 0, 184, 788.6286672067563)
(0, 1, 0, 185, 577.0237964950659)
(0, 1, 0, 186, 471.70148140573974)
(0, 1, 0, 187, 473.63177587691916)
(0, 1, 0, 188, 519.0474641321041)
(0, 1, 0, 189, 474.5659956228666)
(0, 1, 0, 190, 508.7207868019522)
(0, 1, 0, 191, 536.6707385125733)
(0, 1, 0, 192, 523.1234599018127)
(0, 1, 0, 193, 405.564219678221)
(0, 1, 0, 194, 760.3461972468536)
(0, 1, 0, 195, 579.6956174248407)
(0, 1, 0, 196, 538.6794391786485)
(0, 1, 0, 197, 590.8428337661248)
(0, 1, 0, 198, 478.12337140145286)
(0, 1, 0, 199, 643.5685696646641)
(0, 1, 0, 200, 807.5204677172893)
(0, 1, 0, 201, 553.9412074382882)
(0, 1, 0, 202, 657.2020300080476)
(0, 1, 0, 203, 541.5462998632602)
(0, 1, 0, 204, 677.6272958678063)
(0, 1, 0, 205, 436.98716760772055)
(0, 1, 0, 206, 495.7438232697981)
(0, 1, 0, 207, 665.1885618979306)
(0, 1, 0, 208, 735.0365239372614)
(0, 1, 0, 209, 571.4847196862041)
(0, 1, 0, 210, 656.924234556165)
(0, 1, 0, 211, 429.54627231306006)
(0, 1, 0, 212, 470.55519745454825)
(0, 1, 0, 213, 515.5519222142069)
(0, 1, 0, 214, 664.2602296216174)
(0, 1, 0, 215, 629.1648685352343)
(0, 1, 0, 216, 543.5292567025975)
(0, 1, 0, 217, 687.7042655514645)
(0, 1, 0, 218, 566.3233540082304)
(0, 1, 0, 219, 426.7802448869075)
(0, 1, 0, 220, 613.9402109242556)
(0, 1, 0, 221, 522.7766279005627)
(0, 1, 0, 222, 649.4464437058978)
(0, 1, 0, 223, 623.049455573169)
(0, 1, 0, 224, 514.2321674393609)
(0, 1, 0, 225, 941.4484576350359)
(0, 1, 0, 226, 491.0543832066325)
(0, 1, 0, 227, 452.7097973937482)
(0, 1, 0, 228, 528.7817761480071)
(0, 1, 0, 229, 675.5701165765563)
(0, 1, 0, 230, 503.11859098349265)
(0, 1, 0, 231, 497.13815675692774)
(0, 1, 0, 232, 460.34720985102496)
(0, 1, 0, 233, 491.07258653409764)
(0, 1, 0, 234, 453.08251315299333)
(0, 1, 0, 235, 619.593923021606)
(0, 1, 0, 236, 566.4985144283221)
(0, 1, 0, 237, 867.5635465700273)
(0, 1, 0, 238, 722.9864056136028)
(0, 1, 0, 239, 646.6193806355933)
(0, 1, 0, 240, 612.200307884084)
(0, 1, 0, 241, 593.619352378467)
(0, 1, 0, 242, 586.6603646112552)
(0, 1, 0, 243, 533.7286370130122)
(0, 1, 0, 244, 611.1458768456789)
(0, 1, 0, 245, 562.7420936590214)
(0, 1, 0, 246, 718.9023943826827)
(0, 1, 0, 247, 605.9144776099205)
(0, 1, 0, 248, 431.654580937344)
(0, 1, 0, 249, 409.5847607874798)
(0, 1, 1, 0, 1105.0772340093044)
(0, 1, 1, 1, 1380.53257865772)
(0, 1, 1, 2, 1053.4074973698368)
(0, 1, 1, 3, 660.3929199466769)
(0, 1, 1, 4, 1062.4764234603274)
(0, 1, 1, 5, 901.6900088858542)
(0, 1, 1, 6, 1084.5470908501204)
(0, 1, 1, 7, 2626.4275426452386)
(0, 1, 1, 8, 1256.755684796447)
(0, 1, 1, 9, 1031.3538501784387)
(0, 1, 1, 10, 963.7323693266491)
(0, 1, 1, 11, 647.2763010093016)
(0, 1, 1, 12, 1172.9137353580036)
(0, 1, 1, 13, 1636.984876144054)
(0, 1, 1, 14, 1202.4093723144777)
(0, 1, 1, 15, 1870.6470016312355)
(0, 1, 1, 16, 1612.887309243203)
(0, 1, 1, 17, 1558.6648764090232)
(0, 1, 1, 18, 1812.356991434259)
(0, 1, 1, 19, 1469.16119043596)
(0, 1, 1, 20, 2034.1670424108747)
(0, 1, 1, 21, 1377.2064739230998)
(0, 1, 1, 22, 712.6650451919828)
(0, 1, 1, 23, 1402.2630404356366)
(0, 1, 1, 24, 974.9621110543386)
(0, 1, 1, 25, 1956.8338267113938)
(0, 1, 1, 26, 2176.134028134145)
(0, 1, 1, 27, 1131.5153714226294)
(0, 1, 1, 28, 1529.696662384405)
(0, 1, 1, 29, 2017.5967318951339)
(0, 1, 1, 30, 1830.1253543948462)
(0, 1, 1, 31, 1474.6648489796228)
(0, 1, 1, 32, 2241.5571252183363)
(0, 1, 1, 33, 3194.7114911897966)
(0, 1, 1, 34, 1452.383279745671)
(0, 1, 1, 35, 1248.5210385696168)
(0, 1, 1, 36, 1836.2657204070308)
(0, 1, 1, 37, 841.9695144055249)
(0, 1, 1, 38, 2783.1529759385803)
(0, 1, 1, 39, 1205.436791878147)
(0, 1, 1, 40, 2024.2099615433838)
(0, 1, 1, 41, 1966.8588102835065)
(0, 1, 1, 42, 1822.2560824713355)
(0, 1, 1, 43, 927.8047265815205)
(0, 1, 1, 44, 2747.594427669799)
(0, 1, 1, 45, 2634.114418220685)
(0, 1, 1, 46, 1268.4308236983043)
(0, 1, 1, 47, 1174.1639868289735)
(0, 1, 1, 48, 1241.6049181491762)
(0, 1, 1, 49, 1183.3722865736365)
(0, 1, 1, 50, 1056.8979284614625)
(0, 1, 1, 51, 651.4042418968874)
(0, 1, 1, 52, 2365.147976352179)
(0, 1, 1, 53, 3145.3266522299373)
(0, 1, 1, 54, 1583.961219940273)
(0, 1, 1, 55, 787.2070518946953)
(0, 1, 1, 56, 1981.8095615681193)
(0, 1, 1, 57, 1561.027904110102)
(0, 1, 1, 58, 851.619450843146)
(0, 1, 1, 59, 1868.0406492266075)
(0, 1, 1, 60, 1467.8272550342942)
(0, 1, 1, 61, 1125.1447114724888)
(0, 1, 1, 62, 1861.3907781979008)
(0, 1, 1, 63, 769.0866651565739)
(0, 1, 1, 64, 2311.105706803941)
(0, 1, 1, 65, 1029.504536497112)
(0, 1, 1, 66, 1414.0471241834005)
(0, 1, 1, 67, 2031.08182147704)
(0, 1, 1, 68, 1081.837481664148)
(0, 1, 1, 69, 1823.3252701721224)
(0, 1, 1, 70, 1393.4822211612034)
(0, 1, 1, 71, 683.2165597351066)
(0, 1, 1, 72, 747.7189233416642)
(0, 1, 1, 73, 1719.7405929506792)
(0, 1, 1, 74, 1364.2369349396304)
(0, 1, 1, 75, 1256.6521569121417)
(0, 1, 1, 76, 898.3290568775285)
(0, 1, 1, 77, 1235.3017556666168)
(0, 1, 1, 78, 971.1618559997564)
(0, 1, 1, 79, 2165.516882158067)
(0, 1, 1, 80, 1609.6494897151254)
(0, 1, 1, 81, 1891.96444760828)
(0, 1, 1, 82, 1420.6867823945684)
(0, 1, 1, 83, 664.0512229950426)
(0, 1, 1, 84, 2786.729737333096)
(0, 1, 1, 85, 1035.7426448309368)
(0, 1, 1, 86, 1412.7985806151419)
(0, 1, 1, 87, 2101.1849755749354)
(0, 1, 1, 88, 794.1680005148606)
(0, 1, 1, 89, 1461.369860033491)
(0, 1, 1, 90, 1887.8676322494723)
(0, 1, 1, 91, 1483.0477926125368)
(0, 1, 1, 92, 1203.609317563121)
(0, 1, 1, 93, 1251.7818215971295)
(0, 1, 1, 94, 1602.47263919666)
(0, 1, 1, 95, 2494.0438806684847)
(0, 1, 1, 96, 777.667402327617)
(0, 1, 1, 97, 1199.1095206708333)
(0, 1, 1, 98, 2366.9898525367466)
(0, 1, 1, 99, 1086.0427167224977)
(0, 1, 1, 100, 1942.3123817210844)
(0, 1, 1, 101, 1034.6714522982559)
(0, 1, 1, 102, 1302.204663030107)
(0, 1, 1, 103, 1121.667100126221)
(0, 1, 1, 104, 1532.3932097884092)
(0, 1, 1, 105, 2215.2601831535912)
(0, 1, 1, 106, 1672.3166408481616)
(0, 1, 1, 107, 1184.755561218331)
(0, 1, 1, 108, 1497.0490096761148)
(0, 1, 1, 109, 871.8686465293247)
(0, 1, 1, 110, 2601.526665296571)
(0, 1, 1, 111, 3539.12451540296)
(0, 1, 1, 112, 1018.9594437663892)
(0, 1, 1, 113, 1322.28594960191)
(0, 1, 1, 114, 2138.197326971919)
(0, 1, 1, 115, 910.6935671021465)
(0, 1, 1, 116, 1101.212475663748)
(0, 1, 1, 117, 1185.1432938666694)
(0, 1, 1, 118, 1115.1224454179883)
(0, 1, 1, 119, 1796.8023409714556)
(0, 1, 1, 120, 1158.1285092435246)
(0, 1, 1, 121, 2083.1237696835374)
(0, 1, 1, 122, 2036.5136203375973)
(0, 1, 1, 123, 921.8479625623264)
(0, 1, 1, 124, 572.9727333861173)
(0, 1, 1, 125, 1462.4759507182182)
(0, 1, 1, 126, 1875.4181286960645)
(0, 1, 1, 127, 1585.9056409105285)
(0, 1, 1, 128, 1191.1172045392036)
(0, 1, 1, 129, 882.2603924607089)
(0, 1, 1, 130, 884.6290416171846)
(0, 1, 1, 131, 2599.447930565348)
(0, 1, 1, 132, 1969.8888514522832)
(0, 1, 1, 133, 1421.9368666856017)
(0, 1, 1, 134, 1426.633666296192)
(0, 1, 1, 135, 1704.9101342612284)
(0, 1, 1, 136, 1541.0152319776932)
(0, 1, 1, 137, 2202.978316166376)
(0, 1, 1, 138, 1816.5213519041097)
(0, 1, 1, 139, 1199.6040101666515)
(0, 1, 1, 140, 1753.365750461349)
(0, 1, 1, 141, 1374.7393463547646)
(0, 1, 1, 142, 1418.6811987735164)
(0, 1, 1, 143, 1440.7056073539022)
(0, 1, 1, 144, 1068.423964911555)
(0, 1, 1, 145, 995.2597112903627)
(0, 1, 1, 146, 1870.9416541304447)
(0, 1, 1, 147, 1967.7643150819576)
(0, 1, 1, 148, 1817.8131996428137)
(0, 1, 1, 149, 816.8975867701379)
(0, 1, 1, 150, 1813.4996243949397)
(0, 1, 1, 151, 2589.602985986593)
(0, 1, 1, 152, 1540.460061283614)
(0, 1, 1, 153, 1448.7166245972744)
(0, 1, 1, 154, 1322.7351508954907)
(0, 1, 1, 155, 1294.0443427988769)
(0, 1, 1, 156, 1332.7861694893072)
(0, 1, 1, 157, 2111.9381348491)
(0, 1, 1, 158, 855.9678734797308)
(0, 1, 1, 159, 999.4952496148911)
(0, 1, 1, 160, 1261.291097796894)
(0, 1, 1, 161, 1759.271793647788)
(0, 1, 1, 162, 1442.6975260780953)
(0, 1, 1, 163, 1120.1064235404128)
(0, 1, 1, 164, 1700.1623359725963)
(0, 1, 1, 165, 1228.3619087756138)
(0, 1, 1, 166, 1013.6417347019349)
(0, 1, 1, 167, 3083.6909042556026)
(0, 1, 1, 168, 1263.2338159172045)
(0, 1, 1, 169, 1178.1689367189679)
(0, 1, 1, 170, 1101.2891020670436)
(0, 1, 1, 171, 653.7721391131294)
(0, 1, 1, 172, 981.2383995016742)
(0, 1, 1, 173, 1723.3227170901264)
(0, 1, 1, 174, 916.125617585176)
(0, 1, 1, 175, 1514.9308226551955)
(0, 1, 1, 176, 1248.3740393411103)
(0, 1, 1, 177, 786.8269705620984)
(0, 1, 1, 178, 1935.2100183569853)
(0, 1, 1, 179, 886.1141494284662)
(0, 1, 1, 180, 1061.6446965336027)
(0, 1, 1, 181, 1957.9823502837023)
(0, 1, 1, 182, 1772.366455478207)
(0, 1, 1, 183, 1818.5509214672807)
(0, 1, 1, 184, 1170.3958914697978)
(0, 1, 1, 185, 1485.156959575093)
(0, 1, 1, 186, 915.7419006807357)
(0, 1, 1, 187, 1147.3637249196374)
(0, 1, 1, 188, 836.8276515834798)
(0, 1, 1, 189, 997.5502803723941)
(0, 1, 1, 190, 1324.479160003702)
(0, 1, 1, 191, 1378.1126424622296)
(0, 1, 1, 192, 1501.5008667671143)
(0, 1, 1, 193, 1144.3136917414856)
(0, 1, 1, 194, 1054.8133913499717)
(0, 1, 1, 195, 1660.0764542214322)
(0, 1, 1, 196, 1140.6740164017715)
(0, 1, 1, 197, 1765.9686213814618)
(0, 1, 1, 198, 683.666236702423)
(0, 1, 1, 199, 2135.594890833169)
(0, 1, 1, 200, 2546.2788542171406)
(0, 1, 1, 201, 1150.5915914427615)
(0, 1, 1, 202, 1508.877822805143)
(0, 1, 1, 203, 1306.373659146889)
(0, 1, 1, 204, 741.2239327979249)
(0, 1, 1, 205, 1859.0857829776)
(0, 1, 1, 206, 1491.2803440717214)
(0, 1, 1, 207, 630.8104499084129)
(0, 1, 1, 208, 2008.7865439763677)
(0, 1, 1, 209, 1710.7260025879355)
(0, 1, 1, 210, 1455.3099290436048)
(0, 1, 1, 211, 918.1154550908169)
(0, 1, 1, 212, 1749.3884024634117)
(0, 1, 1, 213, 2728.485381877701)
(0, 1, 1, 214, 1067.8014267495068)
(0, 1, 1, 215, 1485.3083210966624)
(0, 1, 1, 216, 1537.6645414449845)
(0, 1, 1, 217, 1328.7426494626418)
(0, 1, 1, 218, 1745.5826335189577)
(0, 1, 1, 219, 3388.9553800122467)
(0, 1, 1, 220, 3624.733303882849)
(0, 1, 1, 221, 1783.5460073172783)
(0, 1, 1, 222, 1047.2305592922428)
(0, 1, 1, 223, 2041.9870551267766)
(0, 1, 1, 224, 1418.4839194613435)
(0, 1, 1, 225, 780.4816899209094)
(0, 1, 1, 226, 1190.4713873967676)
(0, 1, 1, 227, 1230.9603583901703)
(0, 1, 1, 228, 2128.9121686871117)
(0, 1, 1, 229, 1439.3169046615)
(0, 1, 1, 230, 1160.7849239225256)
(0, 1, 1, 231, 924.4014242660023)
(0, 1, 1, 232, 1732.5059585366)
(0, 1, 1, 233, 960.824705956932)
(0, 1, 1, 234, 1181.783546488977)
(0, 1, 1, 235, 1653.9013198791004)
(0, 1, 1, 236, 1899.626783652992)
(0, 1, 1, 237, 1059.7278949673696)
(0, 1, 1, 238, 1072.0314600137242)
(0, 1, 1, 239, 1351.8987620050175)
(0, 1, 1, 240, 1794.2803637473132)
(0, 1, 1, 241, 1529.3167317016512)
(0, 1, 1, 242, 902.1929190722939)
(0, 1, 1, 243, 893.3535030755072)
(0, 1, 1, 244, 2137.437251480576)
(0, 1, 1, 245, 1924.356605143456)
(0, 1, 1, 246, 1574.0897935827754)
(0, 1, 1, 247, 1030.0880028522697)
(0, 1, 1, 248, 657.6955950314908)
(0, 1, 1, 249, 664.6915744326299)
(0, 2, 0, 0, 520.4900943279831)
(0, 2, 0, 1, 744.6464273343664)
(0, 2, 0, 2, 696.6025204338857)
(0, 2, 0, 3, 555.0833755182963)
(0, 2, 0, 4, 739.9816842150249)
(0, 2, 0, 5, 734.7803194278939)
(0, 2, 0, 6, 597.4064613498917)
(0, 2, 0, 7, 560.6875733897083)
(0, 2, 0, 8, 685.8722145957488)
(0, 2, 0, 9, 633.790697466345)
(0, 2, 0, 10, 483.26790875439036)
(0, 2, 0, 11, 677.2237044903317)
(0, 2, 0, 12, 726.0646820938151)
(0, 2, 0, 13, 673.9956459749959)
(0, 2, 0, 14, 633.6676482515913)
(0, 2, 0, 15, 612.4973224368681)
(0, 2, 0, 16, 696.8570638393024)
(0, 2, 0, 17, 874.7247385958887)
(0, 2, 0, 18, 883.0898831409124)
(0, 2, 0, 19, 622.0670613454054)
(0, 2, 0, 20, 618.2288371987427)
(0, 2, 0, 21, 673.6863766650349)
(0, 2, 0, 22, 655.3891859372306)
(0, 2, 0, 23, 733.3200190045201)
(0, 2, 0, 24, 565.7371835612496)
(0, 2, 0, 25, 635.2927457931128)
(0, 2, 0, 26, 581.8596215497383)
(0, 2, 0, 27, 554.9760767549503)
(0, 2, 0, 28, 598.37952518167)
(0, 2, 0, 29, 644.4054341680674)
(0, 2, 0, 30, 751.8648185654238)
(0, 2, 0, 31, 795.156535758188)
(0, 2, 0, 32, 773.4880157877861)
(0, 2, 0, 33, 578.7700873127255)
(0, 2, 0, 34, 578.3195371939834)
(0, 2, 0, 35, 572.3969379723791)
(0, 2, 0, 36, 676.8600135318407)
(0, 2, 0, 37, 517.4930887792347)
(0, 2, 0, 38, 542.2622002447353)
(0, 2, 0, 39, 615.3399360996175)
(0, 2, 0, 40, 603.7838751744598)
(0, 2, 0, 41, 694.6604628671312)
(0, 2, 0, 42, 729.7761037788557)
(0, 2, 0, 43, 685.9250799088304)
(0, 2, 0, 44, 530.9059735941053)
(0, 2, 0, 45, 640.7816682835079)
(0, 2, 0, 46, 702.6867777236155)
(0, 2, 0, 47, 534.789340514088)
(0, 2, 0, 48, 522.691362548523)
(0, 2, 0, 49, 670.2307358184953)
(0, 2, 0, 50, 830.9996911139934)
(0, 2, 0, 51, 568.9838908520741)
(0, 2, 0, 52, 595.5359056752744)
(0, 2, 0, 53, 647.3413646312275)
(0, 2, 0, 54, 566.2036178998505)
(0, 2, 0, 55, 671.258254972475)
(0, 2, 0, 56, 656.8139020085017)
(0, 2, 0, 57, 642.7574347195422)
(0, 2, 0, 58, 664.9285432644474)
(0, 2, 0, 59, 640.8469730175161)
(0, 2, 0, 60, 909.6941898975713)
(0, 2, 0, 61, 957.7457995356092)
(0, 2, 0, 62, 420.32882686392463)
(0, 2, 0, 63, 514.7473862993245)
(0, 2, 0, 64, 878.5138395325164)
(0, 2, 0, 65, 805.1866356283715)
(0, 2, 0, 66, 569.0533278126329)
(0, 2, 0, 67, 666.3772432864732)
(0, 2, 0, 68, 659.1211873312135)
(0, 2, 0, 69, 459.7895015595399)
(0, 2, 0, 70, 643.6695703298592)
(0, 2, 0, 71, 913.2429319945783)
(0, 2, 0, 72, 761.4664278522048)
(0, 2, 0, 73, 774.94879503502)
(0, 2, 0, 74, 533.9954570897929)
(0, 2, 0, 75, 619.5935805044938)
(0, 2, 0, 76, 499.8123561668856)
(0, 2, 0, 77, 808.4147775454186)
(0, 2, 0, 78, 701.3401535108355)
(0, 2, 0, 79, 669.6088433078999)
(0, 2, 0, 80, 737.7819180190938)
(0, 2, 0, 81, 614.1505331844562)
(0, 2, 0, 82, 591.6742052333552)
(0, 2, 0, 83, 546.1957787207882)
(0, 2, 0, 84, 509.21232187520457)
(0, 2, 0, 85, 492.842581977909)
(0, 2, 0, 86, 754.3036217046352)
(0, 2, 0, 87, 623.8294140828784)
(0, 2, 0, 88, 1025.7347443692577)
(0, 2, 0, 89, 738.2703658161481)
(0, 2, 0, 90, 662.0473899150384)
(0, 2, 0, 91, 698.0465614312371)
(0, 2, 0, 92, 762.6711848553979)
(0, 2, 0, 93, 839.0285391561088)
(0, 2, 0, 94, 706.5208629634708)
(0, 2, 0, 95, 568.675826577212)
(0, 2, 0, 96, 616.8145108050777)
(0, 2, 0, 97, 750.2569075088737)
(0, 2, 0, 98, 657.1759045295387)
(0, 2, 0, 99, 727.5328870059907)
(0, 2, 0, 100, 797.6250686125125)
(0, 2, 0, 101, 1033.302181633586)
(0, 2, 0, 102, 672.8335746395379)
(0, 2, 0, 103, 593.2759804480468)
(0, 2, 0, 104, 791.2500487625394)
(0, 2, 0, 105, 720.3344133932977)
(0, 2, 0, 106, 902.5254895645204)
(0, 2, 0, 107, 644.8101530364074)
(0, 2, 0, 108, 671.8691533381846)
(0, 2, 0, 109, 735.4981804841051)
(0, 2, 0, 110, 791.1542017522102)
(0, 2, 0, 111, 523.2855016852432)
(0, 2, 0, 112, 482.24883834941943)
(0, 2, 0, 113, 690.6145797251118)
(0, 2, 0, 114, 839.2476577098029)
(0, 2, 0, 115, 427.0603687397337)
(0, 2, 0, 116, 677.4125892582075)
(0, 2, 0, 117, 616.3937944151556)
(0, 2, 0, 118, 730.5855679821152)
(0, 2, 0, 119, 764.0924502855528)
(0, 2, 0, 120, 674.9261287388827)
(0, 2, 0, 121, 823.8162147286661)
(0, 2, 0, 122, 811.2370165191019)
(0, 2, 0, 123, 691.0009263376994)
(0, 2, 0, 124, 581.7895903147371)
(0, 2, 0, 125, 740.7345393295769)
(0, 2, 0, 126, 859.7860018910645)
(0, 2, 0, 127, 662.9719018290598)
(0, 2, 0, 128, 868.3666896780284)
(0, 2, 0, 129, 713.8730978929256)
(0, 2, 0, 130, 500.097851046784)
(0, 2, 0, 131, 504.0666146070693)
(0, 2, 0, 132, 528.4639266195719)
(0, 2, 0, 133, 661.6003972706822)
(0, 2, 0, 134, 774.6619734003461)
(0, 2, 0, 135, 572.6572515159879)
(0, 2, 0, 136, 623.5796676320668)
(0, 2, 0, 137, 715.696186401661)
(0, 2, 0, 138, 563.5300691338413)
(0, 2, 0, 139, 845.3702177620763)
(0, 2, 0, 140, 515.3220852422552)
(0, 2, 0, 141, 684.9680385346885)
(0, 2, 0, 142, 456.52727963108543)
(0, 2, 0, 143, 852.4158809031399)
(0, 2, 0, 144, 643.4242394738164)
(0, 2, 0, 145, 594.813894150471)
(0, 2, 0, 146, 727.0973508730802)
(0, 2, 0, 147, 489.1129268064175)
(0, 2, 0, 148, 635.1408589838632)
(0, 2, 0, 149, 404.3642940825959)
(0, 2, 0, 150, 702.0163534041155)
(0, 2, 0, 151, 616.2304225313472)
(0, 2, 0, 152, 787.2427024454631)
(0, 2, 0, 153, 574.3643208525309)
(0, 2, 0, 154, 631.108692405707)
(0, 2, 0, 155, 708.2464169458615)
(0, 2, 0, 156, 680.1210574041756)
(0, 2, 0, 157, 659.3658260612632)
(0, 2, 0, 158, 509.8150926474287)
(0, 2, 0, 159, 866.5992537005955)
(0, 2, 0, 160, 626.3208339480018)
(0, 2, 0, 161, 622.4012914999915)
(0, 2, 0, 162, 658.7125947555725)
(0, 2, 0, 163, 705.1001164333145)
(0, 2, 0, 164, 600.2370310366031)
(0, 2, 0, 165, 1089.7232130630557)
(0, 2, 0, 166, 558.6460261484405)
(0, 2, 0, 167, 773.2028592791788)
(0, 2, 0, 168, 892.2181247990195)
(0, 2, 0, 169, 746.9020707346302)
(0, 2, 0, 170, 572.8509492161994)
(0, 2, 0, 171, 550.5325694748536)
(0, 2, 0, 172, 751.2750223935543)
(0, 2, 0, 173, 993.498836853343)
(0, 2, 0, 174, 500.3084858806542)
(0, 2, 0, 175, 787.3059618453115)
(0, 2, 0, 176, 550.1723210583518)
(0, 2, 0, 177, 524.5424636249506)
(0, 2, 0, 178, 641.0308235578195)
(0, 2, 0, 179, 727.2082418537992)
(0, 2, 0, 180, 727.9309699007042)
(0, 2, 0, 181, 487.12200378716886)
(0, 2, 0, 182, 466.9475499261309)
(0, 2, 0, 183, 478.77932585090764)
(0, 2, 0, 184, 828.0897851172789)
(0, 2, 0, 185, 631.5956943506984)
(0, 2, 0, 186, 452.90250961861057)
(0, 2, 0, 187, 634.4698407408282)
(0, 2, 0, 188, 608.5613335545137)
(0, 2, 0, 189, 594.3743088320626)
(0, 2, 0, 190, 625.8706915399284)
(0, 2, 0, 191, 619.1070299508284)
(0, 2, 0, 192, 579.369825323759)
(0, 2, 0, 193, 609.9227789071166)
(0, 2, 0, 194, 932.4821282132915)
(0, 2, 0, 195, 872.0405680624268)
(0, 2, 0, 196, 774.1765189127271)
(0, 2, 0, 197, 830.9104390764182)
(0, 2, 0, 198, 511.63529791711517)
(0, 2, 0, 199, 783.7854422888867)
(0, 2, 0, 200, 797.0676962587692)
(0, 2, 0, 201, 594.9301758419109)
(0, 2, 0, 202, 727.3056923494233)
(0, 2, 0, 203, 730.6022685530074)
(0, 2, 0, 204, 677.4894774682497)
(0, 2, 0, 205, 760.1205276861104)
(0, 2, 0, 206, 691.164001361433)
(0, 2, 0, 207, 872.8195655433709)
(0, 2, 0, 208, 886.3008261938543)
(0, 2, 0, 209, 572.977643505515)
(0, 2, 0, 210, 801.7459979358943)
(0, 2, 0, 211, 534.4183975781132)
(0, 2, 0, 212, 567.5840679093866)
(0, 2, 0, 213, 550.2390003640481)
(0, 2, 0, 214, 740.1300004283687)
(0, 2, 0, 215, 663.0398598867177)
(0, 2, 0, 216, 702.125264513427)
(0, 2, 0, 217, 791.3992662581586)
(0, 2, 0, 218, 629.6725915759343)
(0, 2, 0, 219, 506.95370313148885)
(0, 2, 0, 220, 593.5744512722358)
(0, 2, 0, 221, 640.8856882647408)
(0, 2, 0, 222, 666.117507375167)
(0, 2, 0, 223, 794.2014089404131)
(0, 2, 0, 224, 755.35473867669)
(0, 2, 0, 225, 951.6011957437572)
(0, 2, 0, 226, 597.9122999075522)
(0, 2, 0, 227, 673.1916345308441)
(0, 2, 0, 228, 535.6777268473165)
(0, 2, 0, 229, 783.2372150860334)
(0, 2, 0, 230, 585.0309049191098)
(0, 2, 0, 231, 636.8264350167909)
(0, 2, 0, 232, 602.178729023017)
(0, 2, 0, 233, 608.5319653252975)
(0, 2, 0, 234, 624.4233255710519)
(0, 2, 0, 235, 653.6829977501282)
(0, 2, 0, 236, 575.115597392166)
(0, 2, 0, 237, 1062.0222863626022)
(0, 2, 0, 238, 807.0803195206524)
(0, 2, 0, 239, 809.4257295666117)
(0, 2, 0, 240, 689.9769867800261)
(0, 2, 0, 241, 677.079870022415)
(0, 2, 0, 242, 601.212043192716)
(0, 2, 0, 243, 677.5249037473961)
(0, 2, 0, 244, 626.5488768070968)
(0, 2, 0, 245, 674.6788587438267)
(0, 2, 0, 246, 727.3581069860788)
(0, 2, 0, 247, 734.1481145298462)
(0, 2, 0, 248, 536.1288503707433)
(0, 2, 0, 249, 598.3214965158323)
(0, 2, 1, 0, 1097.8813967096794)
(0, 2, 1, 1, 1332.708496002346)
(0, 2, 1, 2, 1031.4706079679072)
(0, 2, 1, 3, 656.099755034734)
(0, 2, 1, 4, 1080.1555455834878)
(0, 2, 1, 5, 889.1966263471534)
(0, 2, 1, 6, 993.3517778122651)
(0, 2, 1, 7, 2634.052250992961)
(0, 2, 1, 8, 1280.620265657092)
(0, 2, 1, 9, 983.926555769786)
(0, 2, 1, 10, 973.434203952804)
(0, 2, 1, 11, 670.6507626102998)
(0, 2, 1, 12, 1170.1957287619873)
(0, 2, 1, 13, 1624.6235855774992)
(0, 2, 1, 14, 1210.968228278506)
(0, 2, 1, 15, 1871.0912411588818)
(0, 2, 1, 16, 1667.9172458899689)
(0, 2, 1, 17, 1524.5508882651454)
(0, 2, 1, 18, 1911.172690810229)
(0, 2, 1, 19, 1440.808747802994)
(0, 2, 1, 20, 1939.915049483344)
(0, 2, 1, 21, 1393.3912315493867)
(0, 2, 1, 22, 788.342058559254)
(0, 2, 1, 23, 1413.707961650995)
(0, 2, 1, 24, 1013.0204302451912)
(0, 2, 1, 25, 1980.5785471161896)
(0, 2, 1, 26, 2063.638841628767)
(0, 2, 1, 27, 1086.8136383714705)
(0, 2, 1, 28, 1580.1516021015445)
(0, 2, 1, 29, 1958.538606565524)
(0, 2, 1, 30, 1845.2112589548292)
(0, 2, 1, 31, 1424.3451688558018)
(0, 2, 1, 32, 2133.3645851129318)
(0, 2, 1, 33, 3137.023902464925)
(0, 2, 1, 34, 1283.766258784529)
(0, 2, 1, 35, 1235.6768373615034)
(0, 2, 1, 36, 1828.4344632157147)
(0, 2, 1, 37, 802.8535555118079)
(0, 2, 1, 38, 2796.949332687304)
(0, 2, 1, 39, 1233.8844856161197)
(0, 2, 1, 40, 1950.064125574484)
(0, 2, 1, 41, 2036.8611281045808)
(0, 2, 1, 42, 1924.8271537456133)
(0, 2, 1, 43, 887.1550890749668)
(0, 2, 1, 44, 2683.4102538631532)
(0, 2, 1, 45, 2644.108982487089)
(0, 2, 1, 46, 1257.1510607271214)
(0, 2, 1, 47, 1232.236816611192)
(0, 2, 1, 48, 1334.1649228682672)
(0, 2, 1, 49, 1350.527068958337)
(0, 2, 1, 50, 1222.30207139505)
(0, 2, 1, 51, 617.1920912184845)
(0, 2, 1, 52, 2503.9774996944566)
(0, 2, 1, 53, 3090.978249665711)
(0, 2, 1, 54, 1585.823985514682)
(0, 2, 1, 55, 845.895843124866)
(0, 2, 1, 56, 2030.1961466805744)
(0, 2, 1, 57, 1650.673812579919)
(0, 2, 1, 58, 707.7565838954895)
(0, 2, 1, 59, 1812.8105206723296)
(0, 2, 1, 60, 1386.7907848216553)
(0, 2, 1, 61, 1157.69148364438)
(0, 2, 1, 62, 1831.748898643551)
(0, 2, 1, 63, 812.7347659950701)
(0, 2, 1, 64, 2419.6065353033664)
(0, 2, 1, 65, 1016.174939238647)
(0, 2, 1, 66, 1436.4732968297637)
(0, 2, 1, 67, 2042.5252331265995)
(0, 2, 1, 68, 1071.71281615975)
(0, 2, 1, 69, 1815.4460475290155)
(0, 2, 1, 70, 1474.8766869773722)
(0, 2, 1, 71, 702.0464619469535)
(0, 2, 1, 72, 740.8784876537719)
(0, 2, 1, 73, 1760.9844008137977)
(0, 2, 1, 74, 1352.13656830713)
(0, 2, 1, 75, 1180.76399085681)
(0, 2, 1, 76, 822.8154080012785)
(0, 2, 1, 77, 1263.8130128357293)
(0, 2, 1, 78, 998.179387572013)
(0, 2, 1, 79, 2146.859159285652)
(0, 2, 1, 80, 1555.8727055999684)
(0, 2, 1, 81, 1800.5114184511406)
(0, 2, 1, 82, 1433.0418315375532)
(0, 2, 1, 83, 624.0717664427542)
(0, 2, 1, 84, 2936.879754248396)
(0, 2, 1, 85, 970.2516739772076)
(0, 2, 1, 86, 1409.8043878931123)
(0, 2, 1, 87, 2024.0613397581474)
(0, 2, 1, 88, 928.6748148008451)
(0, 2, 1, 89, 1452.8341645363635)
(0, 2, 1, 90, 1846.2408038239062)
(0, 2, 1, 91, 1487.709223258317)
(0, 2, 1, 92, 1135.2910113617804)
(0, 2, 1, 93, 1232.501423016171)
(0, 2, 1, 94, 1774.2126502271392)
(0, 2, 1, 95, 2606.348247750719)
(0, 2, 1, 96, 811.0811844536366)
(0, 2, 1, 97, 1195.018680782464)
(0, 2, 1, 98, 2375.521602669387)
(0, 2, 1, 99, 1187.475140729344)
(0, 2, 1, 100, 1966.723489641248)
(0, 2, 1, 101, 1142.4377198279265)
(0, 2, 1, 102, 1349.181901074819)
(0, 2, 1, 103, 1249.54516832977)
(0, 2, 1, 104, 1630.565046683546)
(0, 2, 1, 105, 2161.353347739029)
(0, 2, 1, 106, 1640.5739841344596)
(0, 2, 1, 107, 1141.705695896562)
(0, 2, 1, 108, 1475.6618783405888)
(0, 2, 1, 109, 871.5748233455325)
(0, 2, 1, 110, 2582.8470231543415)
(0, 2, 1, 111, 3459.6959287414643)
(0, 2, 1, 112, 958.0561926986545)
(0, 2, 1, 113, 1400.742173789053)
(0, 2, 1, 114, 2179.0574305940618)
(0, 2, 1, 115, 912.7029701422258)
(0, 2, 1, 116, 1209.2833980708824)
(0, 2, 1, 117, 1197.507330297037)
(0, 2, 1, 118, 1146.5451602891853)
(0, 2, 1, 119, 1733.492894790348)
(0, 2, 1, 120, 1140.2580658853628)
(0, 2, 1, 121, 2201.4058134327092)
(0, 2, 1, 122, 1874.9326358306835)
(0, 2, 1, 123, 1031.2552659703385)
(0, 2, 1, 124, 626.6133679259542)
(0, 2, 1, 125, 1559.9141126812733)
(0, 2, 1, 126, 1902.566457062108)
(0, 2, 1, 127, 1609.7995876391833)
(0, 2, 1, 128, 1178.2956264272584)
(0, 2, 1, 129, 969.4932589657411)
(0, 2, 1, 130, 895.9506348156877)
(0, 2, 1, 131, 2613.536533984922)
(0, 2, 1, 132, 1957.7090310163444)
(0, 2, 1, 133, 1467.8106385319168)
(0, 2, 1, 134, 1370.235237442935)
(0, 2, 1, 135, 1734.3816939342507)
(0, 2, 1, 136, 1595.4881953454053)
(0, 2, 1, 137, 2203.2702411717955)
(0, 2, 1, 138, 1895.6352032392688)
(0, 2, 1, 139, 1173.3164063951858)
(0, 2, 1, 140, 1893.6388571743296)
(0, 2, 1, 141, 1324.2816276473861)
(0, 2, 1, 142, 1528.3075718978291)
(0, 2, 1, 143, 1412.3862465159366)
(0, 2, 1, 144, 1109.6479805454223)
(0, 2, 1, 145, 1030.8703895427989)
(0, 2, 1, 146, 1861.5547140477436)
(0, 2, 1, 147, 2180.361353926083)
(0, 2, 1, 148, 1723.1557287443293)
(0, 2, 1, 149, 817.5958079683013)
(0, 2, 1, 150, 1853.5637127862856)
(0, 2, 1, 151, 2578.511901016912)
(0, 2, 1, 152, 1466.771395693876)
(0, 2, 1, 153, 1446.1346042157036)
(0, 2, 1, 154, 1332.0701254081964)
(0, 2, 1, 155, 1284.8047937327162)
(0, 2, 1, 156, 1309.192648290665)
(0, 2, 1, 157, 2057.1531994567063)
(0, 2, 1, 158, 782.7259062739175)
(0, 2, 1, 159, 884.6988138209755)
(0, 2, 1, 160, 1353.5667990660058)
(0, 2, 1, 161, 1896.6364758494162)
(0, 2, 1, 162, 1435.8011372323845)
(0, 2, 1, 163, 1103.5462887066458)
(0, 2, 1, 164, 1696.5020737589518)
(0, 2, 1, 165, 1269.441362410563)
(0, 2, 1, 166, 1090.7805745856172)
(0, 2, 1, 167, 3293.002435652712)
(0, 2, 1, 168, 1263.732315291358)
(0, 2, 1, 169, 1198.796709031399)
(0, 2, 1, 170, 1129.547549635466)
(0, 2, 1, 171, 621.0973029031423)
(0, 2, 1, 172, 984.6687105014006)
(0, 2, 1, 173, 1783.5711310967197)
(0, 2, 1, 174, 905.046691779233)
(0, 2, 1, 175, 1465.0487134653433)
(0, 2, 1, 176, 1355.3281398959025)
(0, 2, 1, 177, 791.4914674042575)
(0, 2, 1, 178, 1952.1454320381333)
(0, 2, 1, 179, 847.8333730244605)
(0, 2, 1, 180, 1023.5827457240963)
(0, 2, 1, 181, 2059.6075434835716)
(0, 2, 1, 182, 1807.9654112911217)
(0, 2, 1, 183, 1818.2684544006568)
(0, 2, 1, 184, 1111.5528869881098)
(0, 2, 1, 185, 1513.4896795861537)
(0, 2, 1, 186, 958.9960462760986)
(0, 2, 1, 187, 1117.0062491617389)
(0, 2, 1, 188, 909.1496794402009)
(0, 2, 1, 189, 1013.1192873152336)
(0, 2, 1, 190, 1249.7809744874114)
(0, 2, 1, 191, 1412.661015080623)
(0, 2, 1, 192, 1516.8227449873527)
(0, 2, 1, 193, 1122.7500682640887)
(0, 2, 1, 194, 1036.573111191902)
(0, 2, 1, 195, 1740.4321039071494)
(0, 2, 1, 196, 1118.7934769365731)
(0, 2, 1, 197, 1677.082224930492)
(0, 2, 1, 198, 712.2246196241451)
(0, 2, 1, 199, 2083.581006296556)
(0, 2, 1, 200, 2565.846877882059)
(0, 2, 1, 201, 1093.2734931038692)
(0, 2, 1, 202, 1411.4257117260267)
(0, 2, 1, 203, 1353.5786119986137)
(0, 2, 1, 204, 713.9368078166924)
(0, 2, 1, 205, 1936.766522093324)
(0, 2, 1, 206, 1385.5501922001702)
(0, 2, 1, 207, 576.8440002706268)
(0, 2, 1, 208, 1954.7498233491322)
(0, 2, 1, 209, 1800.4333270373143)
(0, 2, 1, 210, 1523.654333927485)
(0, 2, 1, 211, 982.1883790927009)
(0, 2, 1, 212, 1758.1172059687224)
(0, 2, 1, 213, 2692.9288665370836)
(0, 2, 1, 214, 1087.1695518074387)
(0, 2, 1, 215, 1493.400851099597)
(0, 2, 1, 216, 1518.7714562863553)
(0, 2, 1, 217, 1312.296497916152)
(0, 2, 1, 218, 1803.7992715747)
(0, 2, 1, 219, 3131.522783979842)
(0, 2, 1, 220, 3354.9573846408175)
(0, 2, 1, 221, 1912.0205841765162)
(0, 2, 1, 222, 1228.7855711049049)
(0, 2, 1, 223, 1980.3631049030766)
(0, 2, 1, 224, 1383.3367125246666)
(0, 2, 1, 225, 805.3163914315629)
(0, 2, 1, 226, 1307.2324374522404)
(0, 2, 1, 227, 1261.14707301981)
(0, 2, 1, 228, 1911.1108813272238)
(0, 2, 1, 229, 1404.1517239944371)
(0, 2, 1, 230, 1236.9720157048457)
(0, 2, 1, 231, 899.9380803429517)
(0, 2, 1, 232, 1769.9212841512579)
(0, 2, 1, 233, 887.6241229990196)
(0, 2, 1, 234, 1158.837548809232)
(0, 2, 1, 235, 1567.9298122343275)
(0, 2, 1, 236, 1837.1692061573613)
(0, 2, 1, 237, 1016.864184838331)
(0, 2, 1, 238, 1090.9156846583867)
(0, 2, 1, 239, 1379.324787755537)
(0, 2, 1, 240, 1863.6501647980358)
(0, 2, 1, 241, 1590.7791913855206)
(0, 2, 1, 242, 847.924338768152)
(0, 2, 1, 243, 881.7756798523892)
(0, 2, 1, 244, 2193.0117297681486)
(0, 2, 1, 245, 1905.0702313942309)
(0, 2, 1, 246, 1547.7240900534666)
(0, 2, 1, 247, 1040.8712207627023)
(0, 2, 1, 248, 742.7704034611701)
(0, 2, 1, 249, 576.7041889643101)
(0, 3, 0, 0, 533.8608775591939)
(0, 3, 0, 1, 637.0602367781346)
(0, 3, 0, 2, 683.47512634529)
(0, 3, 0, 3, 708.4415143692466)
(0, 3, 0, 4, 607.2189651176321)
(0, 3, 0, 5, 872.024891068067)
(0, 3, 0, 6, 599.5909426759512)
(0, 3, 0, 7, 619.3400253508313)
(0, 3, 0, 8, 651.887529080621)
(0, 3, 0, 9, 653.5796712271989)
(0, 3, 0, 10, 444.9169071915169)
(0, 3, 0, 11, 585.6599604029309)
(0, 3, 0, 12, 806.6516285521776)
(0, 3, 0, 13, 810.6025963606465)
(0, 3, 0, 14, 839.201317012528)
(0, 3, 0, 15, 561.5890885825045)
(0, 3, 0, 16, 746.0406599179291)
(0, 3, 0, 17, 973.2784718923783)
(0, 3, 0, 18, 956.117263888335)
(0, 3, 0, 19, 879.1782405134189)
(0, 3, 0, 20, 602.5118305757813)
(0, 3, 0, 21, 908.3685257927845)
(0, 3, 0, 22, 661.6985938136103)
(0, 3, 0, 23, 958.9751004169001)
(0, 3, 0, 24, 756.7774267862703)
(0, 3, 0, 25, 504.08060707871977)
(0, 3, 0, 26, 568.4724128085289)
(0, 3, 0, 27, 776.9849676880602)
(0, 3, 0, 28, 814.5776829581383)
(0, 3, 0, 29, 517.4588572411817)
(0, 3, 0, 30, 702.2654711171132)
(0, 3, 0, 31, 730.3700104482268)
(0, 3, 0, 32, 889.3603418375247)
(0, 3, 0, 33, 683.4923791578616)
(0, 3, 0, 34, 562.3206870051275)
(0, 3, 0, 35, 475.92454809917416)
(0, 3, 0, 36, 663.8489064489207)
(0, 3, 0, 37, 577.8848068629111)
(0, 3, 0, 38, 699.3037593958883)
(0, 3, 0, 39, 684.7432922593775)
(0, 3, 0, 40, 651.2281357525927)
(0, 3, 0, 41, 724.4568509419879)
(0, 3, 0, 42, 718.701959824343)
(0, 3, 0, 43, 740.0530221163582)
(0, 3, 0, 44, 649.625510060445)
(0, 3, 0, 45, 668.1938351853764)
(0, 3, 0, 46, 808.2363676794747)
(0, 3, 0, 47, 718.7133233953889)
(0, 3, 0, 48, 599.9643157912516)
(0, 3, 0, 49, 757.8707225609892)
(0, 3, 0, 50, 910.1875981663459)
(0, 3, 0, 51, 602.6994247955374)
(0, 3, 0, 52, 746.3184347052492)
(0, 3, 0, 53, 724.5840376182383)
(0, 3, 0, 54, 687.7729155116612)
(0, 3, 0, 55, 753.9340034903419)
(0, 3, 0, 56, 683.7967312155134)
(0, 3, 0, 57, 743.22853369529)
(0, 3, 0, 58, 700.2915470889324)
(0, 3, 0, 59, 750.4103060401768)
(0, 3, 0, 60, 1106.7646893334863)
(0, 3, 0, 61, 1061.5951794084044)
(0, 3, 0, 62, 488.8596597580105)
(0, 3, 0, 63, 544.2534993143755)
(0, 3, 0, 64, 984.265509677754)
(0, 3, 0, 65, 853.2885803985087)
(0, 3, 0, 66, 629.0178320570566)
(0, 3, 0, 67, 572.5596455747466)
(0, 3, 0, 68, 698.4801692019018)
(0, 3, 0, 69, 612.0932343604268)
(0, 3, 0, 70, 823.2303609496429)
(0, 3, 0, 71, 1028.8377179641986)
(0, 3, 0, 72, 852.6030484428065)
(0, 3, 0, 73, 766.2812328574712)
(0, 3, 0, 74, 592.4389895472552)
(0, 3, 0, 75, 670.8937852817926)
(0, 3, 0, 76, 558.893537980553)
(0, 3, 0, 77, 938.1340980536263)
(0, 3, 0, 78, 656.6365904359794)
(0, 3, 0, 79, 800.8766791867225)
(0, 3, 0, 80, 721.7031772970348)
(0, 3, 0, 81, 787.2832375391648)
(0, 3, 0, 82, 734.4971815272729)
(0, 3, 0, 83, 729.2251094381811)
(0, 3, 0, 84, 707.821206065859)
(0, 3, 0, 85, 623.0821840756361)
(0, 3, 0, 86, 653.4426552978457)
(0, 3, 0, 87, 668.9281066724818)
(0, 3, 0, 88, 933.8892357627178)
(0, 3, 0, 89, 820.2169062024723)
(0, 3, 0, 90, 690.7532715311789)
(0, 3, 0, 91, 537.6010592404497)
(0, 3, 0, 92, 915.1548213129265)
(0, 3, 0, 93, 688.5826320289341)
(0, 3, 0, 94, 844.8908173087166)
(0, 3, 0, 95, 619.2559336979974)
(0, 3, 0, 96, 566.2698844469246)
(0, 3, 0, 97, 968.291499321946)
(0, 3, 0, 98, 838.5281507211901)
(0, 3, 0, 99, 1025.3828687292691)
(0, 3, 0, 100, 777.2355879396285)
(0, 3, 0, 101, 1096.092465091796)
(0, 3, 0, 102, 669.9370112503279)
(0, 3, 0, 103, 776.4832593560245)
(0, 3, 0, 104, 864.3628882688982)
(0, 3, 0, 105, 684.9206145883613)
(0, 3, 0, 106, 867.2678091766584)
(0, 3, 0, 107, 639.137962660006)
(0, 3, 0, 108, 845.0222162230854)
(0, 3, 0, 109, 810.2531970270257)
(0, 3, 0, 110, 1043.879423212892)
(0, 3, 0, 111, 620.9177496879322)
(0, 3, 0, 112, 577.6558167549632)
(0, 3, 0, 113, 766.0993342620701)
(0, 3, 0, 114, 747.4495871430906)
(0, 3, 0, 115, 688.7873552106134)
(0, 3, 0, 116, 621.1547349322678)
(0, 3, 0, 117, 631.3374675672884)
(0, 3, 0, 118, 822.8011588141467)
(0, 3, 0, 119, 681.248285771505)
(0, 3, 0, 120, 770.1946222477087)
(0, 3, 0, 121, 930.082371505633)
(0, 3, 0, 122, 892.0887840549669)
(0, 3, 0, 123, 742.8815893176104)
(0, 3, 0, 124, 550.4157702380277)
(0, 3, 0, 125, 746.1938504471094)
(0, 3, 0, 126, 842.6889308848112)
(0, 3, 0, 127, 663.486199879923)
(0, 3, 0, 128, 809.2188110266171)
(0, 3, 0, 129, 646.6167158124329)
(0, 3, 0, 130, 740.2962349077844)
(0, 3, 0, 131, 570.7578649830876)
(0, 3, 0, 132, 652.675690982374)
(0, 3, 0, 133, 658.5321224746381)
(0, 3, 0, 134, 780.0375088729464)
(0, 3, 0, 135, 658.1266683928046)
(0, 3, 0, 136, 515.9605431044871)
(0, 3, 0, 137, 736.5186954013972)
(0, 3, 0, 138, 671.3757559184469)
(0, 3, 0, 139, 916.5974611116907)
(0, 3, 0, 140, 607.3712984940198)
(0, 3, 0, 141, 763.2389813429357)
(0, 3, 0, 142, 674.5565571379)
(0, 3, 0, 143, 812.2944774506885)
(0, 3, 0, 144, 630.2868726533572)
(0, 3, 0, 145, 542.4437756216843)
(0, 3, 0, 146, 671.5538668407913)
(0, 3, 0, 147, 566.7442949393622)
(0, 3, 0, 148, 748.7099141067125)
(0, 3, 0, 149, 487.1381127763402)
(0, 3, 0, 150, 839.021478244152)
(0, 3, 0, 151, 519.2712394625473)
(0, 3, 0, 152, 926.600644591154)
(0, 3, 0, 153, 663.8991296621775)
(0, 3, 0, 154, 716.5223280940613)
(0, 3, 0, 155, 760.7066640727346)
(0, 3, 0, 156, 771.0732543238014)
(0, 3, 0, 157, 740.2804431654142)
(0, 3, 0, 158, 535.3494127256959)
(0, 3, 0, 159, 1110.3298586875615)
(0, 3, 0, 160, 693.4678961244956)
(0, 3, 0, 161, 689.3022728672628)
(0, 3, 0, 162, 812.7402733840578)
(0, 3, 0, 163, 805.6461012383523)
(0, 3, 0, 164, 623.0966657495322)
(0, 3, 0, 165, 1120.5457122285318)
(0, 3, 0, 166, 643.9220178212344)
(0, 3, 0, 167, 853.4156095096729)
(0, 3, 0, 168, 870.9621606313174)
(0, 3, 0, 169, 776.0523702823674)
(0, 3, 0, 170, 838.0910963328103)
(0, 3, 0, 171, 630.9610896289053)
(0, 3, 0, 172, 932.7944019708416)
(0, 3, 0, 173, 924.8692043958259)
(0, 3, 0, 174, 830.9480770048666)
(0, 3, 0, 175, 820.0816215457729)
(0, 3, 0, 176, 673.2661265961852)
(0, 3, 0, 177, 436.8751214507563)
(0, 3, 0, 178, 623.3866916590155)
(0, 3, 0, 179, 728.837246327426)
(0, 3, 0, 180, 808.8621014862091)
(0, 3, 0, 181, 520.1639813214452)
(0, 3, 0, 182, 547.1935090983776)
(0, 3, 0, 183, 555.6433805425593)
(0, 3, 0, 184, 833.5499275969131)
(0, 3, 0, 185, 717.7089802456692)
(0, 3, 0, 186, 451.25377721364987)
(0, 3, 0, 187, 672.2341976331527)
(0, 3, 0, 188, 575.0386022320628)
(0, 3, 0, 189, 674.4838026617924)
(0, 3, 0, 190, 654.5023899351162)
(0, 3, 0, 191, 644.5303286403847)
(0, 3, 0, 192, 678.626241233679)
(0, 3, 0, 193, 571.4935761159348)
(0, 3, 0, 194, 871.6465686874295)
(0, 3, 0, 195, 864.5204422992554)
(0, 3, 0, 196, 747.2651186600424)
(0, 3, 0, 197, 726.0272552407991)
(0, 3, 0, 198, 590.9449893209003)
(0, 3, 0, 199, 783.5750890502771)
(0, 3, 0, 200, 873.4577968897189)
(0, 3, 0, 201, 671.9696449398891)
(0, 3, 0, 202, 845.8409596988406)
(0, 3, 0, 203, 814.6790819216978)
(0, 3, 0, 204, 767.3032323860174)
(0, 3, 0, 205, 647.7138882349956)
(0, 3, 0, 206, 586.8353871664248)
(0, 3, 0, 207, 934.1667193277651)
(0, 3, 0, 208, 1051.956831443767)
(0, 3, 0, 209, 724.4723990599142)
(0, 3, 0, 210, 818.1970169920347)
(0, 3, 0, 211, 434.3919487609531)
(0, 3, 0, 212, 617.346809798631)
(0, 3, 0, 213, 603.9843331930302)
(0, 3, 0, 214, 759.4632430047253)
(0, 3, 0, 215, 790.0958358448755)
(0, 3, 0, 216, 652.9553820989172)
(0, 3, 0, 217, 917.2627636081861)
(0, 3, 0, 218, 864.9572437298476)
(0, 3, 0, 219, 589.3243298468226)
(0, 3, 0, 220, 629.0473794658818)
(0, 3, 0, 221, 624.348987878422)
(0, 3, 0, 222, 735.5650437907395)
(0, 3, 0, 223, 782.5328965580628)
(0, 3, 0, 224, 706.4687269537422)
(0, 3, 0, 225, 1013.3881928976347)
(0, 3, 0, 226, 664.1751388619334)
(0, 3, 0, 227, 716.9020191808672)
(0, 3, 0, 228, 704.1533019734468)
(0, 3, 0, 229, 765.0660943346048)
(0, 3, 0, 230, 685.0719803471359)
(0, 3, 0, 231, 694.3905602048493)
(0, 3, 0, 232, 607.5521354853345)
(0, 3, 0, 233, 701.3695587160795)
(0, 3, 0, 234, 667.7510166347511)
(0, 3, 0, 235, 851.1491099497998)
(0, 3, 0, 236, 677.859546751075)
(0, 3, 0, 237, 941.8750525803205)
(0, 3, 0, 238, 1030.8936317737382)
(0, 3, 0, 239, 777.9475978261821)
(0, 3, 0, 240, 811.100094188628)
(0, 3, 0, 241, 547.0762121328389)
(0, 3, 0, 242, 705.4598444269068)
(0, 3, 0, 243, 786.0524701864299)
(0, 3, 0, 244, 660.5472626532231)
(0, 3, 0, 245, 612.8365324666174)
(0, 3, 0, 246, 758.1092104811956)
(0, 3, 0, 247, 721.8295587462768)
(0, 3, 0, 248, 535.149278325113)
(0, 3, 0, 249, 640.453823262626)
(0, 3, 1, 0, 1013.1123015733232)
(0, 3, 1, 1, 1256.2620285604416)
(0, 3, 1, 2, 1068.8562324017594)
(0, 3, 1, 3, 633.5458978209019)
(0, 3, 1, 4, 1103.4199640698514)
(0, 3, 1, 5, 870.6237239602157)
(0, 3, 1, 6, 1134.5007774445546)
(0, 3, 1, 7, 2562.644371483057)
(0, 3, 1, 8, 1058.986497137983)
(0, 3, 1, 9, 957.0646417864295)
(0, 3, 1, 10, 935.8131111339802)
(0, 3, 1, 11, 574.3645700481616)
(0, 3, 1, 12, 1259.0194140569556)
(0, 3, 1, 13, 1582.4084057857408)
(0, 3, 1, 14, 1186.239059091548)
(0, 3, 1, 15, 1809.727875850289)
(0, 3, 1, 16, 1686.5022720297966)
(0, 3, 1, 17, 1515.7823045059763)
(0, 3, 1, 18, 1934.1790375598027)
(0, 3, 1, 19, 1286.077965085607)
(0, 3, 1, 20, 1882.0494451463796)
(0, 3, 1, 21, 1458.0804431603058)
(0, 3, 1, 22, 785.3299827486924)
(0, 3, 1, 23, 1399.7199738901168)
(0, 3, 1, 24, 1007.6685040354096)
(0, 3, 1, 25, 1909.9735692973663)
(0, 3, 1, 26, 2015.7958286566054)
(0, 3, 1, 27, 1093.3882603409886)
(0, 3, 1, 28, 1543.6882168672455)
(0, 3, 1, 29, 2095.602076923657)
(0, 3, 1, 30, 1841.7614963581307)
(0, 3, 1, 31, 1366.4500511766828)
(0, 3, 1, 32, 2062.3334244991956)
(0, 3, 1, 33, 3202.025391702758)
(0, 3, 1, 34, 1420.3013283878322)
(0, 3, 1, 35, 1225.6642130487023)
(0, 3, 1, 36, 1867.5456649426958)
(0, 3, 1, 37, 922.3388072625439)
(0, 3, 1, 38, 2967.6721178604184)
(0, 3, 1, 39, 1240.446320333253)
(0, 3, 1, 40, 2124.8603159372806)
(0, 3, 1, 41, 1977.835361833194)
(0, 3, 1, 42, 1770.1953654661875)
(0, 3, 1, 43, 877.4907797660198)
(0, 3, 1, 44, 2476.913109552065)
(0, 3, 1, 45, 2725.377215293453)
(0, 3, 1, 46, 1334.9429286233112)
(0, 3, 1, 47, 1176.7538598708375)
(0, 3, 1, 48, 1249.4139597899)
(0, 3, 1, 49, 1311.7106108736607)
(0, 3, 1, 50, 1203.1803814735338)
(0, 3, 1, 51, 700.2820102165449)
(0, 3, 1, 52, 2284.261039618018)
(0, 3, 1, 53, 3140.130285316265)
(0, 3, 1, 54, 1545.0523574452316)
(0, 3, 1, 55, 696.6788801661911)
(0, 3, 1, 56, 2072.2513547796984)
(0, 3, 1, 57, 1664.5858171230886)
(0, 3, 1, 58, 862.1763058121608)
(0, 3, 1, 59, 1817.7281541473017)
(0, 3, 1, 60, 1316.0825999951712)
(0, 3, 1, 61, 1003.8009234872575)
(0, 3, 1, 62, 1832.3838856857187)
(0, 3, 1, 63, 859.3438225112398)
(0, 3, 1, 64, 2297.5800502867833)
(0, 3, 1, 65, 1073.2551192611156)
(0, 3, 1, 66, 1456.5163774808705)
(0, 3, 1, 67, 1920.9901504802508)
(0, 3, 1, 68, 1096.0902776511298)
(0, 3, 1, 69, 1793.9571837208232)
(0, 3, 1, 70, 1313.4503588516573)
(0, 3, 1, 71, 666.4729300354394)
(0, 3, 1, 72, 784.6480600792166)
(0, 3, 1, 73, 1733.1360420651147)
(0, 3, 1, 74, 1267.3962366882242)
(0, 3, 1, 75, 1262.1420000989742)
(0, 3, 1, 76, 840.3295957031715)
(0, 3, 1, 77, 1291.6761770593503)
(0, 3, 1, 78, 881.9933712484047)
(0, 3, 1, 79, 1974.0833958208766)
(0, 3, 1, 80, 1588.1021806271917)
(0, 3, 1, 81, 1808.1845262935017)
(0, 3, 1, 82, 1392.7549454393372)
(0, 3, 1, 83, 652.3646589266513)
(0, 3, 1, 84, 2872.8400057237754)
(0, 3, 1, 85, 1024.1030469181208)
(0, 3, 1, 86, 1498.1248198457174)
(0, 3, 1, 87, 2195.3075884260675)
(0, 3, 1, 88, 885.4963486926556)
(0, 3, 1, 89, 1448.8684654645547)
(0, 3, 1, 90, 1919.5536949200327)
(0, 3, 1, 91, 1468.2705537051581)
(0, 3, 1, 92, 1302.1393452657771)
(0, 3, 1, 93, 1323.94777400636)
(0, 3, 1, 94, 1673.2180706202125)
(0, 3, 1, 95, 2644.933469248954)
(0, 3, 1, 96, 842.2361212595894)
(0, 3, 1, 97, 1167.5951956564222)
(0, 3, 1, 98, 2534.0224851827315)
(0, 3, 1, 99, 1227.5289587500504)
(0, 3, 1, 100, 1870.5706412412358)
(0, 3, 1, 101, 1011.3180958441576)
(0, 3, 1, 102, 1242.3003794509425)
(0, 3, 1, 103, 1100.4310941645606)
(0, 3, 1, 104, 1525.1255811637277)
(0, 3, 1, 105, 2313.2991556371967)
(0, 3, 1, 106, 1784.4455856743543)
(0, 3, 1, 107, 1112.6134830160474)
(0, 3, 1, 108, 1494.0696031520465)
(0, 3, 1, 109, 780.5753733717931)
(0, 3, 1, 110, 2680.5658952196927)
(0, 3, 1, 111, 3334.1938535407776)
(0, 3, 1, 112, 873.1643479849574)
(0, 3, 1, 113, 1390.4463588769513)
(0, 3, 1, 114, 2164.887220153089)
(0, 3, 1, 115, 885.9830968212785)
(0, 3, 1, 116, 1204.1451728987458)
(0, 3, 1, 117, 1283.42692640864)
(0, 3, 1, 118, 1037.8667032938786)
(0, 3, 1, 119, 1782.4251544602143)
(0, 3, 1, 120, 1147.2483323047677)
(0, 3, 1, 121, 2030.4346714377702)
(0, 3, 1, 122, 2123.8311681775167)
(0, 3, 1, 123, 1025.5612585004678)
(0, 3, 1, 124, 674.2326974428479)
(0, 3, 1, 125, 1326.0551104720598)
(0, 3, 1, 126, 1873.9950920749561)
(0, 3, 1, 127, 1630.4635748053686)
(0, 3, 1, 128, 1175.740573174361)
(0, 3, 1, 129, 893.4076519612719)
(0, 3, 1, 130, 921.0444968501852)
(0, 3, 1, 131, 2640.991804550177)
(0, 3, 1, 132, 1939.293946478713)
(0, 3, 1, 133, 1454.9445932483486)
(0, 3, 1, 134, 1446.3744650121992)
(0, 3, 1, 135, 1677.5489482446494)
(0, 3, 1, 136, 1643.1782730209993)
(0, 3, 1, 137, 2308.36595636202)
(0, 3, 1, 138, 1719.7069060124195)
(0, 3, 1, 139, 1112.4001605487717)
(0, 3, 1, 140, 1815.745775760624)
(0, 3, 1, 141, 1304.2833350765732)
(0, 3, 1, 142, 1401.7075413334157)
(0, 3, 1, 143, 1354.7079251028022)
(0, 3, 1, 144, 997.5959077837714)
(0, 3, 1, 145, 1181.5807847170113)
(0, 3, 1, 146, 1996.0012068798578)
(0, 3, 1, 147, 2158.8228152258175)
(0, 3, 1, 148, 1886.5230231538483)
(0, 3, 1, 149, 881.5136918455593)
(0, 3, 1, 150, 1637.5071482476023)
(0, 3, 1, 151, 2716.145285770686)
(0, 3, 1, 152, 1559.5436993319677)
(0, 3, 1, 153, 1490.9224579421295)
(0, 3, 1, 154, 1402.3327450989514)
(0, 3, 1, 155, 1337.5233637554165)
(0, 3, 1, 156, 1369.8308186731335)
(0, 3, 1, 157, 2164.835043540781)
(0, 3, 1, 158, 959.9814864531859)
(0, 3, 1, 159, 1039.473217287891)
(0, 3, 1, 160, 1294.47333035921)
(0, 3, 1, 161, 1690.193439449786)
(0, 3, 1, 162, 1461.7078778315768)
(0, 3, 1, 163, 1229.0885711268102)
(0, 3, 1, 164, 1724.3628354684556)
(0, 3, 1, 165, 1223.5811194400349)
(0, 3, 1, 166, 1082.4834832662511)
(0, 3, 1, 167, 3233.828310450603)
(0, 3, 1, 168, 1250.8246361134102)
(0, 3, 1, 169, 1142.5594194197824)
(0, 3, 1, 170, 959.2143173324217)
(0, 3, 1, 171, 547.8184832629801)
(0, 3, 1, 172, 921.2058765510491)
(0, 3, 1, 173, 1709.1081253016378)
(0, 3, 1, 174, 922.517964064399)
(0, 3, 1, 175, 1571.4259404671388)
(0, 3, 1, 176, 1248.3629023353938)
(0, 3, 1, 177, 886.3831898744008)
(0, 3, 1, 178, 1956.4537238814569)
(0, 3, 1, 179, 914.8915870787398)
(0, 3, 1, 180, 986.6437564970654)
(0, 3, 1, 181, 2017.104183302733)
(0, 3, 1, 182, 1616.398892402124)
(0, 3, 1, 183, 1790.4064860268234)
(0, 3, 1, 184, 1221.0525260959466)
(0, 3, 1, 185, 1597.7641287858025)
(0, 3, 1, 186, 876.9202123597815)
(0, 3, 1, 187, 981.080855021646)
(0, 3, 1, 188, 935.3627210636977)
(0, 3, 1, 189, 1059.7747986082072)
(0, 3, 1, 190, 1173.5244330482888)
(0, 3, 1, 191, 1367.0468638460447)
(0, 3, 1, 192, 1521.490188274477)
(0, 3, 1, 193, 1080.5879525782543)
(0, 3, 1, 194, 1048.5811521430667)
(0, 3, 1, 195, 1586.6980769418642)
(0, 3, 1, 196, 1169.3521832789015)
(0, 3, 1, 197, 1871.2035817179278)
(0, 3, 1, 198, 688.0788317465799)
(0, 3, 1, 199, 2119.1919269636887)
(0, 3, 1, 200, 2506.1421133143626)
(0, 3, 1, 201, 1201.7304716554765)
(0, 3, 1, 202, 1352.9962670037685)
(0, 3, 1, 203, 1311.8917630578119)
(0, 3, 1, 204, 702.6892572584128)
(0, 3, 1, 205, 1858.579512722959)
(0, 3, 1, 206, 1402.7332264808074)
(0, 3, 1, 207, 633.6637900619938)
(0, 3, 1, 208, 2048.2395802523283)
(0, 3, 1, 209, 1712.86773180107)
(0, 3, 1, 210, 1390.7537915204066)
(0, 3, 1, 211, 889.9142365094973)
(0, 3, 1, 212, 1769.6921986013426)
(0, 3, 1, 213, 2655.2658093998184)
(0, 3, 1, 214, 996.8111532443446)
(0, 3, 1, 215, 1561.8367990252766)
(0, 3, 1, 216, 1648.7122997962729)
(0, 3, 1, 217, 1456.0451377273725)
(0, 3, 1, 218, 1649.5110981723883)
(0, 3, 1, 219, 3275.039111686059)
(0, 3, 1, 220, 3496.4259959742876)
(0, 3, 1, 221, 1948.9272740273882)
(0, 3, 1, 222, 1194.7181334543616)
(0, 3, 1, 223, 2158.2403464820154)
(0, 3, 1, 224, 1448.5998585052314)
(0, 3, 1, 225, 800.022966766205)
(0, 3, 1, 226, 1232.554504148886)
(0, 3, 1, 227, 1275.148001785073)
(0, 3, 1, 228, 2191.5433755920926)
(0, 3, 1, 229, 1462.031464165781)
(0, 3, 1, 230, 1263.992330271291)
(0, 3, 1, 231, 887.0977829537187)
(0, 3, 1, 232, 1757.0925370787072)
(0, 3, 1, 233, 797.0689282117083)
(0, 3, 1, 234, 1233.9948321874422)
(0, 3, 1, 235, 1731.8289177483296)
(0, 3, 1, 236, 1801.9635649824895)
(0, 3, 1, 237, 1124.5149473355511)
(0, 3, 1, 238, 1068.0398342507197)
(0, 3, 1, 239, 1384.6141275705047)
(0, 3, 1, 240, 1862.0346838713006)
(0, 3, 1, 241, 1522.1123857942473)
(0, 3, 1, 242, 900.5987539178095)
(0, 3, 1, 243, 831.6828941058585)
(0, 3, 1, 244, 2205.460426375948)
(0, 3, 1, 245, 1864.6823219349433)
(0, 3, 1, 246, 1470.4922467841589)
(0, 3, 1, 247, 1027.3607958070672)
(0, 3, 1, 248, 769.6327313522305)
(0, 3, 1, 249, 672.1228169058456)
(0, 4, 0, 0, 661.1321447786038)
(0, 4, 0, 1, 661.8172174587282)
(0, 4, 0, 2, 847.6726389375555)
(0, 4, 0, 3, 790.0097507592085)
(0, 4, 0, 4, 788.8794214732545)
(0, 4, 0, 5, 970.2909017734132)
(0, 4, 0, 6, 613.1484749402007)
(0, 4, 0, 7, 684.5189016248165)
(0, 4, 0, 8, 516.0417857017954)
(0, 4, 0, 9, 817.4952108160026)
(0, 4, 0, 10, 411.91452897292874)
(0, 4, 0, 11, 633.4304817406869)
(0, 4, 0, 12, 890.2425358289588)
(0, 4, 0, 13, 649.6959430957274)
(0, 4, 0, 14, 834.4204342610565)
(0, 4, 0, 15, 611.6749276735441)
(0, 4, 0, 16, 943.7055051387727)
(0, 4, 0, 17, 979.8240235696863)
(0, 4, 0, 18, 1164.6445287030438)
(0, 4, 0, 19, 896.7534888972787)
(0, 4, 0, 20, 477.73185069893907)
(0, 4, 0, 21, 830.9151080796371)
(0, 4, 0, 22, 790.0423776691961)
(0, 4, 0, 23, 898.6724790687952)
(0, 4, 0, 24, 639.9225114979067)
(0, 4, 0, 25, 525.5256240120578)
(0, 4, 0, 26, 671.4901719244389)
(0, 4, 0, 27, 718.4222081349264)
(0, 4, 0, 28, 792.0755180243868)
(0, 4, 0, 29, 530.5918917480395)
(0, 4, 0, 30, 735.1309507458593)
(0, 4, 0, 31, 824.4570333753893)
(0, 4, 0, 32, 983.6235415174785)
(0, 4, 0, 33, 657.9401331527815)
(0, 4, 0, 34, 661.4689539300347)
(0, 4, 0, 35, 659.3062591632969)
(0, 4, 0, 36, 846.5555368564701)
(0, 4, 0, 37, 537.9399692794009)
(0, 4, 0, 38, 742.3125273073343)
(0, 4, 0, 39, 686.9624095019913)
(0, 4, 0, 40, 540.9502790875886)
(0, 4, 0, 41, 633.4281120813391)
(0, 4, 0, 42, 752.968074969191)
(0, 4, 0, 43, 769.7707204816987)
(0, 4, 0, 44, 731.9259290016811)
(0, 4, 0, 45, 765.3032351161633)
(0, 4, 0, 46, 617.4659316146943)
(0, 4, 0, 47, 760.2811129912477)
(0, 4, 0, 48, 676.5411272909532)
(0, 4, 0, 49, 799.4107241789159)
(0, 4, 0, 50, 958.0604884804316)
(0, 4, 0, 51, 667.4064002288659)
(0, 4, 0, 52, 872.7111059812734)
(0, 4, 0, 53, 697.3476517050223)
(0, 4, 0, 54, 666.4419836740336)
(0, 4, 0, 55, 904.9721655873997)
(0, 4, 0, 56, 769.1983109346802)
(0, 4, 0, 57, 874.7938059772836)
(0, 4, 0, 58, 878.2115661492667)
(0, 4, 0, 59, 872.2083948397731)
(0, 4, 0, 60, 1038.5515374179267)
(0, 4, 0, 61, 1063.231724617495)
(0, 4, 0, 62, 602.9401333884533)
(0, 4, 0, 63, 627.6162249279777)
(0, 4, 0, 64, 1049.428707055505)
(0, 4, 0, 65, 869.1830676034572)
(0, 4, 0, 66, 580.6900512409396)
(0, 4, 0, 67, 501.13841452843883)
(0, 4, 0, 68, 847.4189862668294)
(0, 4, 0, 69, 639.4911266925361)
(0, 4, 0, 70, 904.9912890493582)
(0, 4, 0, 71, 1151.4095083314337)
(0, 4, 0, 72, 787.2174385983373)
(0, 4, 0, 73, 787.5073652993241)
(0, 4, 0, 74, 677.8718987569987)
(0, 4, 0, 75, 767.8256753479884)
(0, 4, 0, 76, 714.3881816181631)
(0, 4, 0, 77, 952.0816302836256)
(0, 4, 0, 78, 997.0268946372975)
(0, 4, 0, 79, 736.0447592196466)
(0, 4, 0, 80, 759.9723844273342)
(0, 4, 0, 81, 748.5432028538409)
(0, 4, 0, 82, 731.2415242998404)
(0, 4, 0, 83, 752.6531133069917)
(0, 4, 0, 84, 737.3341410261771)
(0, 4, 0, 85, 463.43625927214913)
(0, 4, 0, 86, 920.8523012412983)
(0, 4, 0, 87, 715.1414360718527)
(0, 4, 0, 88, 1043.772238856952)
(0, 4, 0, 89, 857.9084415482208)
(0, 4, 0, 90, 717.6774144037284)
(0, 4, 0, 91, 604.8688889587789)
(0, 4, 0, 92, 989.206557628709)
(0, 4, 0, 93, 888.4330423125472)
(0, 4, 0, 94, 1023.5612826678495)
(0, 4, 0, 95, 652.8732167324903)
(0, 4, 0, 96, 788.2085148307909)
(0, 4, 0, 97, 922.2738812622069)
(0, 4, 0, 98, 830.8110262077273)
(0, 4, 0, 99, 1049.8247710711182)
(0, 4, 0, 100, 625.9731455620051)
(0, 4, 0, 101, 980.5648628990332)
(0, 4, 0, 102, 542.386452360936)
(0, 4, 0, 103, 956.7794822686707)
(0, 4, 0, 104, 985.5423873529095)
(0, 4, 0, 105, 777.0003150350283)
(0, 4, 0, 106, 1099.0044851049581)
(0, 4, 0, 107, 690.5583000806612)
(0, 4, 0, 108, 725.5566411009725)
(0, 4, 0, 109, 877.1565738214362)
(0, 4, 0, 110, 1052.040633283032)
(0, 4, 0, 111, 574.8258850271063)
(0, 4, 0, 112, 456.32101715044445)
(0, 4, 0, 113, 969.5232325170028)
(0, 4, 0, 114, 816.8405111066107)
(0, 4, 0, 115, 782.1207170119807)
(0, 4, 0, 116, 655.2278035815398)
(0, 4, 0, 117, 705.6386154622747)
(0, 4, 0, 118, 878.7553965782777)
(0, 4, 0, 119, 836.0490291662137)
(0, 4, 0, 120, 812.6921628340791)
(0, 4, 0, 121, 1030.5498065787747)
(0, 4, 0, 122, 1004.1882067792247)
(0, 4, 0, 123, 744.7348591480032)
(0, 4, 0, 124, 642.5784457534292)
(0, 4, 0, 125, 740.7385791531835)
(0, 4, 0, 126, 1076.3598971146826)
(0, 4, 0, 127, 771.2088099244378)
(0, 4, 0, 128, 785.2499953244087)
(0, 4, 0, 129, 570.9817893392178)
(0, 4, 0, 130, 728.9923575580124)
(0, 4, 0, 131, 643.8181464620222)
(0, 4, 0, 132, 784.7886076324818)
(0, 4, 0, 133, 662.2515147924245)
(0, 4, 0, 134, 869.2665398680904)
(0, 4, 0, 135, 749.1088480106802)
(0, 4, 0, 136, 676.5254841420564)
(0, 4, 0, 137, 739.6161770629775)
(0, 4, 0, 138, 840.4636581448552)
(0, 4, 0, 139, 1019.7991053965163)
(0, 4, 0, 140, 630.3957887014765)
(0, 4, 0, 141, 718.2721890648388)
(0, 4, 0, 142, 567.4091476129911)
(0, 4, 0, 143, 857.5557585743627)
(0, 4, 0, 144, 770.1934966210007)
(0, 4, 0, 145, 501.12067046898113)
(0, 4, 0, 146, 802.0270946636273)
(0, 4, 0, 147, 694.4322634821356)
(0, 4, 0, 148, 993.7837937133756)
(0, 4, 0, 149, 619.6212560240243)
(0, 4, 0, 150, 946.8338302600428)
(0, 4, 0, 151, 614.2524339850627)
(0, 4, 0, 152, 995.1192469198701)
(0, 4, 0, 153, 687.348777802798)
(0, 4, 0, 154, 721.3359325603416)
(0, 4, 0, 155, 987.4232777706864)
(0, 4, 0, 156, 948.7381049153712)
(0, 4, 0, 157, 815.5775931440976)
(0, 4, 0, 158, 722.8348635894829)
(0, 4, 0, 159, 1054.5483344373595)
(0, 4, 0, 160, 791.8976848873016)
(0, 4, 0, 161, 848.2328709790796)
(0, 4, 0, 162, 745.1497294959369)
(0, 4, 0, 163, 823.4070158964862)
(0, 4, 0, 164, 800.3601672478165)
(0, 4, 0, 165, 1136.7314889840584)
(0, 4, 0, 166, 693.1168724078842)
(0, 4, 0, 167, 984.7302556088748)
(0, 4, 0, 168, 833.8263945050695)
(0, 4, 0, 169, 736.7099783067249)
(0, 4, 0, 170, 874.1058524358218)
(0, 4, 0, 171, 700.2189734405)
(0, 4, 0, 172, 1042.4383593059156)
(0, 4, 0, 173, 1051.6225486176102)
(0, 4, 0, 174, 876.9476321762317)
(0, 4, 0, 175, 774.7895705197888)
(0, 4, 0, 176, 737.5611471268127)
(0, 4, 0, 177, 523.9531081196216)
(0, 4, 0, 178, 773.2798774488642)
(0, 4, 0, 179, 723.2038570658796)
(0, 4, 0, 180, 944.7806298518954)
(0, 4, 0, 181, 541.8929030620912)
(0, 4, 0, 182, 740.2816636310514)
(0, 4, 0, 183, 583.5134232709682)
(0, 4, 0, 184, 916.6113873441169)
(0, 4, 0, 185, 829.719566863836)
(0, 4, 0, 186, 615.9140059181398)
(0, 4, 0, 187, 609.5301459241344)
(0, 4, 0, 188, 849.1912703006033)
(0, 4, 0, 189, 690.5764475370374)
(0, 4, 0, 190, 784.5079611562601)
(0, 4, 0, 191, 768.7541351301068)
(0, 4, 0, 192, 702.287331327385)
(0, 4, 0, 193, 510.0137627450832)
(0, 4, 0, 194, 974.576473881428)
(0, 4, 0, 195, 1179.6358366887878)
(0, 4, 0, 196, 916.7790895010089)
(0, 4, 0, 197, 875.6517294656645)
(0, 4, 0, 198, 671.8203089676891)
(0, 4, 0, 199, 882.1889251058022)
(0, 4, 0, 200, 954.6679486081886)
(0, 4, 0, 201, 702.7465791631055)
(0, 4, 0, 202, 809.1917723011621)
(0, 4, 0, 203, 891.6228431786187)
(0, 4, 0, 204, 923.38811869091)
(0, 4, 0, 205, 757.78599483694)
(0, 4, 0, 206, 745.0962418296331)
(0, 4, 0, 207, 892.3397461136205)
(0, 4, 0, 208, 997.4467762640234)
(0, 4, 0, 209, 829.2510635556357)
(0, 4, 0, 210, 855.7014698364789)
(0, 4, 0, 211, 410.79268965797826)
(0, 4, 0, 212, 680.4740983155751)
(0, 4, 0, 213, 759.5478932294538)
(0, 4, 0, 214, 860.3786982624566)
(0, 4, 0, 215, 833.8707890070606)
(0, 4, 0, 216, 582.168018291976)
(0, 4, 0, 217, 818.9523505180478)
(0, 4, 0, 218, 827.7074901863106)
(0, 4, 0, 219, 575.6671736708853)
(0, 4, 0, 220, 810.7205218230633)
(0, 4, 0, 221, 670.5923959223118)
(0, 4, 0, 222, 713.6474207973168)
(0, 4, 0, 223, 803.6775096402496)
(0, 4, 0, 224, 718.3099203745)
(0, 4, 0, 225, 1006.0469754711987)
(0, 4, 0, 226, 835.904292590751)
(0, 4, 0, 227, 807.917002610196)
(0, 4, 0, 228, 739.2574114815825)
(0, 4, 0, 229, 811.6527170457456)
(0, 4, 0, 230, 726.8255481531032)
(0, 4, 0, 231, 765.2447396988753)
(0, 4, 0, 232, 726.4482963908573)
(0, 4, 0, 233, 660.4840552336033)
(0, 4, 0, 234, 717.2005272983147)
(0, 4, 0, 235, 699.1110403698095)
(0, 4, 0, 236, 829.8050709657821)
(0, 4, 0, 237, 1173.8938619637952)
(0, 4, 0, 238, 1148.4679618903076)
(0, 4, 0, 239, 828.4767110505816)
(0, 4, 0, 240, 908.3837019798016)
(0, 4, 0, 241, 612.6548365333491)
(0, 4, 0, 242, 865.9935215574518)
(0, 4, 0, 243, 856.6905767236593)
(0, 4, 0, 244, 710.5689754786335)
(0, 4, 0, 245, 613.6047255088298)
(0, 4, 0, 246, 710.9554024518438)
(0, 4, 0, 247, 734.7159689146727)
(0, 4, 0, 248, 597.0104785564334)
(0, 4, 0, 249, 645.3069275064269)
(0, 4, 1, 0, 1065.0256186628962)
(0, 4, 1, 1, 1240.588596100595)
(0, 4, 1, 2, 1078.1046638488572)
(0, 4, 1, 3, 636.6826584750426)
(0, 4, 1, 4, 1055.1565329845678)
(0, 4, 1, 5, 886.6406104731963)
(0, 4, 1, 6, 1250.621929100451)
(0, 4, 1, 7, 2750.93810786602)
(0, 4, 1, 8, 1308.7264380380245)
(0, 4, 1, 9, 1091.659344176174)
(0, 4, 1, 10, 1079.355513375654)
(0, 4, 1, 11, 642.3974145289554)
(0, 4, 1, 12, 1320.0594167201982)
(0, 4, 1, 13, 1605.2774776018337)
(0, 4, 1, 14, 1306.1246274367036)
(0, 4, 1, 15, 1897.991956249682)
(0, 4, 1, 16, 1745.9179202836392)
(0, 4, 1, 17, 1227.9049596800487)
(0, 4, 1, 18, 1959.3220316064992)
(0, 4, 1, 19, 1389.5549529120271)
(0, 4, 1, 20, 1928.8350670413067)
(0, 4, 1, 21, 1390.0389053335325)
(0, 4, 1, 22, 809.982352420503)
(0, 4, 1, 23, 1357.0260820797341)
(0, 4, 1, 24, 1088.5385967034301)
(0, 4, 1, 25, 1952.116732244658)
(0, 4, 1, 26, 2008.5664797874476)
(0, 4, 1, 27, 963.0409208344859)
(0, 4, 1, 28, 1749.815941061711)
(0, 4, 1, 29, 1814.324614596968)
(0, 4, 1, 30, 1602.9630205161218)
(0, 4, 1, 31, 1375.4424556831336)
(0, 4, 1, 32, 2176.9601599363614)
(0, 4, 1, 33, 3344.8025927692343)
(0, 4, 1, 34, 1278.353045943837)
(0, 4, 1, 35, 1346.1905651721383)
(0, 4, 1, 36, 1887.8008587096097)
(0, 4, 1, 37, 933.7003979884144)
(0, 4, 1, 38, 2694.1868529754593)
(0, 4, 1, 39, 1346.781997142103)
(0, 4, 1, 40, 1990.6155822729222)
(0, 4, 1, 41, 1901.2387986429856)
(0, 4, 1, 42, 1939.7782178654463)
(0, 4, 1, 43, 944.6002759523395)
(0, 4, 1, 44, 2607.5325545226888)
(0, 4, 1, 45, 2674.3980571365964)
(0, 4, 1, 46, 1336.127456478908)
(0, 4, 1, 47, 1249.4897476904914)
(0, 4, 1, 48, 1398.3690306385097)
(0, 4, 1, 49, 1337.7227579598205)
(0, 4, 1, 50, 1198.5874969673973)
(0, 4, 1, 51, 765.2402579117872)
(0, 4, 1, 52, 2614.8116111282184)
(0, 4, 1, 53, 3035.993889229864)
(0, 4, 1, 54, 1713.59995594757)
(0, 4, 1, 55, 875.1782246198625)
(0, 4, 1, 56, 2005.0484765080412)
(0, 4, 1, 57, 1495.056707377099)
(0, 4, 1, 58, 832.1422588913534)
(0, 4, 1, 59, 1927.73912838258)
(0, 4, 1, 60, 1477.6025411871553)
(0, 4, 1, 61, 1231.9988735216557)
(0, 4, 1, 62, 2015.0340386200078)
(0, 4, 1, 63, 959.151803843234)
(0, 4, 1, 64, 2350.878453695639)
(0, 4, 1, 65, 1062.4419789846108)
(0, 4, 1, 66, 1565.4323988363988)
(0, 4, 1, 67, 2044.0348244491372)
(0, 4, 1, 68, 1079.0206616792589)
(0, 4, 1, 69, 1956.8613282677068)
(0, 4, 1, 70, 1394.9681015238145)
(0, 4, 1, 71, 656.3682518746591)
(0, 4, 1, 72, 848.2472160612905)
(0, 4, 1, 73, 1688.2141552681974)
(0, 4, 1, 74, 1378.6433589030785)
(0, 4, 1, 75, 1384.2888284660128)
(0, 4, 1, 76, 904.4257825927657)
(0, 4, 1, 77, 1342.9181280761165)
(0, 4, 1, 78, 1036.4751392663402)
(0, 4, 1, 79, 2174.4842700051086)
(0, 4, 1, 80, 1539.6229093679078)
(0, 4, 1, 81, 1631.2348658179726)
(0, 4, 1, 82, 1310.6520025837308)
(0, 4, 1, 83, 608.3859690180332)
(0, 4, 1, 84, 2792.1068339508292)
(0, 4, 1, 85, 1037.0205717486376)
(0, 4, 1, 86, 1392.5892304005981)
(0, 4, 1, 87, 2089.1878778690093)
(0, 4, 1, 88, 752.100999496271)
(0, 4, 1, 89, 1588.2738820267225)
(0, 4, 1, 90, 1981.0168482854092)
(0, 4, 1, 91, 1505.9260799127264)
(0, 4, 1, 92, 1190.4878873223777)
(0, 4, 1, 93, 1283.9026224975796)
(0, 4, 1, 94, 1732.028446274622)
(0, 4, 1, 95, 2595.675845635683)
(0, 4, 1, 96, 958.9279124993207)
(0, 4, 1, 97, 1255.953134076584)
(0, 4, 1, 98, 2313.9630415813526)
(0, 4, 1, 99, 1193.469996043595)
(0, 4, 1, 100, 2037.4904111151811)
(0, 4, 1, 101, 1141.795369981817)
(0, 4, 1, 102, 1316.44908901813)
(0, 4, 1, 103, 1146.8530997829932)
(0, 4, 1, 104, 1517.4879630995863)
(0, 4, 1, 105, 2159.200712046837)
(0, 4, 1, 106, 1893.0501206646545)
(0, 4, 1, 107, 990.3850896922304)
(0, 4, 1, 108, 1646.0657449436565)
(0, 4, 1, 109, 858.9500998419802)
(0, 4, 1, 110, 2628.0745476794946)
(0, 4, 1, 111, 3464.849094442529)
(0, 4, 1, 112, 908.5784232336671)
(0, 4, 1, 113, 1318.3957969700039)
(0, 4, 1, 114, 2256.3529314067114)
(0, 4, 1, 115, 947.1257653352834)
(0, 4, 1, 116, 1117.2764429461226)
(0, 4, 1, 117, 1290.3578581797635)
(0, 4, 1, 118, 1156.1207006190152)
(0, 4, 1, 119, 1940.2047815062558)
(0, 4, 1, 120, 1064.119833414)
(0, 4, 1, 121, 2255.362994574229)
(0, 4, 1, 122, 1936.7203978649043)
(0, 4, 1, 123, 1023.074020379069)
(0, 4, 1, 124, 712.0153669561292)
(0, 4, 1, 125, 1598.0315658816357)
(0, 4, 1, 126, 1796.2228608367109)
(0, 4, 1, 127, 1617.2293773581582)
(0, 4, 1, 128, 1181.3187754179285)
(0, 4, 1, 129, 882.4481745909768)
(0, 4, 1, 130, 929.7940599760072)
(0, 4, 1, 131, 2723.2158855065613)
(0, 4, 1, 132, 1954.3160460039996)
(0, 4, 1, 133, 1401.4918262937038)
(0, 4, 1, 134, 1193.2742546991076)
(0, 4, 1, 135, 1727.184308542534)
(0, 4, 1, 136, 1592.5498105732188)
(0, 4, 1, 137, 2115.118124722659)
(0, 4, 1, 138, 1874.9764450811888)
(0, 4, 1, 139, 1241.9722524030194)
(0, 4, 1, 140, 1735.775209798571)
(0, 4, 1, 141, 1161.4135376280335)
(0, 4, 1, 142, 1396.6405210376802)
(0, 4, 1, 143, 1531.5918086836264)
(0, 4, 1, 144, 1095.136877374503)
(0, 4, 1, 145, 1242.990714260635)
(0, 4, 1, 146, 1911.3089594908126)
(0, 4, 1, 147, 2119.126154990157)
(0, 4, 1, 148, 1799.8156779934116)
(0, 4, 1, 149, 921.4017280729126)
(0, 4, 1, 150, 1779.8829991110783)
(0, 4, 1, 151, 2597.317056734416)
(0, 4, 1, 152, 1658.4173880002054)
(0, 4, 1, 153, 1568.36005867112)
(0, 4, 1, 154, 1340.0568719312062)
(0, 4, 1, 155, 1244.2465330669468)
(0, 4, 1, 156, 1467.3705687793015)
(0, 4, 1, 157, 1930.4310060271923)
(0, 4, 1, 158, 945.6420839551752)
(0, 4, 1, 159, 1024.5837277174405)
(0, 4, 1, 160, 1418.4301024336633)
(0, 4, 1, 161, 1842.6610244804397)
(0, 4, 1, 162, 1373.6371158627674)
(0, 4, 1, 163, 1282.8795933405277)
(0, 4, 1, 164, 1639.8257010432847)
(0, 4, 1, 165, 1356.3598513822624)
(0, 4, 1, 166, 1129.2378635528507)
(0, 4, 1, 167, 3340.8160126668304)
(0, 4, 1, 168, 1256.1948598262748)
(0, 4, 1, 169, 1218.7533846031354)
(0, 4, 1, 170, 1094.8637454163418)
(0, 4, 1, 171, 703.7063138955083)
(0, 4, 1, 172, 1037.1033831214793)
(0, 4, 1, 173, 1656.5106776060952)
(0, 4, 1, 174, 980.9930212384027)
(0, 4, 1, 175, 1381.5190526419199)
(0, 4, 1, 176, 1221.8670386397882)
(0, 4, 1, 177, 1026.586083616884)
(0, 4, 1, 178, 2159.7087916596824)
(0, 4, 1, 179, 938.0796184787253)
(0, 4, 1, 180, 842.31751542583)
(0, 4, 1, 181, 1940.2271630758305)
(0, 4, 1, 182, 1878.8704385430385)
(0, 4, 1, 183, 1609.451104240365)
(0, 4, 1, 184, 1097.1121824856593)
(0, 4, 1, 185, 1539.5180951410935)
(0, 4, 1, 186, 942.5193945003863)
(0, 4, 1, 187, 1210.829422765682)
(0, 4, 1, 188, 849.9475266309953)
(0, 4, 1, 189, 926.6672120726239)
(0, 4, 1, 190, 1229.2246383428978)
(0, 4, 1, 191, 1414.9133640468408)
(0, 4, 1, 192, 1683.3811217384034)
(0, 4, 1, 193, 978.6217932054751)
(0, 4, 1, 194, 1173.7357540485198)
(0, 4, 1, 195, 1628.7900685369762)
(0, 4, 1, 196, 1047.9799919250383)
(0, 4, 1, 197, 1698.9649939394403)
(0, 4, 1, 198, 774.2391741085167)
(0, 4, 1, 199, 2036.8498742252398)
(0, 4, 1, 200, 2716.520949767507)
(0, 4, 1, 201, 1203.230064013079)
(0, 4, 1, 202, 1197.796939381768)
(0, 4, 1, 203, 1315.0480336033265)
(0, 4, 1, 204, 832.6624033654166)
(0, 4, 1, 205, 1829.3899286405995)
(0, 4, 1, 206, 1397.1946736129578)
(0, 4, 1, 207, 632.5668140617043)
(0, 4, 1, 208, 2239.2365876898093)
(0, 4, 1, 209, 1879.1749174435074)
(0, 4, 1, 210, 1568.6223565908872)
(0, 4, 1, 211, 1091.8441726123672)
(0, 4, 1, 212, 1808.9250802317565)
(0, 4, 1, 213, 2532.036195303008)
(0, 4, 1, 214, 1166.6582588094664)
(0, 4, 1, 215, 1509.651826332333)
(0, 4, 1, 216, 1462.7763836084844)
(0, 4, 1, 217, 1412.3191835824605)
(0, 4, 1, 218, 1801.5534449998436)
(0, 4, 1, 219, 3090.019943058557)
(0, 4, 1, 220, 3325.7195608821085)
(0, 4, 1, 221, 1961.3876543859626)
(0, 4, 1, 222, 1200.4242017852623)
(0, 4, 1, 223, 2075.118636958025)
(0, 4, 1, 224, 1153.8682014347828)
(0, 4, 1, 225, 876.3094048953122)
(0, 4, 1, 226, 1140.8820562353646)
(0, 4, 1, 227, 1408.4419874776254)
(0, 4, 1, 228, 1970.4912271695152)
(0, 4, 1, 229, 1451.6815277091837)
(0, 4, 1, 230, 1365.2558182229964)
(0, 4, 1, 231, 1012.6208423682616)
(0, 4, 1, 232, 1756.5689814761831)
(0, 4, 1, 233, 785.7574567157911)
(0, 4, 1, 234, 1174.458149824027)
(0, 4, 1, 235, 1769.9664061896258)
(0, 4, 1, 236, 1725.9604403832702)
(0, 4, 1, 237, 1206.8743749627035)
(0, 4, 1, 238, 1018.7795801628115)
(0, 4, 1, 239, 1408.005489491696)
(0, 4, 1, 240, 1865.3930001520214)
(0, 4, 1, 241, 1522.840169598524)
(0, 4, 1, 242, 918.633616800498)
(0, 4, 1, 243, 954.4413526918137)
(0, 4, 1, 244, 2197.955358262617)
(0, 4, 1, 245, 1966.5016809712686)
(0, 4, 1, 246, 1366.5918022961944)
(0, 4, 1, 247, 997.5864627208532)
(0, 4, 1, 248, 815.6642744736595)
(0, 4, 1, 249, 762.4768630994345)
