498.812101165
1512.689358866
4458.138538736
6553.77004919
8887.609690305
11753.572207284
16163.823213835001
22068.473883929
26993.513826298
31339.929507866
35611.756883398004
41448.960745694
48893.426242854
55671.34377435
61815.867736416
71189.33867135699
84739.840530369
100058.69176223999
115921.16323334699
130970.606484658
130971.962860275


303.91114189900003
1015.9110814310001
3016.448743482
4545.34599289
6201.0949413729995
9114.380919314
13533.340233049
19590.853893403
24263.174008489998
28264.352018168
32552.900250200997
38391.575944119
45832.825797512
52605.848915055
58736.227275347
68122.79643346701
81717.303442317
97152.82197064701
113024.797315485
128053.08566281
128054.04332437001
