0 0 0 0.06460925458802264 0.03504548657134782
0 0 1 0.2513169641177485 0.14413805692022755
0 0 2 0.03658686474728991 0.0077758017954219025
0 0 3 0.1549296084178455 0.02148427598953008
0 0 4 0.09246829181971424 0.0198024702823916
0 0 5 0.029604386995965515 0.01593490065383937
0 0 6 0.03081506130257368 0.014652395065464244
0 0 7 0.0967077346086346 0.03575651461881858
0 0 8 0.017943849402764802 0.006570813902019648
0 0 9 0.09575870879543703 0.008983760061908293
0 1 0 0.08085743446980542 0.043830950655399784
0 1 1 0.3084182405420523 0.175594309144445
0 1 2 0.043762479946631926 0.010703920239517311
0 1 3 0.21068221974817725 0.02728257210131766
0 1 4 0.11604250697143732 0.021929802985349814
0 1 5 0.029045620886400777 0.011013362399456068
0 1 6 0.038792428628133355 0.01854298216274934
0 1 7 0.12210369820356579 0.04809393986030834
0 1 8 0.02144717564522829 0.004874571963539
0 1 9 0.1172799731568599 0.01868685431840841
0 2 0 0.09310422021412637 0.04869618113205652
0 2 1 0.3307505023742605 0.1807860159364847
0 2 2 0.05066667899406022 0.01292786219309008
0 2 3 0.23877739981011986 0.03209217167980286
0 2 4 0.13228804284727103 0.019571308012830683
0 2 5 0.03265019631211116 0.010739634618770212
0 2 6 0.047766371843431764 0.01971352091920912
0 2 7 0.1387113140600392 0.05297593905185908
0 2 8 0.025026017764157818 0.004225767979419654
0 2 9 0.13638414456367845 0.022497290233153715
1 0 0 0.06401628913576582 0.03483288942580053
1 0 1 0.248448433631086 0.1426757558996977
1 0 2 0.03539983931644638 0.00793197224580782
1 0 3 0.15475240039073754 0.020984546573845804
1 0 4 0.09212682056883602 0.020088881549728203
1 0 5 0.028578956860101826 0.01592120470848752
1 0 6 0.03036291885843247 0.014298388062606643
1 0 7 0.09621713373731974 0.0356873692459119
1 0 8 0.017762680864405436 0.0065938036440657995
1 0 9 0.09597467124421015 0.009961880277519656
1 1 0 0.07931466547321973 0.04380092334633497
1 1 1 0.30089779786842935 0.16986926133004304
1 1 2 0.04230998304104481 0.01082311299950493
1 1 3 0.2070930519550044 0.027530602031092068
1 1 4 0.11507355337962681 0.021612688684696048
1 1 5 0.026938016591120318 0.010815213542373182
1 1 6 0.037542302820994064 0.01825375581524132
1 1 7 0.12002493172542839 0.04764602408495069
1 1 8 0.020420949380612414 0.006081183969963185
1 1 9 0.11654725717393037 0.01665412390827975
1 2 0 0.09224256226642319 0.048538904298074496
1 2 1 0.32602534957572693 0.17826546033247959
1 2 2 0.04927024695453986 0.012767541508290544
1 2 3 0.23786641658532348 0.03216662847714162
1 2 4 0.1323306758684715 0.020314167545841966
1 2 5 0.03163574761473502 0.01151435828679188
1 2 6 0.046262383107478815 0.021324498156494374
1 2 7 0.13818858043931723 0.05253964877457053
1 2 8 0.02477880785844383 0.004838734993847027
1 2 9 0.13708287488594778 0.022100043440078397
2 0 0 0.062982889701925 0.03405544330829353
2 0 1 0.24904859419915532 0.14539321799259436
2 0 2 0.0347431230839988 0.007906068421277036
2 0 3 0.15544334397233228 0.021459593948530094
2 0 4 0.09021460985964946 0.018848513110184772
2 0 5 0.0283984262523535 0.015848826566878364
2 0 6 0.029865542687862037 0.014460055588980099
2 0 7 0.09582791642384476 0.035990315390733316
2 0 8 0.017512711999549836 0.006491883404773293
2 0 9 0.09413220011771828 0.01160528090585639
2 1 0 0.07904854163507855 0.04370354582052587
2 1 1 0.3010015275779838 0.17057447864209138
2 1 2 0.04175068542538145 0.01054318067621374
2 1 3 0.20730204657803797 0.02753733265043618
2 1 4 0.11516239905728959 0.02198049800851884
2 1 5 0.02614300020130584 0.010160583966768881
2 1 6 0.037035285322377674 0.018083592418038662
2 1 7 0.11987951551832533 0.04743447776407398
2 1 8 0.01992692639828969 0.006397829686833156
2 1 9 0.11686033090412358 0.017173140984833742
2 2 0 0.09121206739016743 0.048131899171775246
2 2 1 0.32612185256897464 0.18003915476781254
2 2 2 0.04891678430516805 0.012858923495050113
2 2 3 0.23489970107228947 0.03285133742969874
2 2 4 0.1318007071797077 0.020153457315459877
2 2 5 0.031097161790097225 0.010537739214290732
2 2 6 0.045863067187137306 0.020285702710143457
2 2 7 0.13604766201779406 0.052786220208024044
2 2 8 0.023411205555624145 0.004874450336113
2 2 9 0.13532868735020495 0.02117173268479554
