['alpha', 'beta', 'chi', 'delta', 'gamma', 'kappa', 'mu', 'phi', 'rho', 'theta']
0 0 0 0.32995160361544373 0.06029296449510399
0 0 1 0.3374584908256485 0.16026192334910108
0 0 2 0.27168296613969245 0.1646352777382858
0 0 3 0.5073750436591868 0.03928722690574602
0 0 4 0.34870869977121166 0.015506146207222486
0 0 5 0.30702112667684606 0.04442461139501319
0 0 6 1.3145117395061363 0.8256530762107767
0 0 7 0.19471502850689956 0.08133866396554779
0 0 8 0.1999012982825002 0.029233447085011233
0 0 9 0.3828885476943559 0.12303547985575461
0 1 0 0.3960587755044725 0.05792154942299993
0 1 1 0.39923227770821323 0.18662666541323952
0 1 2 0.2967911026885692 0.2025797467012103
0 1 3 0.6973694248030728 0.05497153295502562
0 1 4 0.37263546088536575 0.03609223894538249
0 1 5 0.40760905001848213 0.03201955799303053
0 1 6 1.5116288923649557 0.8949386633760645
0 1 7 0.2269750626362378 0.11205869017384552
0 1 8 0.2782555816526249 0.060433195738468296
0 1 9 0.4683711902643803 0.16163790563634445
0 2 0 0.44107208594847175 0.056274307046474015
0 2 1 0.4684817102217655 0.20752109952488745
0 2 2 0.32561356222201593 0.2271576726364265
0 2 3 0.907714671871368 0.061275450638224684
0 2 4 0.4594061267776364 0.0355072599695505
0 2 5 0.5055666549882825 0.017083477957383925
0 2 6 1.668983914230651 0.9608687103186426
0 2 7 0.2841299528389845 0.10659805476220616
0 2 8 0.3128450009738345 0.06554500961448965
0 2 9 0.5874122721997693 0.19355297079204023
0 3 0 0.472107368313171 0.05408849855934772
0 3 1 0.5231191633053335 0.22897976014679014
0 3 2 0.34901638539839314 0.23393634432146868
0 3 3 1.1036128907502212 0.062396696494722556
0 3 4 0.6090226460916245 0.06844120584010666
0 3 5 0.6013374424983823 0.03484288774140067
0 3 6 1.8366105792646026 1.0316842547925418
0 3 7 0.30212831252158145 0.11653245845409113
0 3 8 0.36331058907094205 0.08558404269166006
0 3 9 0.6985868109772185 0.22710666097982518
0 4 0 0.5766641846632103 0.04721499418995262
0 4 1 0.6417303124223008 0.26880503343931805
0 4 2 0.4382645223389823 0.24747567778097718
0 4 3 1.4329589143444277 0.06344595769968521
0 4 4 0.924691668245451 0.08966961507928609
0 4 5 0.7734466529013219 0.08269922031046531
0 4 6 2.142761671854988 1.1693766930548104
0 4 7 0.36339645414203775 0.14962071633951346
0 4 8 0.4159714959749473 0.10330926123197393
0 4 9 0.8965999465165815 0.28032953261562094
0 5 0 0.8285714068421008 0.03487220613851055
0 5 1 0.8142043956013258 0.26157098698960896
0 5 2 0.6819144050406648 0.24834286778354445
0 5 3 1.6892433634575497 0.06672096571596603
0 5 4 1.094429986918976 0.1165252490371652
0 5 5 0.89108043948938 0.1080209964837706
0 5 6 2.288134245100707 1.1602635634355536
0 5 7 0.4972777719331085 0.24049661877832823
0 5 8 0.5159880984007569 0.08426589729710866
0 5 9 1.0637242683826365 0.3139125885029605
0 6 0 0.8060309343704959 0.10831107995638939
0 6 1 0.8155388860026508 0.2881680424728785
0 6 2 0.7066211970971651 0.2656242388851899
0 6 3 1.6420046301265458 0.08945527379126961
0 6 4 1.0535594205843262 0.11077843054324711
0 6 5 0.9312257607745082 0.07354567189467648
0 6 6 2.6775306565304273 1.5405167783464773
0 6 7 0.5113678649404013 0.25989454252920813
0 6 8 0.581258567565908 0.07540855312763221
0 6 9 1.0740577515421341 0.2749958942586163
1 0 0 0.26636292477955614 0.06329522003320484
1 0 1 0.2750118518065672 0.14376686596726967
1 0 2 0.22658580187270777 0.14096603539047306
1 0 3 0.3448661454571721 0.034354337991786506
1 0 4 0.23238127351279614 0.02520865090719239
1 0 5 0.23908028265753103 0.030326557421350823
1 0 6 1.1570491168452874 0.7635588787710654
1 0 7 0.1506938944378274 0.05966826065637849
1 0 8 0.1555313173897765 0.019264843841595238
1 0 9 0.30057353109801627 0.10296022900327746
1 1 0 0.35518774531629926 0.06020976203895137
1 1 1 0.3625035177071963 0.1742760326031086
1 1 2 0.29183014775149424 0.17337324544447552
1 1 3 0.6099532718589539 0.050164764462805135
1 1 4 0.3452351335395127 0.030418810978332607
1 1 5 0.3636707776382024 0.03214850284748695
1 1 6 1.40676956538453 0.8669917557015147
1 1 7 0.20392871398689816 0.09605554879691124
1 1 8 0.22545613677875115 0.041666218687694705
1 1 9 0.4249081966847658 0.14591721628339113
1 2 0 0.3492957579485699 0.06237750739333131
1 2 1 0.43353080891714246 0.21629392182203588
1 2 2 0.2921105989770529 0.16864258809012542
1 2 3 0.9138255680588843 0.06098588983527219
1 2 4 0.47693835588043926 0.033301601022693944
1 2 5 0.48623018249844874 0.03467599471768402
1 2 6 1.6421078039190613 0.978296340919945
1 2 7 0.2137480109512172 0.08312359450523801
1 2 8 0.26593072263124146 0.054043461065945535
1 2 9 0.5745699113790625 0.20513987157484428
1 3 0 0.42159659688287876 0.057499572743762134
1 3 1 0.5086847619447408 0.23009786566575363
1 3 2 0.3259475154388609 0.21287814103959163
1 3 3 1.145177731789512 0.060957101208755166
1 3 4 0.6756680257618438 0.08519574132611896
1 3 5 0.6064263934699287 0.0628573317874118
1 3 6 1.8023111227904105 1.0504857855334664
1 3 7 0.27168192754975834 0.09875047154321843
1 3 8 0.30029888437104485 0.07598626015459743
1 3 9 0.7140627042250747 0.24004789550969485
1 4 0 0.486730479104842 0.05283274940053714
1 4 1 0.6076479698492591 0.27529004664546863
1 4 2 0.3765717225708795 0.22746042869824515
1 4 3 1.4236834852253837 0.06826818015172041
1 4 4 0.8796562336314615 0.09552361891525374
1 4 5 0.7358466288674906 0.09746042133352914
1 4 6 2.125602488418586 1.1799487610935402
1 4 7 0.309059895800287 0.11870651050579906
1 4 8 0.35701974341616316 0.09376312910191759
1 4 9 0.8727111375135479 0.2894190064050398
1 5 0 0.804925168832404 0.031793333270794644
1 5 1 0.7891248603344729 0.2700333641782879
1 5 2 0.6578645279245346 0.24174986103285148
1 5 3 1.6671266617174094 0.06843024714580273
1 5 4 1.0561910592227353 0.113761252874654
1 5 5 0.8710867808811283 0.10481145527117829
1 5 6 2.2697091450269227 1.1657392903411592
1 5 7 0.49187705286042444 0.2214919697599027
1 5 8 0.45981298827260897 0.09541771857644524
1 5 9 1.0411771954549711 0.3053022281506418
1 6 0 0.7448403894541153 0.008390082440328073
1 6 1 0.7838440650851739 0.2542745547182555
1 6 2 0.5685483157698479 0.21976249876352347
1 6 3 1.552884267901176 0.10443185653007252
1 6 4 0.9528500642879285 0.11203612755509532
1 6 5 0.8954969843469219 0.05461532638500371
1 6 6 2.6133731852742614 1.5430365265621862
1 6 7 0.45997850225273945 0.15477403859811464
1 6 8 0.5446581747225071 0.07256369887553167
1 6 9 1.0190870879244875 0.25738250102732513
2 0 0 0.2595006907228892 0.06341893414442541
2 0 1 0.25681339735371056 0.1333810360615983
2 0 2 0.22002558773897726 0.1396353433822298
2 0 3 0.28800696942552073 0.03273401641139284
2 0 4 0.2027796137815602 0.024299814040734554
2 0 5 0.21395703813168332 0.024148309255192627
2 0 6 1.079941344368253 0.7271376589989269
2 0 7 0.1417789729559951 0.06012815674474931
2 0 8 0.14098864462179256 0.018128869553489038
2 0 9 0.27056474222814797 0.09419246759512055
2 1 0 0.33347779771156527 0.06160410702006719
2 1 1 0.34450689790630534 0.17403337640813732
2 1 2 0.2789576245520918 0.16250438144537657
2 1 3 0.5776980997987105 0.04877518492934572
2 1 4 0.3292482898245512 0.030607048772854407
2 1 5 0.3509653832598556 0.037398041120778616
2 1 6 1.3723740727197467 0.8578459017468997
2 1 7 0.18762322379805682 0.08969176168321613
2 1 8 0.20575611499559926 0.03584129803569241
2 1 9 0.40627648464739746 0.14205372434003163
2 2 0 0.32581984141782916 0.06396992976247506
2 2 1 0.40889047638973997 0.20839435644712945
2 2 2 0.28889516043753505 0.15466667971851086
2 2 3 0.8375990495151253 0.05831936421661525
2 2 4 0.4673012222559474 0.02723741369251108
2 2 5 0.4616866158010871 0.04565896311481709
2 2 6 1.5762121001346556 0.9430494446053506
2 2 7 0.20290988495656825 0.07222303712960465
2 2 8 0.23918978060782034 0.047194247871216725
2 2 9 0.5352902053653004 0.19025780533928133
2 3 0 0.3398976648403268 0.06333981316583048
2 3 1 0.4742654018087481 0.24110713038082512
2 3 2 0.3018300050137192 0.15951364969078397
2 3 3 1.1029924420843678 0.05927624276730516
2 3 4 0.6526864069703796 0.0625626835583089
2 3 5 0.5881068779328844 0.07106395590550314
2 3 6 1.7759093688609076 1.0438420634605243
2 3 7 0.21157758466070012 0.0757200832934243
2 3 8 0.27499402673452933 0.06418873699994829
2 3 9 0.6884102156786887 0.23282186557399465
2 4 0 0.44421343052015033 0.05514579306249595
2 4 1 0.6000890411545956 0.27686948924772126
2 4 2 0.3530383115011659 0.21290315447903493
2 4 3 1.4443407456433832 0.06550131094688401
2 4 4 0.9264985887262109 0.10402960846318884
2 4 5 0.7488766272926792 0.11097780033438344
2 4 6 2.1034102771323333 1.181015899023636
2 4 7 0.2786821023310783 0.10741063128737226
2 4 8 0.32074574675174033 0.09053942807815148
2 4 9 0.8879156012888179 0.29215770075447334
2 5 0 0.6823480814565377 0.03777167447679858
2 5 1 0.7484676653978737 0.27874593493450245
2 5 2 0.5648039482568392 0.20959338455208457
2 5 3 1.6034268675318628 0.06733390690118557
2 5 4 1.0015424683806595 0.11470744236004492
2 5 5 0.8541145929746733 0.0985555797881246
2 5 6 2.2169791522487787 1.1453109335363185
2 5 7 0.4390331128064626 0.16518131337546704
2 5 8 0.4201917502924452 0.08992131957714718
2 5 9 0.9996217740635285 0.29740431609213064
2 6 0 0.7285099230853542 0.004997733666567805
2 6 1 0.7787961919525521 0.25119401025424265
2 6 2 0.561499501432991 0.21499066671950354
2 6 3 1.5515772358034705 0.10616987798560655
2 6 4 0.9558864754511536 0.1106189874377103
2 6 5 0.886134769831808 0.05950552630172846
2 6 6 2.600513681754904 1.5355744286322044
2 6 7 0.466642602172281 0.14051598707616297
2 6 8 0.5300990859235167 0.07080279378917975
2 6 9 1.0194203285826415 0.2561064774895323
3 0 0 0.23038511039167364 0.06372616457369834
3 0 1 0.24225836326374783 0.1340548793398763
3 0 2 0.19441337275023393 0.1324200315208398
3 0 3 0.2700495379561748 0.03260061421026018
3 0 4 0.2015653728607568 0.01841544285343509
3 0 5 0.2044637310895887 0.028473738905811292
3 0 6 1.0556573939771559 0.7173494956435936
3 0 7 0.12212920784771218 0.049012290622570405
3 0 8 0.12429585675648899 0.015138289523511251
3 0 9 0.2571443844979284 0.09218432980914293
3 1 0 0.3217123618655406 0.06262563003938049
3 1 1 0.33189292355233163 0.1704224286999351
3 1 2 0.26682886228273656 0.1609203840608338
3 1 3 0.5478540498996984 0.0468465245976479
3 1 4 0.3150270225346552 0.03032628131434048
3 1 5 0.3326149608968032 0.03385115677000681
3 1 6 1.3376567657935525 0.8464953319772753
3 1 7 0.17795488823458325 0.08663501549867149
3 1 8 0.19497333873471048 0.031748826687279096
3 1 9 0.38921107382687503 0.1380486879256499
3 2 0 0.30823429969479044 0.06478774084418357
3 2 1 0.39890680552123414 0.21147487664226958
3 2 2 0.27255928108906113 0.14967202869699373
3 2 3 0.8322243237295407 0.05911869142380828
3 2 4 0.46018196251918103 0.025114077275380457
3 2 5 0.45658823846690927 0.048331983814914305
3 2 6 1.5690061402597515 0.9497646526745422
3 2 7 0.1838572316594984 0.07078933099689136
3 2 8 0.22717975910773758 0.04782383882482865
3 2 9 0.530006926821111 0.19331775447262836
3 3 0 0.32976658202623166 0.06410259825967393
3 3 1 0.47703480547795163 0.24292347652419913
3 3 2 0.29829100515357115 0.15490157919731984
3 3 3 1.1323390019998136 0.0605808858436257
3 3 4 0.6540475914892988 0.0785199146730085
3 3 5 0.5829469509833789 0.07661689142874546
3 3 6 1.7837172266479908 1.05658651804402
3 3 7 0.20777113273201087 0.07047712875687978
3 3 8 0.2605253561972276 0.06278423411003914
3 3 9 0.7004833495276486 0.24308007095451584
3 4 0 0.41544986920897725 0.05634406522947577
3 4 1 0.5792996781504067 0.2846303560265763
3 4 2 0.33473747338842924 0.1957880245759214
3 4 3 1.4478798172862122 0.06688161817289362
3 4 4 0.8919891340342172 0.12292678475588446
3 4 5 0.727215928382138 0.11306480372558048
3 4 6 2.1066382126026735 1.2057325797053478
3 4 7 0.2490931558176436 0.10587712437358568
3 4 8 0.30706528534570415 0.08453257729105325
3 4 9 0.86533208002208 0.30729995228251966
3 5 0 0.6283740768870403 0.041050363371200105
3 5 1 0.7024993032587816 0.2673957648726536
3 5 2 0.5278773207526969 0.19513973122675102
3 5 3 1.490461808071814 0.07597745788802264
3 5 4 0.9296377230245367 0.10432165852487495
3 5 5 0.7997006657153669 0.07206982193111379
3 5 6 2.115955645946677 1.0788232333166472
3 5 7 0.41281600418969394 0.14352585430097584
3 5 8 0.40398272112605466 0.0808312910530349
3 5 9 0.9359222290567669 0.2819573024698536
3 6 0 0.2778207481538548 0.10693853873764478
3 6 1 0.7387978647660853 0.25336812418828913
3 6 2 0.3501835736443471 0.12051655748383969
3 6 3 1.557626595872711 0.10569263793150142
3 6 4 0.9583474592579506 0.11043079176942255
3 6 5 0.8729713236541192 0.06146665006869897
3 6 6 2.6041853954775007 1.5504370914804744
3 6 7 0.34305529435052895 0.07240726104839186
3 6 8 0.5190956851835331 0.07045190768612661
3 6 9 1.0043399094902146 0.2678890420707664
4 0 0 0.1801918898850685 0.06285864621442598
4 0 1 0.2028405351287269 0.12090199316597794
4 0 2 0.15973461416113033 0.10977822631792468
4 0 3 0.19797816460397652 0.02514442192929959
4 0 4 0.16709830135475837 0.013993400422545177
4 0 5 0.17021298876771893 0.021866728787235168
4 0 6 0.9173345766911535 0.6464462159095198
4 0 7 0.0881224686409738 0.028509852304454426
4 0 8 0.09794282806056975 0.011640868213665327
4 0 9 0.2104664629794891 0.07873878217574343
4 1 0 0.2673179419575662 0.0637483025438259
4 1 1 0.2995186849820064 0.1623063051705285
4 1 2 0.23194481545557652 0.13688455951839176
4 1 3 0.47327007712536207 0.04345518092843494
4 1 4 0.27232948790461187 0.0287565215957169
4 1 5 0.2974223334885941 0.03543518109925067
4 1 6 1.2546320709943732 0.8102371850084295
4 1 7 0.14345353992224547 0.06467320517752721
4 1 8 0.17196768601534107 0.02448941855344075
4 1 9 0.354449975651847 0.12622758158600686
4 2 0 0.2593703256083515 0.06661028494032632
4 2 1 0.33996367346398837 0.18863994264363718
4 2 2 0.22566032320971696 0.13826118567010695
4 2 3 0.6467891265886063 0.055538991641928416
4 2 4 0.3843977414885688 0.02692460715438451
4 2 5 0.401865193434181 0.05331570832719527
4 2 6 1.41506512225243 0.8671579582738137
4 2 7 0.15492173701785109 0.04888593884724645
4 2 8 0.19634536092552193 0.032203000682869694
4 2 9 0.4397529398770084 0.15285949047001401
4 3 0 0.3008334881059904 0.06525162961470299
4 3 1 0.4117325776657371 0.22177410711755718
4 3 2 0.26969326169786023 0.14621904615497164
4 3 3 0.9417741446290082 0.06084224534942317
4 3 4 0.5273372605810867 0.05757247361380865
4 3 5 0.49749810634628844 0.07160284030707656
4 3 6 1.64730184514332 0.9960471687064988
4 3 7 0.18482957773268502 0.062345931740716266
4 3 8 0.23062994109078577 0.040357356491331826
4 3 9 0.5824146914069489 0.21366771870408915
4 4 0 0.3260131050524211 0.06256051330646892
4 4 1 0.5065130465545157 0.26664706619496864
4 4 2 0.2971563986981466 0.15228536701706302
4 4 3 1.2635013279886838 0.06949816364557436
4 4 4 0.7500948148271783 0.09702462842767474
4 4 5 0.6356389872263343 0.09602815588714486
4 4 6 1.9563269697407268 1.1459585842599542
4 4 7 0.20796318161192487 0.062075597028098735
4 4 8 0.26491706625800976 0.04831372946617252
4 4 9 0.7554604703745098 0.2760892164285457
4 5 0 0.29976827381591076 0.08669302968180675
4 5 1 0.6072243956000933 0.30257208779377176
4 5 2 0.3288584075022416 0.11757011541255913
4 5 3 1.5177409833730988 0.07648480507969499
4 5 4 0.9764555756447034 0.10960105158450412
4 5 5 0.7970292382770698 0.09507141742031705
4 5 6 2.088722100476211 1.113854941541043
4 5 7 0.2784339106576497 0.030777362997979413
4 5 8 0.34355016994329207 0.0644460646510845
4 5 9 0.9169099011412436 0.31612827715609687
4 6 0 0.27659944672415465 0.10647303087780596
4 6 1 0.7238920281481975 0.24267801221202115
4 6 2 0.35085960888725987 0.11844789143398662
4 6 3 1.530312924601772 0.10772173305680409
4 6 4 0.9248022133479273 0.10863181679270564
4 6 5 0.8567626364100001 0.06669996413066823
4 6 6 2.5673086579350666 1.5538533115502138
4 6 7 0.3539934487692546 0.08019755455957982
4 6 8 0.48125964716519337 0.053777849177506665
4 6 9 0.9821022775722328 0.2625967468042633
5 0 0 0.11786925562349662 0.05517119512109872
5 0 1 0.17363235882333433 0.11354934280225353
5 0 2 0.11919170196442617 0.07349505266664497
5 0 3 0.1551431189100436 0.025781716295203448
5 0 4 0.13349984745405583 0.008550876475761878
5 0 5 0.13331688470288752 0.02033568916041372
5 0 6 0.8259930980311891 0.6009249954870708
5 0 7 0.05390347727821379 0.0023038035374291005
5 0 8 0.07618299057326663 0.007438329645693058
5 0 9 0.16838666175624736 0.06829900263349535
5 1 0 0.21486490102910022 0.05979634896183496
5 1 1 0.26424403759042914 0.15095808317615597
5 1 2 0.19488140259025352 0.11057572582932185
5 1 3 0.3906705030553282 0.03902102780205437
5 1 4 0.2583798201982116 0.019104355259944375
5 1 5 0.2693026297000108 0.034878101276918934
5 1 6 1.1463521303998672 0.7592027985636153
5 1 7 0.11352081668009271 0.03734923355700456
5 1 8 0.14727262383663858 0.01683829263715116
5 1 9 0.30758819228919443 0.10977667316389973
5 2 0 0.20157493064815668 0.0633210033888389
5 2 1 0.3089332859138266 0.18522061266062784
5 2 2 0.1930093495104473 0.10573919515722013
5 2 3 0.6019008628553921 0.05168641690899475
5 2 4 0.3829426378039031 0.02860002886722398
5 2 5 0.37621862440189774 0.06047914729992266
5 2 6 1.3461889537542244 0.8429663207701743
5 2 7 0.1214928007054854 0.018425641503112516
5 2 8 0.16944432717892471 0.017960952015664937
5 2 9 0.41389484461480097 0.14615837669956244
5 3 0 0.22171724408485122 0.06712323467627468
5 3 1 0.3681786527938917 0.21259647089216535
5 3 2 0.21028100880831668 0.11929270749838927
5 3 3 0.8634775906751866 0.05767774827892678
5 3 4 0.5476260031044581 0.04693314647031011
5 3 5 0.4870950861783612 0.08933137094702177
5 3 6 1.5458440781264495 0.9487277934324546
5 3 7 0.1388859891801267 0.024941404319362592
5 3 8 0.19527439341089642 0.026600702766187697
5 3 9 0.5492223040757283 0.19324807346361486
5 4 0 0.19543680405243571 0.06555524585651104
5 4 1 0.4386511019158972 0.26427228755752946
5 4 2 0.23040072977969328 0.08373740149626699
5 4 3 1.121934966434495 0.06998897732402277
5 4 4 0.6402475877386904 0.09144131355186659
5 4 5 0.5846643212222947 0.08650500483486397
5 4 6 1.8260789669503132 1.089212889036108
5 4 7 0.13972091448805335 0.009357215322350993
5 4 8 0.22850300830468523 0.03867775391402267
5 4 9 0.6729536406173814 0.2499780698545849
5 5 0 0.28491482763295817 0.0862757513464564
5 5 1 0.5768922921308841 0.292265862343784
5 5 2 0.3214660270111467 0.10522545404520138
5 5 3 1.4158896705093285 0.07768685737211983
5 5 4 0.8392284931302547 0.10689451970323356
5 5 5 0.7501083118079208 0.06827482265880583
5 5 6 2.007163268287518 1.099706808988314
5 5 7 0.23837038156273294 0.01631009998336356
5 5 8 0.31050428262634594 0.040578775329135806
5 5 9 0.8502174081301876 0.2879336925570503
5 6 0 0.2725025503097135 0.10816541154540564
5 6 1 0.712129919560849 0.23647609244946977
5 6 2 0.35221268833974345 0.11629179706020815
5 6 3 1.5000204052782256 0.11332443727996233
5 6 4 0.9078155722183165 0.10725133063076461
5 6 5 0.8389824637322679 0.0651801878392783
5 6 6 2.4989664416255466 1.5141785049045668
5 6 7 0.3817431872677067 0.10283629967986745
5 6 8 0.4456759832986264 0.03190377565540048
5 6 9 0.963780148199193 0.2626039299408095
6 0 0 0.10579864639981801 0.05122935183212657
6 0 1 0.15198595680498395 0.10301536641426291
6 0 2 0.1053990192860394 0.06893474326933909
6 0 3 0.1270178667910456 0.024569444276192648
6 0 4 0.10681744545568972 0.008455271110672865
6 0 5 0.11554670998806653 0.018956920700176044
6 0 6 0.7170126520015719 0.5350612551161619
6 0 7 0.042386690793912274 0.0009979270808018405
6 0 8 0.06349063922071466 0.006693689767195167
6 0 9 0.14292344164623444 0.06082197427061155
6 1 0 0.20116073640450766 0.055972621680305146
6 1 1 0.2478302102077828 0.14342108347739702
6 1 2 0.18423987721969703 0.10201794258199261
6 1 3 0.3599854979130865 0.03680228199103063
6 1 4 0.24553948769727585 0.019569646915215903
6 1 5 0.2569694875291929 0.03287731756657061
6 1 6 1.0875062564719826 0.7289008448224857
6 1 7 0.10234047666853492 0.03226008745962298
6 1 8 0.1360263566841833 0.015855736603306927
6 1 9 0.28860547376610235 0.10238802936192405
6 2 0 0.16503806040349184 0.05558799576937907
6 2 1 0.28885645982722097 0.17906434680465938
6 2 2 0.17136762719255713 0.0817945200114018
6 2 3 0.5664165943203254 0.051394482809221924
6 2 4 0.3698218059415421 0.025709719768113558
6 2 5 0.360246177356419 0.061001596152291664
6 2 6 1.2839086645104412 0.8182751686764571
6 2 7 0.10174579933836253 0.00565034960111643
6 2 8 0.15512492616897955 0.016016567849393804
6 2 9 0.3916924439776541 0.13616964200953732
6 3 0 0.15894414058425313 0.05974016443217366
6 3 1 0.33581214038831 0.20743495706368467
6 3 2 0.17413694090936013 0.08277088458681148
6 3 3 0.7845206511621055 0.057304552360550896
6 3 4 0.4889087204023377 0.03793181193082736
6 3 5 0.4522618287786977 0.07800140727100217
6 3 6 1.4702920633594947 0.9143703613755441
6 3 7 0.10806675251881477 0.016666924418449424
6 3 8 0.17940984941207688 0.024006332230175707
6 3 9 0.5037823571601788 0.1797518805904839
6 4 0 0.18681194229301473 0.06331706511169233
6 4 1 0.42819422199792234 0.25352830270695526
6 4 2 0.21498508825116777 0.08542862418642412
6 4 3 1.105751884238832 0.07577979510224353
6 4 4 0.6219611234175274 0.08413565055839518
6 4 5 0.5724227790000942 0.08817269787051303
6 4 6 1.8140714666105298 1.106497268535751
6 4 7 0.13144619596502297 0.010951936424973096
6 4 8 0.212615852093727 0.035811666325459485
6 4 9 0.6566430705202985 0.24722850996419343
6 5 0 0.23370670987984038 0.0758115634317167
6 5 1 0.5521916807867534 0.2811874769913378
6 5 2 0.3023949899194059 0.08364514569846743
6 5 3 1.3757968590698009 0.08217061061507043
6 5 4 0.8405891013337355 0.10255906685028207
6 5 5 0.7374054316301729 0.07464846364174212
6 5 6 1.9615610583152225 1.0982337497421
6 5 7 0.2092200352215973 0.027025170339785454
6 5 8 0.2910455999023577 0.03735140805891544
6 5 9 0.8293123878919336 0.288892826487034
6 6 0 0.3943816771977153 0.014942558647287829
6 6 1 0.7086984521355728 0.2368825568345126
6 6 2 0.39639064658238204 0.10339267575284697
6 6 3 1.503217494500821 0.11573258895110008
6 6 4 0.9177708280859714 0.10673593648450727
6 6 5 0.8327118697794355 0.07534287929642491
6 6 6 2.4483567361934084 1.4914651688992235
6 6 7 0.39728957499537426 0.06906546352156444
6 6 8 0.41366490346530205 0.030024094397816472
6 6 9 0.9524591787027463 0.2666396613254223
['alpha', 'beta', 'chi', 'delta', 'gamma', 'kappa', 'mu', 'phi', 'rho', 'theta']
