(0, 0, 0, 0, 20402013401, 472.59060340445234)
(0, 0, 0, 1, 20402010300, 521.808425451785)
(0, 0, 0, 2, 30703012900, 506.2362696374237)
(0, 0, 0, 3, 40703012302, 542.3842192081416)
(0, 0, 0, 4, 20402013400, 456.47296836683313)
(0, 0, 0, 5, 30703012700, 504.570720506281)
(0, 0, 0, 6, 40403010502, 495.93974570662226)
(0, 0, 0, 7, 40703010700, 459.16242968525256)
(0, 0, 0, 8, 20402013000, 369.1174685300139)
(0, 0, 0, 9, 30703012800, 466.1035836106521)
(0, 0, 0, 10, 20402013102, 453.82486355440625)
(0, 0, 0, 11, 40703012301, 573.9329659335297)
(0, 0, 0, 12, 20402012702, 323.9098633656427)
(0, 0, 0, 13, 20402013201, 454.86937184857015)
(0, 0, 0, 1, 10408011100, 354.77070171723983)
(0, 0, 0, 1, 10408012001, 247.67509293778082)
(0, 0, 0, 1, 10408011900, 195.4194463770455)
(0, 0, 0, 1, 10408012000, 257.50634142312464)
(0, 0, 0, 1, 10408011702, 381.1378891912351)
(0, 0, 0, 1, 10408011901, 191.6677142874094)
(0, 0, 0, 1, 10408011200, 390.0134404327575)
(0, 0, 0, 2, 40703011800, 757.4581552416734)
(0, 0, 0, 2, 20402014400, 638.8595288149461)
(0, 0, 0, 2, 20402014600, 505.51674899895085)
(0, 0, 0, 2, 40703012200, 581.821373979628)
(0, 0, 0, 2, 20402015300, 1001.5650399145671)
(0, 0, 0, 2, 10408011000, 795.9787611040878)
(0, 0, 0, 2, 40703013500, 476.7836097018074)
(0, 0, 0, 2, 20402014503, 608.713591569785)
(0, 0, 0, 2, 20402015201, 726.2751893222796)
(0, 0, 0, 2, 10408012100, 505.54149965029933)
(0, 0, 0, 2, 40703012201, 364.5692671135555)
(0, 0, 0, 2, 40703013501, 553.7457662238054)
(0, 0, 0, 3, 40703013400, 590.161755436837)
(0, 0, 0, 3, 10408011703, 613.4984231266825)
(0, 0, 0, 3, 10408011407, 644.9544317897764)
(0, 0, 0, 3, 40703013401, 623.1753446307566)
(0, 0, 0, 3, 40703013402, 786.4673555943591)
(0, 0, 0, 3, 20402014200, 735.4758858630023)
(0, 0, 0, 3, 10408011403, 631.5684029874569)
(0, 0, 0, 3, 10408011700, 499.3004924479964)
(0, 0, 0, 3, 20402014103, 713.954834605778)
(0, 0, 0, 3, 10408011404, 643.3171360592203)
(0, 0, 0, 3, 20402014101, 672.4729856208864)
(0, 0, 0, 3, 10408011405, 701.4031485872534)
(0, 0, 0, 3, 20402014100, 703.2420045281713)
(0, 0, 0, 3, 10408011804, 485.5266052842494)
(0, 0, 0, 3, 10408011801, 597.7769229867231)
(0, 0, 0, 3, 10408011400, 846.6256600560224)
(0, 0, 0, 3, 20402015400, 685.9731439667729)
(0, 0, 0, 4, 20187020100, 267.15618794896324)
(0, 0, 0, 4, 20402012401, 237.67152304138023)
(0, 0, 0, 4, 20402012800, 320.54251254302045)
(0, 0, 0, 4, 20402012200, 184.72162502036505)
(0, 0, 0, 4, 20402012300, 181.61779379230398)
(0, 0, 0, 4, 20402012700, 303.7726293804592)
(0, 0, 0, 5, 20186030201, 603.7830021617577)
(0, 0, 0, 5, 10408011504, 484.05224687281554)
(0, 0, 0, 5, 10408011500, 509.74144677046934)
(0, 0, 0, 5, 10408011502, 424.5441386319939)
(0, 0, 0, 5, 10408011505, 559.183967391026)
(0, 0, 0, 5, 40703013803, 981.5010278804933)
(0, 0, 0, 5, 10408011603, 489.3193899910258)
(0, 0, 0, 5, 10408011501, 515.5385652396027)
(0, 0, 0, 5, 40703013800, 891.0756715971517)
(0, 0, 0, 5, 20402014502, 695.4919870060754)
(0, 0, 0, 5, 20186030204, 786.995924385496)
(0, 0, 0, 5, 10408011601, 520.5753603198568)
(0, 0, 0, 5, 10408011602, 483.8397346287459)
(0, 0, 0, 5, 20186030200, 677.8853775772523)
(0, 0, 0, 6, 40703012600, 651.9258436416516)
(0, 0, 0, 6, 20402013300, 562.3818638223303)
(0, 0, 0, 6, 40703011401, 761.1990781979189)
(0, 0, 0, 6, 40703011400, 746.544183771041)
(0, 0, 0, 6, 40703012500, 529.2543332114954)
(0, 0, 0, 6, 40703013000, 780.6613829330114)
(0, 0, 0, 6, 40703012400, 494.592080082264)
(0, 0, 0, 6, 40703011200, 690.7593363578848)
(0, 0, 0, 6, 20402013500, 558.3072083365228)
(0, 0, 0, 7, 20402015301, 821.3103384052328)
(0, 0, 0, 7, 10408013500, 748.6326636928072)
(0, 0, 0, 7, 20402014501, 1007.607177467558)
(0, 0, 0, 7, 10408013400, 698.6197218392582)
(0, 0, 0, 7, 10408010800, 1022.4434952767353)
(0, 0, 0, 8, 20402014800, 632.4424834422248)
(0, 0, 0, 8, 20402012500, 175.64500399666642)
(0, 0, 0, 8, 30402011202, 321.50724809288033)
(0, 0, 0, 8, 20402012101, 162.7768990054102)
(0, 0, 0, 8, 20402015100, 290.9946897169141)
(0, 0, 0, 8, 10408012200, 386.14404208685175)
(0, 0, 0, 8, 40703012002, 671.4874494340805)
(0, 0, 0, 8, 20402011700, 169.0566736889549)
(0, 0, 0, 8, 40703011602, 274.6260839108661)
(0, 0, 0, 8, 20402010900, 232.73968411455232)
(0, 0, 0, 8, 40703011701, 351.94375697980104)
(0, 0, 0, 8, 40703012101, 342.2168629019499)
(0, 0, 0, 8, 20402011100, 188.61843285367786)
(0, 0, 0, 8, 40703012003, 618.6676455858284)
(0, 0, 0, 8, 20402011500, 177.54073740090138)
(0, 0, 0, 8, 20402015000, 285.80814763216694)
(0, 0, 0, 8, 40703011502, 302.6693752230758)
(0, 0, 0, 8, 40703011600, 279.43080945120545)
(0, 0, 0, 8, 40703014100, 326.6396433586072)
(0, 0, 0, 8, 30703013300, 292.09399732425123)
(0, 0, 0, 8, 10408012300, 359.5164866368725)
(0, 0, 0, 8, 20402011300, 189.1769065062562)
(0, 0, 0, 8, 20402010801, 247.3951232046313)
(0, 0, 0, 8, 20186030206, 568.1558683997442)
(0, 0, 0, 8, 20402010800, 266.6340424753268)
(0, 0, 0, 8, 40703011500, 333.13166731752784)
(0, 0, 0, 8, 40703014101, 331.7924286809453)
(0, 0, 0, 8, 40703014203, 313.1750073925664)
(0, 0, 0, 8, 20402011800, 169.96623688668512)
(0, 0, 0, 8, 20402011400, 184.3014953144912)
(0, 0, 0, 8, 20402011600, 165.90583809639202)
(0, 0, 0, 8, 20402014901, 311.45494968617646)
(0, 0, 0, 8, 20402012601, 213.86766793317906)
(0, 0, 0, 8, 40703012001, 702.208935424691)
(0, 0, 0, 8, 40703011601, 279.31354972605294)
(0, 0, 0, 8, 40703013802, 901.4976353563515)
(0, 0, 0, 8, 20402011000, 206.92237188387665)
(0, 0, 0, 8, 10408013200, 617.16224214375)
(0, 0, 0, 8, 40703012000, 558.3238566598907)
(0, 0, 0, 8, 20402012400, 206.76337845929385)
(0, 0, 0, 8, 10408013300, 600.6176804497952)
(0, 0, 0, 8, 20402011900, 164.82517297387363)
(0, 0, 0, 8, 30402011100, 505.2647195847415)
(0, 0, 0, 8, 20402012703, 214.55126566358027)
(0, 0, 0, 8, 10408014300, 560.4967386718288)
(0, 0, 0, 8, 10408013100, 385.3264168771969)
(0, 0, 0, 8, 20402011200, 188.45488476956064)
(0, 0, 0, 8, 30402011203, 316.6284840441093)
(0, 0, 0, 8, 20402012602, 220.26217038676052)
(0, 0, 0, 8, 40703013801, 642.2396924054023)
(0, 0, 0, 8, 20402012701, 244.50064250895065)
(0, 0, 0, 8, 40703014103, 302.2477151178394)
(0, 0, 0, 8, 10408012500, 349.5188041005476)
(0, 0, 0, 8, 10408014200, 536.4576426638247)
(0, 0, 0, 8, 20402010400, 413.8876991324742)
(0, 0, 0, 8, 20402012000, 165.2485845350416)
(0, 0, 0, 8, 30703013500, 262.00148650892953)
(0, 0, 0, 8, 20186030205, 416.83286378148927)
(0, 0, 0, 9, 40115010700, 689.4007677035565)
(0, 0, 0, 9, 20402014000, 834.0910916380191)
(0, 0, 0, 9, 20402013700, 720.4439926453083)
(0, 0, 0, 9, 20402013900, 618.093051245616)
(0, 0, 0, 9, 20402015500, 568.3539736713428)
(0, 0, 0, 9, 20402013702, 758.4611678905379)
(0, 0, 0, 9, 40703013100, 627.0588917474374)
(0, 0, 0, 9, 40703011300, 643.4899373985884)
(0, 0, 0, 9, 20402013800, 637.7732897429854)
(0, 1, 0, 0, 20402013401, 603.8441964900646)
(0, 1, 0, 1, 20402010300, 721.5709170218482)
(0, 1, 0, 2, 30703012900, 835.8389635642857)
(0, 1, 0, 3, 40703012302, 698.3714337301412)
(0, 1, 0, 4, 20402013400, 488.468070607996)
(0, 1, 0, 5, 30703012700, 624.100146761628)
(0, 1, 0, 6, 40403010502, 718.1094651537217)
(0, 1, 0, 7, 40703010700, 875.8898153862618)
(0, 1, 0, 8, 20402013000, 456.9719338295052)
(0, 1, 0, 9, 30703012800, 801.9566883297917)
(0, 1, 0, 10, 20402013102, 831.1508490372294)
(0, 1, 0, 11, 40703012301, 658.00168236118)
(0, 1, 0, 12, 20402012702, 425.79672033266485)
(0, 1, 0, 13, 20402013201, 611.3336739420168)
(0, 1, 0, 1, 10408011100, 317.85823547910536)
(0, 1, 0, 1, 10408012001, 122.63752374864433)
(0, 1, 0, 1, 10408011900, 89.9539948905396)
(0, 1, 0, 1, 10408012000, 137.55608571325035)
(0, 1, 0, 1, 10408011702, 220.4526749148742)
(0, 1, 0, 1, 10408011901, 82.1782577693582)
(0, 1, 0, 1, 10408011200, 355.08296585755375)
(0, 1, 0, 2, 40703011800, 1220.769414576828)
(0, 1, 0, 2, 20402014400, 1087.5918261134668)
(0, 1, 0, 2, 20402014600, 671.3018990320594)
(0, 1, 0, 2, 40703012200, 609.0944761512083)
(0, 1, 0, 2, 20402015300, 1904.6711448500394)
(0, 1, 0, 2, 10408011000, 1268.1336019807095)
(0, 1, 0, 2, 40703013500, 442.48069202961165)
(0, 1, 0, 2, 20402014503, 1067.3345318510474)
(0, 1, 0, 2, 20402015201, 1203.4448456222876)
(0, 1, 0, 2, 10408012100, 428.9087314889359)
(0, 1, 0, 2, 40703012201, 190.85137049800463)
(0, 1, 0, 2, 40703013501, 768.309544745903)
(0, 1, 0, 3, 40703013400, 310.01041984768887)
(0, 1, 0, 3, 10408011703, 937.8385573095368)
(0, 1, 0, 3, 10408011407, 539.2513366632385)
(0, 1, 0, 3, 40703013401, 339.7230356270596)
(0, 1, 0, 3, 40703013402, 1227.3051430171515)
(0, 1, 0, 3, 20402014200, 338.1189583620832)
(0, 1, 0, 3, 10408011403, 564.4889711291519)
(0, 1, 0, 3, 10408011700, 538.6932721373544)
(0, 1, 0, 3, 20402014103, 323.2431583101702)
(0, 1, 0, 3, 10408011404, 627.3573140017877)
(0, 1, 0, 3, 20402014101, 316.03734320467976)
(0, 1, 0, 3, 10408011405, 586.5521268580237)
(0, 1, 0, 3, 20402014100, 310.64647919580835)
(0, 1, 0, 3, 10408011804, 367.10289740889795)
(0, 1, 0, 3, 10408011801, 1111.4386895492955)
(0, 1, 0, 3, 10408011400, 1241.0248453150264)
(0, 1, 0, 3, 20402015400, 640.1266318729978)
(0, 1, 0, 4, 20187020100, 272.3883723277816)
(0, 1, 0, 4, 20402012401, 201.77217694241284)
(0, 1, 0, 4, 20402012800, 342.89813609186467)
(0, 1, 0, 4, 20402012200, 180.38843044153643)
(0, 1, 0, 4, 20402012300, 135.1601137717048)
(0, 1, 0, 4, 20402012700, 240.49132431857873)
(0, 1, 0, 5, 20186030201, 707.3484971693512)
(0, 1, 0, 5, 10408011504, 487.1431686813614)
(0, 1, 0, 5, 10408011500, 493.63029658561373)
(0, 1, 0, 5, 10408011502, 407.376141373509)
(0, 1, 0, 5, 10408011505, 561.7806986415544)
(0, 1, 0, 5, 40703013803, 816.9129870949963)
(0, 1, 0, 5, 10408011603, 541.2460223690608)
(0, 1, 0, 5, 10408011501, 543.0636806497184)
(0, 1, 0, 5, 40703013800, 824.2926739532344)
(0, 1, 0, 5, 20402014502, 873.479680579375)
(0, 1, 0, 5, 20186030204, 809.3153788979496)
(0, 1, 0, 5, 10408011601, 646.9767699444486)
(0, 1, 0, 5, 10408011602, 566.1178890064729)
(0, 1, 0, 5, 20186030200, 822.969395401044)
(0, 1, 0, 6, 40703012600, 1291.982195249908)
(0, 1, 0, 6, 20402013300, 1077.5630713619537)
(0, 1, 0, 6, 40703011401, 1065.6836685552332)
(0, 1, 0, 6, 40703011400, 933.890651590678)
(0, 1, 0, 6, 40703012500, 1030.846758400259)
(0, 1, 0, 6, 40703013000, 686.2560843128902)
(0, 1, 0, 6, 40703012400, 920.6953500828209)
(0, 1, 0, 6, 40703011200, 1014.3296300543713)
(0, 1, 0, 6, 20402013500, 938.614931266384)
(0, 1, 0, 7, 20402015301, 1041.5530247747351)
(0, 1, 0, 7, 10408013500, 1104.973027725556)
(0, 1, 0, 7, 20402014501, 1901.390475000351)
(0, 1, 0, 7, 10408013400, 1178.3150804861289)
(0, 1, 0, 7, 10408010800, 1050.001016204918)
(0, 1, 0, 8, 20402014800, 511.9884306039093)
(0, 1, 0, 8, 20402012500, 157.19214984885812)
(0, 1, 0, 8, 30402011202, 148.819531221808)
(0, 1, 0, 8, 20402012101, 83.74754201921479)
(0, 1, 0, 8, 20402015100, 241.59555446350134)
(0, 1, 0, 8, 10408012200, 494.9269814404571)
(0, 1, 0, 8, 40703012002, 1009.2506777069516)
(0, 1, 0, 8, 20402011700, 98.94156571484596)
(0, 1, 0, 8, 40703011602, 150.30836156107185)
(0, 1, 0, 8, 20402010900, 193.10471791754674)
(0, 1, 0, 8, 40703011701, 260.4833122088017)
(0, 1, 0, 8, 40703012101, 396.61008847610964)
(0, 1, 0, 8, 20402011100, 136.39601720192786)
(0, 1, 0, 8, 40703012003, 900.5839326604828)
(0, 1, 0, 8, 20402011500, 172.03982044758644)
(0, 1, 0, 8, 20402015000, 137.10029287371472)
(0, 1, 0, 8, 40703011502, 178.22109012869578)
(0, 1, 0, 8, 40703011600, 151.87137810541174)
(0, 1, 0, 8, 40703014100, 339.08424180978454)
(0, 1, 0, 8, 30703013300, 264.2229402926675)
(0, 1, 0, 8, 10408012300, 307.1586162732521)
(0, 1, 0, 8, 20402011300, 143.33205292724224)
(0, 1, 0, 8, 20402010801, 135.88075686702342)
(0, 1, 0, 8, 20186030206, 546.0684087183666)
(0, 1, 0, 8, 20402010800, 227.8913590870901)
(0, 1, 0, 8, 40703011500, 345.82834009271556)
(0, 1, 0, 8, 40703014101, 405.9344483098706)
(0, 1, 0, 8, 40703014203, 389.94238057553997)
(0, 1, 0, 8, 20402011800, 94.8396372377732)
(0, 1, 0, 8, 20402011400, 139.73276224440386)
(0, 1, 0, 8, 20402011600, 121.0419504389945)
(0, 1, 0, 8, 20402014901, 114.05477141251669)
(0, 1, 0, 8, 20402012601, 111.7807147630154)
(0, 1, 0, 8, 40703012001, 931.4403018448176)
(0, 1, 0, 8, 40703011601, 152.9780912128035)
(0, 1, 0, 8, 40703013802, 677.7603580655)
(0, 1, 0, 8, 20402011000, 158.78947947949945)
(0, 1, 0, 8, 10408013200, 556.1830136136875)
(0, 1, 0, 8, 40703012000, 288.9667050338955)
(0, 1, 0, 8, 20402012400, 199.1838387514118)
(0, 1, 0, 8, 10408013300, 687.4277094879707)
(0, 1, 0, 8, 20402011900, 157.87708831972168)
(0, 1, 0, 8, 30402011100, 544.3743629176618)
(0, 1, 0, 8, 20402012703, 113.50282011413272)
(0, 1, 0, 8, 10408014300, 561.2087414620978)
(0, 1, 0, 8, 10408013100, 294.5190790637173)
(0, 1, 0, 8, 20402011200, 163.66943583526594)
(0, 1, 0, 8, 30402011203, 136.9323834411748)
(0, 1, 0, 8, 20402012602, 116.60365447984746)
(0, 1, 0, 8, 40703013801, 421.9143585917137)
(0, 1, 0, 8, 20402012701, 129.58486521551197)
(0, 1, 0, 8, 40703014103, 140.9948704820169)
(0, 1, 0, 8, 10408012500, 256.69324695765556)
(0, 1, 0, 8, 10408014200, 387.4007590049268)
(0, 1, 0, 8, 20402010400, 414.1161383309559)
(0, 1, 0, 8, 20402012000, 132.75338174045382)
(0, 1, 0, 8, 30703013500, 206.61101398540623)
(0, 1, 0, 8, 20186030205, 140.10479355014124)
(0, 1, 0, 9, 40115010700, 601.3888061154439)
(0, 1, 0, 9, 20402014000, 608.2489306186322)
(0, 1, 0, 9, 20402013700, 751.2826268340931)
(0, 1, 0, 9, 20402013900, 683.2731500637283)
(0, 1, 0, 9, 20402015500, 506.29426353063315)
(0, 1, 0, 9, 20402013702, 900.5900373211313)
(0, 1, 0, 9, 40703013100, 546.6071183393948)
(0, 1, 0, 9, 40703011300, 489.48607649225033)
(0, 1, 0, 9, 20402013800, 659.7700045045323)
(0, 2, 0, 0, 20402013401, 884.2076878940425)
(0, 2, 0, 1, 20402010300, 1119.4805256262766)
(0, 2, 0, 2, 30703012900, 1070.850777755214)
(0, 2, 0, 3, 40703012302, 1024.8951905909666)
(0, 2, 0, 4, 20402013400, 733.6886265264487)
(0, 2, 0, 5, 30703012700, 955.5279304973623)
(0, 2, 0, 6, 40403010502, 926.3114629988056)
(0, 2, 0, 7, 40703010700, 1006.5826774612912)
(0, 2, 0, 8, 20402013000, 707.5034021468462)
(0, 2, 0, 9, 30703012800, 1058.164768651445)
(0, 2, 0, 10, 20402013102, 1048.1202659417072)
(0, 2, 0, 11, 40703012301, 959.7110631733292)
(0, 2, 0, 12, 20402012702, 532.3299135645143)
(0, 2, 0, 13, 20402013201, 878.1653004944866)
(0, 2, 0, 1, 10408011100, 395.3883447783738)
(0, 2, 0, 1, 10408012001, 122.91242904836588)
(0, 2, 0, 1, 10408011900, 100.09568958837393)
(0, 2, 0, 1, 10408012000, 138.7725799532826)
(0, 2, 0, 1, 10408011702, 278.1299396539788)
(0, 2, 0, 1, 10408011901, 82.67804848603114)
(0, 2, 0, 1, 10408011200, 418.49308071392676)
(0, 2, 0, 2, 40703011800, 1918.0345163704596)
(0, 2, 0, 2, 20402014400, 1695.8003724010034)
(0, 2, 0, 2, 20402014600, 1128.77239410396)
(0, 2, 0, 2, 40703012200, 1052.131042983178)
(0, 2, 0, 2, 20402015300, 2688.2634300336267)
(0, 2, 0, 2, 10408011000, 2084.731758678877)
(0, 2, 0, 2, 40703013500, 903.6102842436696)
(0, 2, 0, 2, 20402014503, 1604.3675717336364)
(0, 2, 0, 2, 20402015201, 1518.9378883513834)
(0, 2, 0, 2, 10408012100, 794.5727429565967)
(0, 2, 0, 2, 40703012201, 208.69849474839782)
(0, 2, 0, 2, 40703013501, 1235.4352173699303)
(0, 2, 0, 3, 40703013400, 560.6747553560983)
(0, 2, 0, 3, 10408011703, 1477.457372971025)
(0, 2, 0, 3, 10408011407, 704.6789431954005)
(0, 2, 0, 3, 40703013401, 575.3630858197873)
(0, 2, 0, 3, 40703013402, 1625.6887326669746)
(0, 2, 0, 3, 20402014200, 679.3048705168521)
(0, 2, 0, 3, 10408011403, 974.5908015960547)
(0, 2, 0, 3, 10408011700, 841.5008228110313)
(0, 2, 0, 3, 20402014103, 561.6652226487585)
(0, 2, 0, 3, 10408011404, 1033.707342469397)
(0, 2, 0, 3, 20402014101, 554.2608393785183)
(0, 2, 0, 3, 10408011405, 1138.1864901855965)
(0, 2, 0, 3, 20402014100, 536.2093083863065)
(0, 2, 0, 3, 10408011804, 610.501559907205)
(0, 2, 0, 3, 10408011801, 1416.698155339388)
(0, 2, 0, 3, 10408011400, 1734.792722785036)
(0, 2, 0, 3, 20402015400, 825.1518606146655)
(0, 2, 0, 4, 20187020100, 361.61000474778143)
(0, 2, 0, 4, 20402012401, 209.56763844312445)
(0, 2, 0, 4, 20402012800, 510.49480724478053)
(0, 2, 0, 4, 20402012200, 217.52975037525033)
(0, 2, 0, 4, 20402012300, 112.42583385102233)
(0, 2, 0, 4, 20402012700, 267.66411329440217)
(0, 2, 0, 5, 20186030201, 1385.998179410367)
(0, 2, 0, 5, 10408011504, 929.787434636919)
(0, 2, 0, 5, 10408011500, 1191.8737467952667)
(0, 2, 0, 5, 10408011502, 735.8458219457548)
(0, 2, 0, 5, 10408011505, 1046.0170898263755)
(0, 2, 0, 5, 40703013803, 1204.622477735439)
(0, 2, 0, 5, 10408011603, 1008.4979633186266)
(0, 2, 0, 5, 10408011501, 1230.8492059965424)
(0, 2, 0, 5, 40703013800, 1564.8146600493362)
(0, 2, 0, 5, 20402014502, 1471.4024091019767)
(0, 2, 0, 5, 20186030204, 1234.1703372479913)
(0, 2, 0, 5, 10408011601, 1319.1098406139495)
(0, 2, 0, 5, 10408011602, 1190.6165131529083)
(0, 2, 0, 5, 20186030200, 1433.0123808148294)
(0, 2, 0, 6, 40703012600, 1786.5293097719455)
(0, 2, 0, 6, 20402013300, 1890.513746452839)
(0, 2, 0, 6, 40703011401, 1733.0454896288988)
(0, 2, 0, 6, 40703011400, 1543.640852747473)
(0, 2, 0, 6, 40703012500, 1367.2748630724457)
(0, 2, 0, 6, 40703013000, 1012.6086966175895)
(0, 2, 0, 6, 40703012400, 1207.8657560467707)
(0, 2, 0, 6, 40703011200, 1698.624497887038)
(0, 2, 0, 6, 20402013500, 1353.4857268981655)
(0, 2, 0, 7, 20402015301, 1480.8557710983996)
(0, 2, 0, 7, 10408013500, 1571.3357480303298)
(0, 2, 0, 7, 20402014501, 2764.5508785230927)
(0, 2, 0, 7, 10408013400, 1727.2893354590974)
(0, 2, 0, 7, 10408010800, 1831.2080399117544)
(0, 2, 0, 8, 20402014800, 710.3758526962348)
(0, 2, 0, 8, 20402012500, 181.62206319644847)
(0, 2, 0, 8, 30402011202, 150.3912499382556)
(0, 2, 0, 8, 20402012101, 87.460965984462)
(0, 2, 0, 8, 20402015100, 293.59948822677745)
(0, 2, 0, 8, 10408012200, 641.4384918009724)
(0, 2, 0, 8, 40703012002, 1346.2482222757244)
(0, 2, 0, 8, 20402011700, 99.95288665093214)
(0, 2, 0, 8, 40703011602, 151.97435894058495)
(0, 2, 0, 8, 20402010900, 225.1305516269558)
(0, 2, 0, 8, 40703011701, 296.2046227560999)
(0, 2, 0, 8, 40703012101, 480.44970808828833)
(0, 2, 0, 8, 20402011100, 153.17144252544787)
(0, 2, 0, 8, 40703012003, 1164.286172093409)
(0, 2, 0, 8, 20402011500, 206.40526014403605)
(0, 2, 0, 8, 20402015000, 141.1047080190326)
(0, 2, 0, 8, 40703011502, 181.4513915431489)
(0, 2, 0, 8, 40703011600, 149.79614649123639)
(0, 2, 0, 8, 40703014100, 431.7376471547221)
(0, 2, 0, 8, 30703013300, 318.34064458543287)
(0, 2, 0, 8, 10408012300, 384.9384914136514)
(0, 2, 0, 8, 20402011300, 168.54756265587264)
(0, 2, 0, 8, 20402010801, 141.50671779855503)
(0, 2, 0, 8, 20186030206, 732.2864222859274)
(0, 2, 0, 8, 20402010800, 270.72656378374876)
(0, 2, 0, 8, 40703011500, 429.67042425706853)
(0, 2, 0, 8, 40703014101, 530.5087120107127)
(0, 2, 0, 8, 40703014203, 503.08565782175754)
(0, 2, 0, 8, 20402011800, 96.69119846557048)
(0, 2, 0, 8, 20402011400, 163.06650513038855)
(0, 2, 0, 8, 20402011600, 138.4866775744975)
(0, 2, 0, 8, 20402014901, 112.02156282098679)
(0, 2, 0, 8, 20402012601, 116.66212227420182)
(0, 2, 0, 8, 40703012001, 1217.8759752757742)
(0, 2, 0, 8, 40703011601, 157.91608090588082)
(0, 2, 0, 8, 40703013802, 994.0338597447649)
(0, 2, 0, 8, 20402011000, 184.43827218182852)
(0, 2, 0, 8, 10408013200, 737.3960228503776)
(0, 2, 0, 8, 40703012000, 419.8755353524335)
(0, 2, 0, 8, 20402012400, 236.51162607693658)
(0, 2, 0, 8, 10408013300, 889.439648085141)
(0, 2, 0, 8, 20402011900, 189.1292600581455)
(0, 2, 0, 8, 30402011100, 711.1696912729894)
(0, 2, 0, 8, 20402012703, 115.44790868165241)
(0, 2, 0, 8, 10408014300, 741.7518835137413)
(0, 2, 0, 8, 10408013100, 374.5987888910187)
(0, 2, 0, 8, 20402011200, 194.30402191403462)
(0, 2, 0, 8, 30402011203, 142.64192910712146)
(0, 2, 0, 8, 20402012602, 123.8645500776185)
(0, 2, 0, 8, 40703013801, 601.3650446911204)
(0, 2, 0, 8, 20402012701, 131.61778330242078)
(0, 2, 0, 8, 40703014103, 138.15174018837814)
(0, 2, 0, 8, 10408012500, 303.2555821073275)
(0, 2, 0, 8, 10408014200, 526.5866704868702)
(0, 2, 0, 8, 20402010400, 508.5852228162312)
(0, 2, 0, 8, 20402012000, 156.3334055996228)
(0, 2, 0, 8, 30703013500, 232.5990430009386)
(0, 2, 0, 8, 20186030205, 197.03603671981534)
(0, 2, 0, 9, 40115010700, 794.24561163023)
(0, 2, 0, 9, 20402014000, 845.9714107747031)
(0, 2, 0, 9, 20402013700, 992.8166785504794)
(0, 2, 0, 9, 20402013900, 931.804856568731)
(0, 2, 0, 9, 20402015500, 669.6526320765183)
(0, 2, 0, 9, 20402013702, 1186.8052655358683)
(0, 2, 0, 9, 40703013100, 732.9647801709959)
(0, 2, 0, 9, 40703011300, 678.6364067851521)
(0, 2, 0, 9, 20402013800, 897.1665106516289)
(1, 0, 0, 0, 20402013401, 435.09977592694287)
(1, 0, 0, 1, 20402010300, 486.7819339666041)
(1, 0, 0, 2, 30703012900, 431.62670566680254)
(1, 0, 0, 3, 40703012302, 516.6628381692607)
(1, 0, 0, 4, 20402013400, 404.7201674009692)
(1, 0, 0, 5, 30703012700, 465.9064874976467)
(1, 0, 0, 6, 40403010502, 453.1843219005622)
(1, 0, 0, 7, 40703010700, 411.13135738265254)
(1, 0, 0, 8, 20402013000, 340.9312861821714)
(1, 0, 0, 9, 30703012800, 435.7288418745718)
(1, 0, 0, 10, 20402013102, 412.7165916945988)
(1, 0, 0, 11, 40703012301, 536.3275670290674)
(1, 0, 0, 12, 20402012702, 289.5489155668716)
(1, 0, 0, 13, 20402013201, 407.70154840569774)
(1, 0, 0, 1, 10408011100, 342.36680711625826)
(1, 0, 0, 1, 10408012001, 233.03994655684585)
(1, 0, 0, 1, 10408011900, 191.67298652607136)
(1, 0, 0, 1, 10408012000, 240.98803627341127)
(1, 0, 0, 1, 10408011702, 363.92641468636964)
(1, 0, 0, 1, 10408011901, 188.17622591413613)
(1, 0, 0, 1, 10408011200, 376.6705640158647)
(1, 0, 0, 2, 40703011800, 726.5575179613234)
(1, 0, 0, 2, 20402014400, 624.4078992191518)
(1, 0, 0, 2, 20402014600, 494.9366149956027)
(1, 0, 0, 2, 40703012200, 536.2267516685538)
(1, 0, 0, 2, 20402015300, 956.1225345736377)
(1, 0, 0, 2, 10408011000, 774.6310965199254)
(1, 0, 0, 2, 40703013500, 461.9027226299036)
(1, 0, 0, 2, 20402014503, 603.8936728718219)
(1, 0, 0, 2, 20402015201, 725.5849645621302)
(1, 0, 0, 2, 10408012100, 491.2442136832705)
(1, 0, 0, 2, 40703012201, 340.67264012118494)
(1, 0, 0, 2, 40703013501, 543.6929403425177)
(1, 0, 0, 3, 40703013400, 607.4830361369233)
(1, 0, 0, 3, 10408011703, 604.7769761678708)
(1, 0, 0, 3, 10408011407, 667.0819978275941)
(1, 0, 0, 3, 40703013401, 646.226315664795)
(1, 0, 0, 3, 40703013402, 805.861125005264)
(1, 0, 0, 3, 20402014200, 769.7384584912314)
(1, 0, 0, 3, 10408011403, 652.9687759936446)
(1, 0, 0, 3, 10408011700, 483.58297964146345)
(1, 0, 0, 3, 20402014103, 751.866571229901)
(1, 0, 0, 3, 10408011404, 662.1570408882485)
(1, 0, 0, 3, 20402014101, 699.8125488719761)
(1, 0, 0, 3, 10408011405, 733.1318165506516)
(1, 0, 0, 3, 20402014100, 735.6324869832223)
(1, 0, 0, 3, 10408011804, 473.4661941520659)
(1, 0, 0, 3, 10408011801, 596.5354604068079)
(1, 0, 0, 3, 10408011400, 878.9831572929296)
(1, 0, 0, 3, 20402015400, 709.9076212683227)
(1, 0, 0, 4, 20187020100, 249.7560441564973)
(1, 0, 0, 4, 20402012401, 227.2372793984963)
(1, 0, 0, 4, 20402012800, 299.5170916535298)
(1, 0, 0, 4, 20402012200, 179.34623019957456)
(1, 0, 0, 4, 20402012300, 177.15683628806667)
(1, 0, 0, 4, 20402012700, 286.23447248373117)
(1, 0, 0, 5, 20186030201, 609.6290271346921)
(1, 0, 0, 5, 10408011504, 467.60452686656265)
(1, 0, 0, 5, 10408011500, 506.3119433514478)
(1, 0, 0, 5, 10408011502, 408.5563584758857)
(1, 0, 0, 5, 10408011505, 541.4245241372668)
(1, 0, 0, 5, 40703013803, 990.2630773776339)
(1, 0, 0, 5, 10408011603, 482.66901344311196)
(1, 0, 0, 5, 10408011501, 503.8926769919824)
(1, 0, 0, 5, 40703013800, 889.3121922562949)
(1, 0, 0, 5, 20402014502, 696.5900747502461)
(1, 0, 0, 5, 20186030204, 797.1737433529473)
(1, 0, 0, 5, 10408011601, 516.6860157524756)
(1, 0, 0, 5, 10408011602, 467.9102218889531)
(1, 0, 0, 5, 20186030200, 681.6506738370201)
(1, 0, 0, 6, 40703012600, 600.5394391639567)
(1, 0, 0, 6, 20402013300, 539.8070908178659)
(1, 0, 0, 6, 40703011401, 718.6563868813098)
(1, 0, 0, 6, 40703011400, 721.3057029470122)
(1, 0, 0, 6, 40703012500, 497.6816816472443)
(1, 0, 0, 6, 40703013000, 751.4462879498974)
(1, 0, 0, 6, 40703012400, 456.12407910453476)
(1, 0, 0, 6, 40703011200, 640.4631028512034)
(1, 0, 0, 6, 20402013500, 515.5018917474597)
(1, 0, 0, 7, 20402015301, 745.7187276297294)
(1, 0, 0, 7, 10408013500, 698.734631283292)
(1, 0, 0, 7, 20402014501, 986.2720239883397)
(1, 0, 0, 7, 10408013400, 650.2083759143742)
(1, 0, 0, 7, 10408010800, 1037.7715774962744)
(1, 0, 0, 8, 20402014800, 637.3062813520237)
(1, 0, 0, 8, 20402012500, 170.7062922448529)
(1, 0, 0, 8, 30402011202, 288.08743478281673)
(1, 0, 0, 8, 20402012101, 158.27989690071206)
(1, 0, 0, 8, 20402015100, 268.1932423569712)
(1, 0, 0, 8, 10408012200, 379.2617860769403)
(1, 0, 0, 8, 40703012002, 682.635837722592)
(1, 0, 0, 8, 20402011700, 163.65430384233466)
(1, 0, 0, 8, 40703011602, 251.05770382927005)
(1, 0, 0, 8, 20402010900, 225.60700433473673)
(1, 0, 0, 8, 40703011701, 311.06198749787853)
(1, 0, 0, 8, 40703012101, 308.3467330324763)
(1, 0, 0, 8, 20402011100, 182.9641767148772)
(1, 0, 0, 8, 40703012003, 613.8643377817311)
(1, 0, 0, 8, 20402011500, 172.36677076243058)
(1, 0, 0, 8, 20402015000, 260.02219697095956)
(1, 0, 0, 8, 40703011502, 269.7246626147705)
(1, 0, 0, 8, 40703011600, 252.74706863931925)
(1, 0, 0, 8, 40703014100, 301.2542402430942)
(1, 0, 0, 8, 30703013300, 268.4752456259898)
(1, 0, 0, 8, 10408012300, 351.65130406921963)
(1, 0, 0, 8, 20402011300, 183.92992514297805)
(1, 0, 0, 8, 20402010801, 239.7175406609023)
(1, 0, 0, 8, 20186030206, 567.0519875694515)
(1, 0, 0, 8, 20402010800, 255.54640579669018)
(1, 0, 0, 8, 40703011500, 301.08326485250427)
(1, 0, 0, 8, 40703014101, 308.9739776493922)
(1, 0, 0, 8, 40703014203, 290.7233463199575)
(1, 0, 0, 8, 20402011800, 164.8681644047878)
(1, 0, 0, 8, 20402011400, 179.10422272164567)
(1, 0, 0, 8, 20402011600, 161.18873849983746)
(1, 0, 0, 8, 20402014901, 286.34202963558096)
(1, 0, 0, 8, 20402012601, 207.9920524591222)
(1, 0, 0, 8, 40703012001, 710.5345740000402)
(1, 0, 0, 8, 40703011601, 253.88934235078062)
(1, 0, 0, 8, 40703013802, 918.8614940196319)
(1, 0, 0, 8, 20402011000, 200.66760226416375)
(1, 0, 0, 8, 10408013200, 622.0815133712355)
(1, 0, 0, 8, 40703012000, 566.8976215315394)
(1, 0, 0, 8, 20402012400, 200.97922726928013)
(1, 0, 0, 8, 10408013300, 603.4087266093254)
(1, 0, 0, 8, 20402011900, 159.86434602097896)
(1, 0, 0, 8, 30402011100, 496.89540866648736)
(1, 0, 0, 8, 20402012703, 208.53932429635165)
(1, 0, 0, 8, 10408014300, 558.6507819514242)
(1, 0, 0, 8, 10408013100, 373.13905353911304)
(1, 0, 0, 8, 20402011200, 183.01930209513404)
(1, 0, 0, 8, 30402011203, 285.7252680414465)
(1, 0, 0, 8, 20402012602, 213.9199435860465)
(1, 0, 0, 8, 40703013801, 643.5915098073255)
(1, 0, 0, 8, 20402012701, 236.71406404281495)
(1, 0, 0, 8, 40703014103, 275.17667078229067)
(1, 0, 0, 8, 10408012500, 313.2236480442403)
(1, 0, 0, 8, 10408014200, 526.991621792959)
(1, 0, 0, 8, 20402010400, 396.31641587037154)
(1, 0, 0, 8, 20402012000, 160.55532402072657)
(1, 0, 0, 8, 30703013500, 253.2738394857417)
(1, 0, 0, 8, 20186030205, 401.3119904983286)
(1, 0, 0, 9, 40115010700, 704.8792381982646)
(1, 0, 0, 9, 20402014000, 803.9662756651477)
(1, 0, 0, 9, 20402013700, 711.4896472405776)
(1, 0, 0, 9, 20402013900, 619.6351023382589)
(1, 0, 0, 9, 20402015500, 573.2805908108976)
(1, 0, 0, 9, 20402013702, 741.930329903497)
(1, 0, 0, 9, 40703013100, 634.1158802406609)
(1, 0, 0, 9, 40703011300, 637.6767656683542)
(1, 0, 0, 9, 20402013800, 636.1087154377648)
(1, 1, 0, 0, 20402013401, 341.64094258467264)
(1, 1, 0, 1, 20402010300, 629.8791520681535)
(1, 1, 0, 2, 30703012900, 623.8487990482995)
(1, 1, 0, 3, 40703012302, 602.6653327026687)
(1, 1, 0, 4, 20402013400, 340.11855941600413)
(1, 1, 0, 5, 30703012700, 515.3843759488308)
(1, 1, 0, 6, 40403010502, 577.6235098478345)
(1, 1, 0, 7, 40703010700, 607.0034546673328)
(1, 1, 0, 8, 20402013000, 372.2367888204178)
(1, 1, 0, 9, 30703012800, 478.1902085727636)
(1, 1, 0, 10, 20402013102, 533.0218103797237)
(1, 1, 0, 11, 40703012301, 575.6186361134497)
(1, 1, 0, 12, 20402012702, 393.53322025514876)
(1, 1, 0, 13, 20402013201, 354.29809547782884)
(1, 1, 0, 1, 10408011100, 316.8809974402762)
(1, 1, 0, 1, 10408012001, 123.03247236041227)
(1, 1, 0, 1, 10408011900, 92.07287640013188)
(1, 1, 0, 1, 10408012000, 136.2471044738072)
(1, 1, 0, 1, 10408011702, 222.96725650140928)
(1, 1, 0, 1, 10408011901, 83.70027358483621)
(1, 1, 0, 1, 10408011200, 353.7050494859181)
(1, 1, 0, 2, 40703011800, 1029.0618808827871)
(1, 1, 0, 2, 20402014400, 915.3124638283689)
(1, 1, 0, 2, 20402014600, 605.6265813498858)
(1, 1, 0, 2, 40703012200, 500.92960509936034)
(1, 1, 0, 2, 20402015300, 1571.8648613890798)
(1, 1, 0, 2, 10408011000, 1089.215783708779)
(1, 1, 0, 2, 40703013500, 392.1347657455505)
(1, 1, 0, 2, 20402014503, 916.7693946313207)
(1, 1, 0, 2, 20402015201, 1002.6964457235977)
(1, 1, 0, 2, 10408012100, 432.8662098557946)
(1, 1, 0, 2, 40703012201, 185.38200593994713)
(1, 1, 0, 2, 40703013501, 752.9916177072198)
(1, 1, 0, 3, 40703013400, 278.96611767467044)
(1, 1, 0, 3, 10408011703, 929.4220734098112)
(1, 1, 0, 3, 10408011407, 391.4201810073792)
(1, 1, 0, 3, 40703013401, 297.55581775104537)
(1, 1, 0, 3, 40703013402, 1221.9774044325218)
(1, 1, 0, 3, 20402014200, 353.4303306162258)
(1, 1, 0, 3, 10408011403, 446.35902550227087)
(1, 1, 0, 3, 10408011700, 469.93343527119157)
(1, 1, 0, 3, 20402014103, 310.84429591049974)
(1, 1, 0, 3, 10408011404, 524.6101722799361)
(1, 1, 0, 3, 20402014101, 303.97679536481286)
(1, 1, 0, 3, 10408011405, 560.9608877685646)
(1, 1, 0, 3, 20402014100, 312.6336579549163)
(1, 1, 0, 3, 10408011804, 358.0311853742457)
(1, 1, 0, 3, 10408011801, 1047.7006955365125)
(1, 1, 0, 3, 10408011400, 1139.6557768413027)
(1, 1, 0, 3, 20402015400, 642.1996010363606)
(1, 1, 0, 4, 20187020100, 246.86467462423045)
(1, 1, 0, 4, 20402012401, 182.16764791703898)
(1, 1, 0, 4, 20402012800, 334.29622082245237)
(1, 1, 0, 4, 20402012200, 177.72189258450356)
(1, 1, 0, 4, 20402012300, 135.8217458782659)
(1, 1, 0, 4, 20402012700, 261.7668952819603)
(1, 1, 0, 5, 20186030201, 679.6039593173263)
(1, 1, 0, 5, 10408011504, 471.5971666919508)
(1, 1, 0, 5, 10408011500, 493.56452996610955)
(1, 1, 0, 5, 10408011502, 355.10042288552125)
(1, 1, 0, 5, 10408011505, 496.49415075533824)
(1, 1, 0, 5, 40703013803, 826.260580986501)
(1, 1, 0, 5, 10408011603, 509.5174079233674)
(1, 1, 0, 5, 10408011501, 518.176518417879)
(1, 1, 0, 5, 40703013800, 799.6704205075641)
(1, 1, 0, 5, 20402014502, 855.6104413061204)
(1, 1, 0, 5, 20186030204, 814.7530237164586)
(1, 1, 0, 5, 10408011601, 563.4198581066698)
(1, 1, 0, 5, 10408011602, 545.9048699469536)
(1, 1, 0, 5, 20186030200, 823.3189742895756)
(1, 1, 0, 6, 40703012600, 1254.836085595069)
(1, 1, 0, 6, 20402013300, 1081.7927439285968)
(1, 1, 0, 6, 40703011401, 1102.7293924122828)
(1, 1, 0, 6, 40703011400, 967.350253796003)
(1, 1, 0, 6, 40703012500, 982.2640943108325)
(1, 1, 0, 6, 40703013000, 687.243293712131)
(1, 1, 0, 6, 40703012400, 872.9696494301978)
(1, 1, 0, 6, 40703011200, 1045.7747140050378)
(1, 1, 0, 6, 20402013500, 797.8013719563253)
(1, 1, 0, 7, 20402015301, 1005.4801953903129)
(1, 1, 0, 7, 10408013500, 1075.678951848674)
(1, 1, 0, 7, 20402014501, 1691.0455179091548)
(1, 1, 0, 7, 10408013400, 1021.8168705662558)
(1, 1, 0, 7, 10408010800, 1011.1548835303468)
(1, 1, 0, 8, 20402014800, 515.1433065925282)
(1, 1, 0, 8, 20402012500, 156.5342709496822)
(1, 1, 0, 8, 30402011202, 151.57064121172263)
(1, 1, 0, 8, 20402012101, 84.71874306741401)
(1, 1, 0, 8, 20402015100, 242.87685761284123)
(1, 1, 0, 8, 10408012200, 491.833886244838)
(1, 1, 0, 8, 40703012002, 1013.1184784108567)
(1, 1, 0, 8, 20402011700, 97.96944138441793)
(1, 1, 0, 8, 40703011602, 147.7147247633275)
(1, 1, 0, 8, 20402010900, 191.7363381930599)
(1, 1, 0, 8, 40703011701, 259.0525206840691)
(1, 1, 0, 8, 40703012101, 393.2163807585178)
(1, 1, 0, 8, 20402011100, 135.73689372200525)
(1, 1, 0, 8, 40703012003, 905.1448714301592)
(1, 1, 0, 8, 20402011500, 171.30299369938152)
(1, 1, 0, 8, 20402015000, 139.6855514947053)
(1, 1, 0, 8, 40703011502, 177.87152549056646)
(1, 1, 0, 8, 40703011600, 149.00573462097574)
(1, 1, 0, 8, 40703014100, 340.98635979619826)
(1, 1, 0, 8, 30703013300, 263.59085563207356)
(1, 1, 0, 8, 10408012300, 305.15999476206235)
(1, 1, 0, 8, 20402011300, 143.5581318361684)
(1, 1, 0, 8, 20402010801, 136.37197979844134)
(1, 1, 0, 8, 20186030206, 545.8317998919513)
(1, 1, 0, 8, 20402010800, 227.61780773783016)
(1, 1, 0, 8, 40703011500, 345.5684297149561)
(1, 1, 0, 8, 40703014101, 407.40307622078114)
(1, 1, 0, 8, 40703014203, 390.6164546107296)
(1, 1, 0, 8, 20402011800, 93.31199015889058)
(1, 1, 0, 8, 20402011400, 139.27701443087705)
(1, 1, 0, 8, 20402011600, 120.69280109467664)
(1, 1, 0, 8, 20402014901, 120.44155337512618)
(1, 1, 0, 8, 20402012601, 112.18603014366943)
(1, 1, 0, 8, 40703012001, 934.6035298042012)
(1, 1, 0, 8, 40703011601, 152.1927935776095)
(1, 1, 0, 8, 40703013802, 677.2520368463765)
(1, 1, 0, 8, 20402011000, 158.23614971299799)
(1, 1, 0, 8, 10408013200, 557.3579898009283)
(1, 1, 0, 8, 40703012000, 295.3623624588634)
(1, 1, 0, 8, 20402012400, 197.12917990846307)
(1, 1, 0, 8, 10408013300, 688.8191725248187)
(1, 1, 0, 8, 20402011900, 156.9887749184308)
(1, 1, 0, 8, 30402011100, 546.6646459645942)
(1, 1, 0, 8, 20402012703, 114.33671605302196)
(1, 1, 0, 8, 10408014300, 562.1650489309054)
(1, 1, 0, 8, 10408013100, 295.0532757760308)
(1, 1, 0, 8, 20402011200, 163.21755069779732)
(1, 1, 0, 8, 30402011203, 142.3095340300102)
(1, 1, 0, 8, 20402012602, 118.09609948820882)
(1, 1, 0, 8, 40703013801, 410.3872135297095)
(1, 1, 0, 8, 20402012701, 130.19319833159955)
(1, 1, 0, 8, 40703014103, 141.91212449215365)
(1, 1, 0, 8, 10408012500, 258.358195262919)
(1, 1, 0, 8, 10408014200, 388.38762801125074)
(1, 1, 0, 8, 20402010400, 403.7666478314193)
(1, 1, 0, 8, 20402012000, 132.336415319869)
(1, 1, 0, 8, 30703013500, 203.25541638081307)
(1, 1, 0, 8, 20186030205, 145.34416736798474)
(1, 1, 0, 9, 40115010700, 605.6826922148265)
(1, 1, 0, 9, 20402014000, 625.3175403708831)
(1, 1, 0, 9, 20402013700, 750.4191345232638)
(1, 1, 0, 9, 20402013900, 672.9426500213931)
(1, 1, 0, 9, 20402015500, 507.0914194282924)
(1, 1, 0, 9, 20402013702, 898.8744532798214)
(1, 1, 0, 9, 40703013100, 548.2781157417694)
(1, 1, 0, 9, 40703011300, 480.28598077985714)
(1, 1, 0, 9, 20402013800, 663.2476166439385)
(1, 2, 0, 0, 20402013401, 561.6090559628608)
(1, 2, 0, 1, 20402010300, 801.5626187956717)
(1, 2, 0, 2, 30703012900, 947.5083182290577)
(1, 2, 0, 3, 40703012302, 722.2071483882642)
(1, 2, 0, 4, 20402013400, 502.03323840963645)
(1, 2, 0, 5, 30703012700, 616.1876565003322)
(1, 2, 0, 6, 40403010502, 735.1535573133114)
(1, 2, 0, 7, 40703010700, 814.8032745534097)
(1, 2, 0, 8, 20402013000, 734.2338358182973)
(1, 2, 0, 9, 30703012800, 703.7760370955697)
(1, 2, 0, 10, 20402013102, 723.56188956046)
(1, 2, 0, 11, 40703012301, 759.9417672520442)
(1, 2, 0, 12, 20402012702, 590.8467660567973)
(1, 2, 0, 13, 20402013201, 588.8403788971364)
(1, 2, 0, 1, 10408011100, 398.9468787353067)
(1, 2, 0, 1, 10408012001, 130.0387481226192)
(1, 2, 0, 1, 10408011900, 92.86341476738212)
(1, 2, 0, 1, 10408012000, 144.14291830210482)
(1, 2, 0, 1, 10408011702, 290.95096654098023)
(1, 2, 0, 1, 10408011901, 86.12085604797507)
(1, 2, 0, 1, 10408011200, 426.6156297298145)
(1, 2, 0, 2, 40703011800, 1367.8724804533267)
(1, 2, 0, 2, 20402014400, 1192.811761741841)
(1, 2, 0, 2, 20402014600, 847.6797641911594)
(1, 2, 0, 2, 40703012200, 636.693538802197)
(1, 2, 0, 2, 20402015300, 2020.402147921178)
(1, 2, 0, 2, 10408011000, 1404.9034794676957)
(1, 2, 0, 2, 40703013500, 565.5432535074364)
(1, 2, 0, 2, 20402014503, 1138.602035349)
(1, 2, 0, 2, 20402015201, 1076.6411548391914)
(1, 2, 0, 2, 10408012100, 593.9311823460611)
(1, 2, 0, 2, 40703012201, 204.4282447008955)
(1, 2, 0, 2, 40703013501, 1056.5249019265684)
(1, 2, 0, 3, 40703013400, 431.0396376508903)
(1, 2, 0, 3, 10408011703, 1250.3510987116551)
(1, 2, 0, 3, 10408011407, 577.1698528885164)
(1, 2, 0, 3, 40703013401, 434.04503127304434)
(1, 2, 0, 3, 40703013402, 1598.564561367281)
(1, 2, 0, 3, 20402014200, 504.8430379573407)
(1, 2, 0, 3, 10408011403, 598.874983411827)
(1, 2, 0, 3, 10408011700, 575.2327160603122)
(1, 2, 0, 3, 20402014103, 419.12953519047085)
(1, 2, 0, 3, 10408011404, 744.0689788283089)
(1, 2, 0, 3, 20402014101, 441.6771872103364)
(1, 2, 0, 3, 10408011405, 819.600240019473)
(1, 2, 0, 3, 20402014100, 420.115699932918)
(1, 2, 0, 3, 10408011804, 420.629723566892)
(1, 2, 0, 3, 10408011801, 1214.207638218502)
(1, 2, 0, 3, 10408011400, 1496.6918719614048)
(1, 2, 0, 3, 20402015400, 799.6962072441085)
(1, 2, 0, 4, 20187020100, 336.471918172301)
(1, 2, 0, 4, 20402012401, 227.85900074017934)
(1, 2, 0, 4, 20402012800, 457.2167537881782)
(1, 2, 0, 4, 20402012200, 219.90108620239974)
(1, 2, 0, 4, 20402012300, 118.83020894183711)
(1, 2, 0, 4, 20402012700, 235.15284676430457)
(1, 2, 0, 5, 20186030201, 953.2059792347696)
(1, 2, 0, 5, 10408011504, 692.8219661630802)
(1, 2, 0, 5, 10408011500, 725.6194572422289)
(1, 2, 0, 5, 10408011502, 565.2285681485159)
(1, 2, 0, 5, 10408011505, 718.2195699213589)
(1, 2, 0, 5, 40703013803, 940.6278514046156)
(1, 2, 0, 5, 10408011603, 726.2768329177428)
(1, 2, 0, 5, 10408011501, 860.1586548918987)
(1, 2, 0, 5, 40703013800, 1052.1667390823975)
(1, 2, 0, 5, 20402014502, 1142.5217018621167)
(1, 2, 0, 5, 20186030204, 1056.441397868014)
(1, 2, 0, 5, 10408011601, 915.9372241359373)
(1, 2, 0, 5, 10408011602, 852.7722466997217)
(1, 2, 0, 5, 20186030200, 1139.5070602002818)
(1, 2, 0, 6, 40703012600, 1506.1619755882537)
(1, 2, 0, 6, 20402013300, 1419.2414272871513)
(1, 2, 0, 6, 40703011401, 1508.349789736573)
(1, 2, 0, 6, 40703011400, 1232.6550853337003)
(1, 2, 0, 6, 40703012500, 1219.0952284808027)
(1, 2, 0, 6, 40703013000, 813.7197550002039)
(1, 2, 0, 6, 40703012400, 1072.072300285522)
(1, 2, 0, 6, 40703011200, 1334.8207403103975)
(1, 2, 0, 6, 20402013500, 1031.6971742675448)
(1, 2, 0, 7, 20402015301, 1129.5047352155898)
(1, 2, 0, 7, 10408013500, 1247.3756379379713)
(1, 2, 0, 7, 20402014501, 2189.853903460775)
(1, 2, 0, 7, 10408013400, 1240.7123300864255)
(1, 2, 0, 7, 10408010800, 1378.9238132292762)
(1, 2, 0, 8, 20402014800, 632.8513587900195)
(1, 2, 0, 8, 20402012500, 181.87075744881813)
(1, 2, 0, 8, 30402011202, 149.3600518500726)
(1, 2, 0, 8, 20402012101, 85.19495640841505)
(1, 2, 0, 8, 20402015100, 296.4067492996634)
(1, 2, 0, 8, 10408012200, 645.3591527458032)
(1, 2, 0, 8, 40703012002, 1332.761939049083)
(1, 2, 0, 8, 20402011700, 101.47395917621418)
(1, 2, 0, 8, 40703011602, 151.65466045786417)
(1, 2, 0, 8, 20402010900, 224.6592069373484)
(1, 2, 0, 8, 40703011701, 298.6378998894029)
(1, 2, 0, 8, 40703012101, 484.45583798876163)
(1, 2, 0, 8, 20402011100, 154.47542919765925)
(1, 2, 0, 8, 40703012003, 1146.0027978156584)
(1, 2, 0, 8, 20402011500, 207.47100628797983)
(1, 2, 0, 8, 20402015000, 138.91212691930068)
(1, 2, 0, 8, 40703011502, 182.74472595685313)
(1, 2, 0, 8, 40703011600, 155.83110528715915)
(1, 2, 0, 8, 40703014100, 436.2567204872522)
(1, 2, 0, 8, 30703013300, 320.71405327084324)
(1, 2, 0, 8, 10408012300, 388.2645910483167)
(1, 2, 0, 8, 20402011300, 168.68895121622685)
(1, 2, 0, 8, 20402010801, 136.48589781580924)
(1, 2, 0, 8, 20186030206, 690.2178055585125)
(1, 2, 0, 8, 20402010800, 272.0445735848738)
(1, 2, 0, 8, 40703011500, 431.417300168037)
(1, 2, 0, 8, 40703014101, 535.3493479761494)
(1, 2, 0, 8, 40703014203, 506.815627779999)
(1, 2, 0, 8, 20402011800, 93.33397781992888)
(1, 2, 0, 8, 20402011400, 162.2739802021435)
(1, 2, 0, 8, 20402011600, 136.68069327856514)
(1, 2, 0, 8, 20402014901, 114.49633912380588)
(1, 2, 0, 8, 20402012601, 112.59944912366555)
(1, 2, 0, 8, 40703012001, 1196.9762836874577)
(1, 2, 0, 8, 40703011601, 153.8505890326085)
(1, 2, 0, 8, 40703013802, 785.456932804771)
(1, 2, 0, 8, 20402011000, 183.0631105473575)
(1, 2, 0, 8, 10408013200, 693.8267143691367)
(1, 2, 0, 8, 40703012000, 335.8749597374119)
(1, 2, 0, 8, 20402012400, 238.27248481858314)
(1, 2, 0, 8, 10408013300, 863.6170191923804)
(1, 2, 0, 8, 20402011900, 191.17793776418108)
(1, 2, 0, 8, 30402011100, 699.5648128396128)
(1, 2, 0, 8, 20402012703, 115.1787948128201)
(1, 2, 0, 8, 10408014300, 717.5196079933776)
(1, 2, 0, 8, 10408013100, 373.383638975541)
(1, 2, 0, 8, 20402011200, 194.72546703201434)
(1, 2, 0, 8, 30402011203, 139.58642526975825)
(1, 2, 0, 8, 20402012602, 114.00170247801098)
(1, 2, 0, 8, 40703013801, 479.07714417695297)
(1, 2, 0, 8, 20402012701, 134.15791651286534)
(1, 2, 0, 8, 40703014103, 138.4553468616107)
(1, 2, 0, 8, 10408012500, 302.76541049605333)
(1, 2, 0, 8, 10408014200, 485.32375165533017)
(1, 2, 0, 8, 20402010400, 512.0243038613833)
(1, 2, 0, 8, 20402012000, 157.35256197008815)
(1, 2, 0, 8, 30703013500, 230.50072255875833)
(1, 2, 0, 8, 20186030205, 187.5108215877291)
(1, 2, 0, 9, 40115010700, 745.6873789988152)
(1, 2, 0, 9, 20402014000, 671.9085611647936)
(1, 2, 0, 9, 20402013700, 915.0392427505943)
(1, 2, 0, 9, 20402013900, 849.5547013532114)
(1, 2, 0, 9, 20402015500, 634.479636045507)
(1, 2, 0, 9, 20402013702, 1110.073202676992)
(1, 2, 0, 9, 40703013100, 686.1822820870168)
(1, 2, 0, 9, 40703011300, 545.3021575171275)
(1, 2, 0, 9, 20402013800, 814.2974326585895)
(2, 0, 0, 0, 20402013401, 428.2800112430616)
(2, 0, 0, 1, 20402010300, 476.01715947944064)
(2, 0, 0, 2, 30703012900, 429.376971474454)
(2, 0, 0, 3, 40703012302, 511.71634837289224)
(2, 0, 0, 4, 20402013400, 407.7462198306537)
(2, 0, 0, 5, 30703012700, 452.48279685050727)
(2, 0, 0, 6, 40403010502, 442.64691812842756)
(2, 0, 0, 7, 40703010700, 397.21414483441606)
(2, 0, 0, 8, 20402013000, 333.20253974582124)
(2, 0, 0, 9, 30703012800, 413.53702162255354)
(2, 0, 0, 10, 20402013102, 399.4462731763897)
(2, 0, 0, 11, 40703012301, 526.4805454887222)
(2, 0, 0, 12, 20402012702, 281.41582320231385)
(2, 0, 0, 13, 20402013201, 400.010554605368)
(2, 0, 0, 1, 10408011100, 339.5398057038538)
(2, 0, 0, 1, 10408012001, 225.23027725170581)
(2, 0, 0, 1, 10408011900, 193.23113059357524)
(2, 0, 0, 1, 10408012000, 232.92756275627843)
(2, 0, 0, 1, 10408011702, 360.22961593633835)
(2, 0, 0, 1, 10408011901, 190.12375770595878)
(2, 0, 0, 1, 10408011200, 374.1622488361827)
(2, 0, 0, 2, 40703011800, 729.828988023337)
(2, 0, 0, 2, 20402014400, 639.0203435023452)
(2, 0, 0, 2, 20402014600, 498.4944560954777)
(2, 0, 0, 2, 40703012200, 534.8145472547473)
(2, 0, 0, 2, 20402015300, 988.9736732442701)
(2, 0, 0, 2, 10408011000, 787.756424091879)
(2, 0, 0, 2, 40703013500, 460.38638783084536)
(2, 0, 0, 2, 20402014503, 612.4768769287839)
(2, 0, 0, 2, 20402015201, 728.1550262713683)
(2, 0, 0, 2, 10408012100, 490.93336832668234)
(2, 0, 0, 2, 40703012201, 334.8049056950225)
(2, 0, 0, 2, 40703013501, 544.8305746255211)
(2, 0, 0, 3, 40703013400, 614.9441884802327)
(2, 0, 0, 3, 10408011703, 604.0574439379463)
(2, 0, 0, 3, 10408011407, 674.6970407913009)
(2, 0, 0, 3, 40703013401, 650.7808100189042)
(2, 0, 0, 3, 40703013402, 810.8629648731518)
(2, 0, 0, 3, 20402014200, 777.1702185950301)
(2, 0, 0, 3, 10408011403, 659.0148486448414)
(2, 0, 0, 3, 10408011700, 481.13581266938286)
(2, 0, 0, 3, 20402014103, 757.3793493858996)
(2, 0, 0, 3, 10408011404, 669.6529864141319)
(2, 0, 0, 3, 20402014101, 709.2328323790684)
(2, 0, 0, 3, 10408011405, 734.5808248723963)
(2, 0, 0, 3, 20402014100, 742.6639167496967)
(2, 0, 0, 3, 10408011804, 469.67971674272314)
(2, 0, 0, 3, 10408011801, 598.7904374140445)
(2, 0, 0, 3, 10408011400, 887.5345754933236)
(2, 0, 0, 3, 20402015400, 722.978057200112)
(2, 0, 0, 4, 20187020100, 246.91849400477196)
(2, 0, 0, 4, 20402012401, 223.15852789231857)
(2, 0, 0, 4, 20402012800, 294.6793632132102)
(2, 0, 0, 4, 20402012200, 180.270079995232)
(2, 0, 0, 4, 20402012300, 179.61006195792305)
(2, 0, 0, 4, 20402012700, 284.5140775797442)
(2, 0, 0, 5, 20186030201, 613.9793852560506)
(2, 0, 0, 5, 10408011504, 465.14804006622177)
(2, 0, 0, 5, 10408011500, 503.56500838220575)
(2, 0, 0, 5, 10408011502, 403.70491121995207)
(2, 0, 0, 5, 10408011505, 543.424077757612)
(2, 0, 0, 5, 40703013803, 992.52742555636)
(2, 0, 0, 5, 10408011603, 482.5693314042339)
(2, 0, 0, 5, 10408011501, 503.50137116374526)
(2, 0, 0, 5, 40703013800, 893.8831777405088)
(2, 0, 0, 5, 20402014502, 700.674571201692)
(2, 0, 0, 5, 20186030204, 799.603544403579)
(2, 0, 0, 5, 10408011601, 516.0112108952515)
(2, 0, 0, 5, 10408011602, 465.4680850671094)
(2, 0, 0, 5, 20186030200, 685.653443321353)
(2, 0, 0, 6, 40703012600, 578.850546719395)
(2, 0, 0, 6, 20402013300, 531.9039695170832)
(2, 0, 0, 6, 40703011401, 703.3295732317582)
(2, 0, 0, 6, 40703011400, 691.39844932619)
(2, 0, 0, 6, 40703012500, 497.06937087119246)
(2, 0, 0, 6, 40703013000, 725.37871829261)
(2, 0, 0, 6, 40703012400, 450.41149655696273)
(2, 0, 0, 6, 40703011200, 611.798569118202)
(2, 0, 0, 6, 20402013500, 504.87394696219883)
(2, 0, 0, 7, 20402015301, 725.5107491159235)
(2, 0, 0, 7, 10408013500, 690.1621657418948)
(2, 0, 0, 7, 20402014501, 995.135045613214)
(2, 0, 0, 7, 10408013400, 646.0833599518868)
(2, 0, 0, 7, 10408010800, 1035.702929942893)
(2, 0, 0, 8, 20402014800, 644.4903187898487)
(2, 0, 0, 8, 20402012500, 173.45864873318197)
(2, 0, 0, 8, 30402011202, 284.62089096177993)
(2, 0, 0, 8, 20402012101, 160.862800249333)
(2, 0, 0, 8, 20402015100, 260.7214263353235)
(2, 0, 0, 8, 10408012200, 377.050153210414)
(2, 0, 0, 8, 40703012002, 683.1448214909583)
(2, 0, 0, 8, 20402011700, 166.52787849869733)
(2, 0, 0, 8, 40703011602, 239.90386414254846)
(2, 0, 0, 8, 20402010900, 229.64337611597065)
(2, 0, 0, 8, 40703011701, 305.24506741478535)
(2, 0, 0, 8, 40703012101, 297.39054109117217)
(2, 0, 0, 8, 20402011100, 186.17969563700007)
(2, 0, 0, 8, 40703012003, 613.6880260573276)
(2, 0, 0, 8, 20402011500, 175.29779256835442)
(2, 0, 0, 8, 20402015000, 251.2895844702526)
(2, 0, 0, 8, 40703011502, 259.1355822567621)
(2, 0, 0, 8, 40703011600, 244.9194801135819)
(2, 0, 0, 8, 40703014100, 293.7378488811919)
(2, 0, 0, 8, 30703013300, 257.38112302832315)
(2, 0, 0, 8, 10408012300, 349.3721026427643)
(2, 0, 0, 8, 20402011300, 186.94759424184093)
(2, 0, 0, 8, 20402010801, 233.97636812311916)
(2, 0, 0, 8, 20186030206, 569.7640374825119)
(2, 0, 0, 8, 20402010800, 239.34878059639715)
(2, 0, 0, 8, 40703011500, 290.35809071932414)
(2, 0, 0, 8, 40703014101, 301.3034976262069)
(2, 0, 0, 8, 40703014203, 281.8214344701754)
(2, 0, 0, 8, 20402011800, 167.72194396972066)
(2, 0, 0, 8, 20402011400, 182.0824194248063)
(2, 0, 0, 8, 20402011600, 163.85195627867483)
(2, 0, 0, 8, 20402014901, 283.9179881624701)
(2, 0, 0, 8, 20402012601, 211.2243802920681)
(2, 0, 0, 8, 40703012001, 727.4032781657905)
(2, 0, 0, 8, 40703011601, 243.9941579222632)
(2, 0, 0, 8, 40703013802, 918.8121343719148)
(2, 0, 0, 8, 20402011000, 204.24984743421814)
(2, 0, 0, 8, 10408013200, 625.5527615362953)
(2, 0, 0, 8, 40703012000, 554.8023652505364)
(2, 0, 0, 8, 20402012400, 204.28411650420367)
(2, 0, 0, 8, 10408013300, 595.8242814863961)
(2, 0, 0, 8, 20402011900, 162.66557462742492)
(2, 0, 0, 8, 30402011100, 495.3086824847573)
(2, 0, 0, 8, 20402012703, 211.84613118681122)
(2, 0, 0, 8, 10408014300, 556.8268011661991)
(2, 0, 0, 8, 10408013100, 371.18780694037895)
(2, 0, 0, 8, 20402011200, 186.05054679443418)
(2, 0, 0, 8, 30402011203, 282.43747067410703)
(2, 0, 0, 8, 20402012602, 217.61075434805826)
(2, 0, 0, 8, 40703013801, 639.8106092392009)
(2, 0, 0, 8, 20402012701, 227.20312208655835)
(2, 0, 0, 8, 40703014103, 266.07081681531304)
(2, 0, 0, 8, 10408012500, 309.5305636876934)
(2, 0, 0, 8, 10408014200, 526.7402783650098)
(2, 0, 0, 8, 20402010400, 392.2509765349494)
(2, 0, 0, 8, 20402012000, 163.24483004418704)
(2, 0, 0, 8, 30703013500, 251.5285682300798)
(2, 0, 0, 8, 20186030205, 399.9120628328502)
(2, 0, 0, 9, 40115010700, 736.3642401742699)
(2, 0, 0, 9, 20402014000, 787.533009707144)
(2, 0, 0, 9, 20402013700, 703.6442365516833)
(2, 0, 0, 9, 20402013900, 608.6945385979612)
(2, 0, 0, 9, 20402015500, 565.3458227379523)
(2, 0, 0, 9, 20402013702, 734.9312891450907)
(2, 0, 0, 9, 40703013100, 644.4944333685146)
(2, 0, 0, 9, 40703011300, 613.7447748198788)
(2, 0, 0, 9, 20402013800, 618.1022769084607)
(2, 1, 0, 0, 20402013401, 337.69795770156276)
(2, 1, 0, 1, 20402010300, 585.3078665304674)
(2, 1, 0, 2, 30703012900, 634.0910318668549)
(2, 1, 0, 3, 40703012302, 541.7938519258153)
(2, 1, 0, 4, 20402013400, 408.46923987591043)
(2, 1, 0, 5, 30703012700, 437.9557585823337)
(2, 1, 0, 6, 40403010502, 575.0171085422937)
(2, 1, 0, 7, 40703010700, 539.6414001514324)
(2, 1, 0, 8, 20402013000, 348.7222144518339)
(2, 1, 0, 9, 30703012800, 421.8969902501148)
(2, 1, 0, 10, 20402013102, 448.58124822575587)
(2, 1, 0, 11, 40703012301, 524.6884710961666)
(2, 1, 0, 12, 20402012702, 332.42039893203787)
(2, 1, 0, 13, 20402013201, 319.57697140418077)
(2, 1, 0, 1, 10408011100, 308.33533114999653)
(2, 1, 0, 1, 10408012001, 96.15844695586023)
(2, 1, 0, 1, 10408011900, 70.85739732088544)
(2, 1, 0, 1, 10408012000, 105.91365292197543)
(2, 1, 0, 1, 10408011702, 216.6391030850685)
(2, 1, 0, 1, 10408011901, 66.24832721531322)
(2, 1, 0, 1, 10408011200, 351.0744339797904)
(2, 1, 0, 2, 40703011800, 1013.67269169474)
(2, 1, 0, 2, 20402014400, 937.7151900798392)
(2, 1, 0, 2, 20402014600, 598.413908150099)
(2, 1, 0, 2, 40703012200, 456.4626618667458)
(2, 1, 0, 2, 20402015300, 1553.1358786878018)
(2, 1, 0, 2, 10408011000, 1071.3927959530595)
(2, 1, 0, 2, 40703013500, 353.6264883343911)
(2, 1, 0, 2, 20402014503, 908.7446163563712)
(2, 1, 0, 2, 20402015201, 1086.4067046815337)
(2, 1, 0, 2, 10408012100, 410.72422294351185)
(2, 1, 0, 2, 40703012201, 165.245874449553)
(2, 1, 0, 2, 40703013501, 746.2667444552451)
(2, 1, 0, 3, 40703013400, 270.81595781185723)
(2, 1, 0, 3, 10408011703, 930.2373777824871)
(2, 1, 0, 3, 10408011407, 420.2743154534541)
(2, 1, 0, 3, 40703013401, 299.73060633435887)
(2, 1, 0, 3, 40703013402, 1219.2216056554403)
(2, 1, 0, 3, 20402014200, 333.35674120743204)
(2, 1, 0, 3, 10408011403, 449.3417481201806)
(2, 1, 0, 3, 10408011700, 464.1218059295048)
(2, 1, 0, 3, 20402014103, 308.64981795298814)
(2, 1, 0, 3, 10408011404, 489.5489458845118)
(2, 1, 0, 3, 20402014101, 286.3368109693788)
(2, 1, 0, 3, 10408011405, 568.3963627608373)
(2, 1, 0, 3, 20402014100, 287.68178495107304)
(2, 1, 0, 3, 10408011804, 355.2665252183931)
(2, 1, 0, 3, 10408011801, 1051.6746241357478)
(2, 1, 0, 3, 10408011400, 1148.5078955153174)
(2, 1, 0, 3, 20402015400, 636.2672599836698)
(2, 1, 0, 4, 20187020100, 215.27325513466658)
(2, 1, 0, 4, 20402012401, 146.26692674580693)
(2, 1, 0, 4, 20402012800, 304.4504607430253)
(2, 1, 0, 4, 20402012200, 157.98680871028247)
(2, 1, 0, 4, 20402012300, 122.98363428264366)
(2, 1, 0, 4, 20402012700, 219.39458611426164)
(2, 1, 0, 5, 20186030201, 671.438120743959)
(2, 1, 0, 5, 10408011504, 463.69612301695804)
(2, 1, 0, 5, 10408011500, 485.762478549591)
(2, 1, 0, 5, 10408011502, 331.71923308093704)
(2, 1, 0, 5, 10408011505, 504.30892382554526)
(2, 1, 0, 5, 40703013803, 807.849659638784)
(2, 1, 0, 5, 10408011603, 513.6803700947405)
(2, 1, 0, 5, 10408011501, 528.1889892577885)
(2, 1, 0, 5, 40703013800, 795.3461813645534)
(2, 1, 0, 5, 20402014502, 849.137837646218)
(2, 1, 0, 5, 20186030204, 805.975803979379)
(2, 1, 0, 5, 10408011601, 548.0286280434418)
(2, 1, 0, 5, 10408011602, 538.9070308551576)
(2, 1, 0, 5, 20186030200, 825.4179803777824)
(2, 1, 0, 6, 40703012600, 1228.9900169973394)
(2, 1, 0, 6, 20402013300, 1078.548193302444)
(2, 1, 0, 6, 40703011401, 1102.031927936947)
(2, 1, 0, 6, 40703011400, 954.932174744652)
(2, 1, 0, 6, 40703012500, 992.0014137516413)
(2, 1, 0, 6, 40703013000, 692.6030656623063)
(2, 1, 0, 6, 40703012400, 887.2096620365256)
(2, 1, 0, 6, 40703011200, 1038.5244686682702)
(2, 1, 0, 6, 20402013500, 797.5102482591217)
(2, 1, 0, 7, 20402015301, 991.1553797667972)
(2, 1, 0, 7, 10408013500, 1060.7291655818053)
(2, 1, 0, 7, 20402014501, 1673.9019526964344)
(2, 1, 0, 7, 10408013400, 1000.2859525186623)
(2, 1, 0, 7, 10408010800, 954.5683334273857)
(2, 1, 0, 8, 20402014800, 502.2530828773112)
(2, 1, 0, 8, 20402012500, 145.39877075584056)
(2, 1, 0, 8, 30402011202, 118.92433632211794)
(2, 1, 0, 8, 20402012101, 66.57506598612201)
(2, 1, 0, 8, 20402015100, 229.72353143380832)
(2, 1, 0, 8, 10408012200, 491.38493809939985)
(2, 1, 0, 8, 40703012002, 1005.0648172868193)
(2, 1, 0, 8, 20402011700, 77.39673796826486)
(2, 1, 0, 8, 40703011602, 118.232056206177)
(2, 1, 0, 8, 20402010900, 174.38780694877437)
(2, 1, 0, 8, 40703011701, 230.26834050418066)
(2, 1, 0, 8, 40703012101, 376.22056757210305)
(2, 1, 0, 8, 20402011100, 119.92066958968013)
(2, 1, 0, 8, 40703012003, 898.9470932446575)
(2, 1, 0, 8, 20402011500, 160.681926071095)
(2, 1, 0, 8, 20402015000, 110.54945192927242)
(2, 1, 0, 8, 40703011502, 139.88091984975966)
(2, 1, 0, 8, 40703011600, 118.05127555278975)
(2, 1, 0, 8, 40703014100, 329.9129890767826)
(2, 1, 0, 8, 30703013300, 245.77630538800867)
(2, 1, 0, 8, 10408012300, 302.8138613088778)
(2, 1, 0, 8, 20402011300, 130.24473165342448)
(2, 1, 0, 8, 20402010801, 107.64102887393281)
(2, 1, 0, 8, 20186030206, 543.2077420443801)
(2, 1, 0, 8, 20402010800, 210.67040757278323)
(2, 1, 0, 8, 40703011500, 326.7516169182639)
(2, 1, 0, 8, 40703014101, 399.5222270705302)
(2, 1, 0, 8, 40703014203, 382.21822584208087)
(2, 1, 0, 8, 20402011800, 74.18270507281935)
(2, 1, 0, 8, 20402011400, 126.46583636706274)
(2, 1, 0, 8, 20402011600, 107.49991419999682)
(2, 1, 0, 8, 20402014901, 93.9754185572772)
(2, 1, 0, 8, 20402012601, 89.61142798054496)
(2, 1, 0, 8, 40703012001, 925.6617400463931)
(2, 1, 0, 8, 40703011601, 120.90441617142412)
(2, 1, 0, 8, 40703013802, 678.6329545125296)
(2, 1, 0, 8, 20402011000, 141.71694934913427)
(2, 1, 0, 8, 10408013200, 551.696805129613)
(2, 1, 0, 8, 40703012000, 284.6910101703345)
(2, 1, 0, 8, 20402012400, 185.79478236653685)
(2, 1, 0, 8, 10408013300, 684.791298838855)
(2, 1, 0, 8, 20402011900, 146.79627661509636)
(2, 1, 0, 8, 30402011100, 546.4409964717292)
(2, 1, 0, 8, 20402012703, 89.38932259973858)
(2, 1, 0, 8, 10408014300, 559.9593095991836)
(2, 1, 0, 8, 10408013100, 292.26252502232467)
(2, 1, 0, 8, 20402011200, 150.6624797939477)
(2, 1, 0, 8, 30402011203, 112.93643947353792)
(2, 1, 0, 8, 20402012602, 92.94033248293886)
(2, 1, 0, 8, 40703013801, 402.49546122394963)
(2, 1, 0, 8, 20402012701, 103.05175821763132)
(2, 1, 0, 8, 40703014103, 110.71437994779983)
(2, 1, 0, 8, 10408012500, 236.54534460733157)
(2, 1, 0, 8, 10408014200, 384.0591704921955)
(2, 1, 0, 8, 20402010400, 399.11536124270935)
(2, 1, 0, 8, 20402012000, 121.08043933519701)
(2, 1, 0, 8, 30703013500, 180.13670552252069)
(2, 1, 0, 8, 20186030205, 142.14771918414243)
(2, 1, 0, 9, 40115010700, 595.8740855942509)
(2, 1, 0, 9, 20402014000, 613.3240691959846)
(2, 1, 0, 9, 20402013700, 741.0354212486674)
(2, 1, 0, 9, 20402013900, 675.1189757085612)
(2, 1, 0, 9, 20402015500, 500.1035428975791)
(2, 1, 0, 9, 20402013702, 888.1374734747014)
(2, 1, 0, 9, 40703013100, 539.4043498417851)
(2, 1, 0, 9, 40703011300, 471.27988199238547)
(2, 1, 0, 9, 20402013800, 656.5181103166657)
(2, 2, 0, 0, 20402013401, 451.4562596275039)
(2, 2, 0, 1, 20402010300, 746.0068950599872)
(2, 2, 0, 2, 30703012900, 966.346008892356)
(2, 2, 0, 3, 40703012302, 663.2513284291349)
(2, 2, 0, 4, 20402013400, 525.9078906947994)
(2, 2, 0, 5, 30703012700, 555.5548063694127)
(2, 2, 0, 6, 40403010502, 720.9742191466955)
(2, 2, 0, 7, 40703010700, 725.604261391583)
(2, 2, 0, 8, 20402013000, 767.284730887406)
(2, 2, 0, 9, 30703012800, 624.5303216175541)
(2, 2, 0, 10, 20402013102, 634.1853428126167)
(2, 2, 0, 11, 40703012301, 697.8156062427299)
(2, 2, 0, 12, 20402012702, 420.5778987643022)
(2, 2, 0, 13, 20402013201, 511.3079399227979)
(2, 2, 0, 1, 10408011100, 384.22689771367186)
(2, 2, 0, 1, 10408012001, 96.44579977262147)
(2, 2, 0, 1, 10408011900, 75.24541615270616)
(2, 2, 0, 1, 10408012000, 112.03212340772203)
(2, 2, 0, 1, 10408011702, 227.65314188714893)
(2, 2, 0, 1, 10408011901, 65.79014390940482)
(2, 2, 0, 1, 10408011200, 406.00495010071285)
(2, 2, 0, 2, 40703011800, 1328.9088698201545)
(2, 2, 0, 2, 20402014400, 1132.9878225426953)
(2, 2, 0, 2, 20402014600, 788.7579756433616)
(2, 2, 0, 2, 40703012200, 565.2309131005392)
(2, 2, 0, 2, 20402015300, 1899.7356233603905)
(2, 2, 0, 2, 10408011000, 1366.1697214342116)
(2, 2, 0, 2, 40703013500, 460.4803423704427)
(2, 2, 0, 2, 20402014503, 1100.7369171915368)
(2, 2, 0, 2, 20402015201, 1065.4743780270521)
(2, 2, 0, 2, 10408012100, 544.7369128689588)
(2, 2, 0, 2, 40703012201, 170.75030669831975)
(2, 2, 0, 2, 40703013501, 1043.340156184429)
(2, 2, 0, 3, 40703013400, 401.6344310053574)
(2, 2, 0, 3, 10408011703, 1214.8852823611414)
(2, 2, 0, 3, 10408011407, 555.5797081439226)
(2, 2, 0, 3, 40703013401, 404.6047665749795)
(2, 2, 0, 3, 40703013402, 1593.5345262330445)
(2, 2, 0, 3, 20402014200, 464.5970725948125)
(2, 2, 0, 3, 10408011403, 590.6665215861226)
(2, 2, 0, 3, 10408011700, 547.2515398703936)
(2, 2, 0, 3, 20402014103, 391.97479648671265)
(2, 2, 0, 3, 10408011404, 709.6814487316418)
(2, 2, 0, 3, 20402014101, 409.6626156766929)
(2, 2, 0, 3, 10408011405, 743.0914522250777)
(2, 2, 0, 3, 20402014100, 395.6005113351926)
(2, 2, 0, 3, 10408011804, 388.6674092161697)
(2, 2, 0, 3, 10408011801, 1207.8918385686795)
(2, 2, 0, 3, 10408011400, 1472.8715147446737)
(2, 2, 0, 3, 20402015400, 793.903145509301)
(2, 2, 0, 4, 20187020100, 269.43459043602)
(2, 2, 0, 4, 20402012401, 111.78865625519958)
(2, 2, 0, 4, 20402012800, 382.80726752904417)
(2, 2, 0, 4, 20402012200, 188.77543607705937)
(2, 2, 0, 4, 20402012300, 98.54830112888855)
(2, 2, 0, 4, 20402012700, 176.04809610595598)
(2, 2, 0, 5, 20186030201, 875.4783518071887)
(2, 2, 0, 5, 10408011504, 588.506006249448)
(2, 2, 0, 5, 10408011500, 721.7928801799158)
(2, 2, 0, 5, 10408011502, 496.23973117236636)
(2, 2, 0, 5, 10408011505, 654.0923470576469)
(2, 2, 0, 5, 40703013803, 903.8397810170908)
(2, 2, 0, 5, 10408011603, 633.782968388293)
(2, 2, 0, 5, 10408011501, 791.418595475256)
(2, 2, 0, 5, 40703013800, 975.8760805175334)
(2, 2, 0, 5, 20402014502, 1100.5955700969748)
(2, 2, 0, 5, 20186030204, 1025.6001091976473)
(2, 2, 0, 5, 10408011601, 780.5954353610238)
(2, 2, 0, 5, 10408011602, 800.7709355047335)
(2, 2, 0, 5, 20186030200, 1092.2582791632356)
(2, 2, 0, 6, 40703012600, 1485.4820111024198)
(2, 2, 0, 6, 20402013300, 1337.2907903001676)
(2, 2, 0, 6, 40703011401, 1438.1482210508145)
(2, 2, 0, 6, 40703011400, 1207.832749613066)
(2, 2, 0, 6, 40703012500, 1187.2795990852192)
(2, 2, 0, 6, 40703013000, 765.8663887189168)
(2, 2, 0, 6, 40703012400, 1023.6352800431027)
(2, 2, 0, 6, 40703011200, 1291.2790141209216)
(2, 2, 0, 6, 20402013500, 991.9472091228092)
(2, 2, 0, 7, 20402015301, 1081.153781614283)
(2, 2, 0, 7, 10408013500, 1208.39770538486)
(2, 2, 0, 7, 20402014501, 2141.8908129775696)
(2, 2, 0, 7, 10408013400, 1199.0302085822445)
(2, 2, 0, 7, 10408010800, 1307.6044968267863)
(2, 2, 0, 8, 20402014800, 618.347701421187)
(2, 2, 0, 8, 20402012500, 172.12365108984943)
(2, 2, 0, 8, 30402011202, 117.6039686160488)
(2, 2, 0, 8, 20402012101, 67.87323517937185)
(2, 2, 0, 8, 20402015100, 284.6728810649013)
(2, 2, 0, 8, 10408012200, 638.8266992572625)
(2, 2, 0, 8, 40703012002, 1330.01226305918)
(2, 2, 0, 8, 20402011700, 77.43411869909629)
(2, 2, 0, 8, 40703011602, 118.02522322292485)
(2, 2, 0, 8, 20402010900, 209.42095381126683)
(2, 2, 0, 8, 40703011701, 272.44760928217005)
(2, 2, 0, 8, 40703012101, 471.29982956239115)
(2, 2, 0, 8, 20402011100, 138.9021662944849)
(2, 2, 0, 8, 40703012003, 1143.5537374674182)
(2, 2, 0, 8, 20402011500, 197.79604020273626)
(2, 2, 0, 8, 20402015000, 110.4268539767913)
(2, 2, 0, 8, 40703011502, 144.37504879911333)
(2, 2, 0, 8, 40703011600, 118.43551616834645)
(2, 2, 0, 8, 40703014100, 425.5587412217565)
(2, 2, 0, 8, 30703013300, 304.7591954132067)
(2, 2, 0, 8, 10408012300, 379.63394980530364)
(2, 2, 0, 8, 20402011300, 156.7035628534635)
(2, 2, 0, 8, 20402010801, 108.84757223200025)
(2, 2, 0, 8, 20186030206, 681.032932464249)
(2, 2, 0, 8, 20402010800, 256.67918613687726)
(2, 2, 0, 8, 40703011500, 412.83095408037923)
(2, 2, 0, 8, 40703014101, 527.1263177307511)
(2, 2, 0, 8, 40703014203, 499.0769536804322)
(2, 2, 0, 8, 20402011800, 74.21727039194005)
(2, 2, 0, 8, 20402011400, 151.1013382591515)
(2, 2, 0, 8, 20402011600, 125.8188474827286)
(2, 2, 0, 8, 20402014901, 89.7801550515802)
(2, 2, 0, 8, 20402012601, 88.98329291552876)
(2, 2, 0, 8, 40703012001, 1193.388305641286)
(2, 2, 0, 8, 40703011601, 124.54542532721007)
(2, 2, 0, 8, 40703013802, 748.301511455761)
(2, 2, 0, 8, 20402011000, 168.94111515756939)
(2, 2, 0, 8, 10408013200, 685.2613227964727)
(2, 2, 0, 8, 40703012000, 318.83576509896864)
(2, 2, 0, 8, 20402012400, 227.7246194224065)
(2, 2, 0, 8, 10408013300, 858.9974745465264)
(2, 2, 0, 8, 20402011900, 181.22568889225573)
(2, 2, 0, 8, 30402011100, 697.579604592702)
(2, 2, 0, 8, 20402012703, 92.3169313031644)
(2, 2, 0, 8, 10408014300, 711.4117420547274)
(2, 2, 0, 8, 10408013100, 365.5537665252384)
(2, 2, 0, 8, 20402011200, 183.07745640893157)
(2, 2, 0, 8, 30402011203, 111.0934929981294)
(2, 2, 0, 8, 20402012602, 94.83208071327383)
(2, 2, 0, 8, 40703013801, 450.7826822890972)
(2, 2, 0, 8, 20402012701, 101.73734663445653)
(2, 2, 0, 8, 40703014103, 108.40332041776026)
(2, 2, 0, 8, 10408012500, 284.9202568015175)
(2, 2, 0, 8, 10408014200, 477.5283914192632)
(2, 2, 0, 8, 20402010400, 494.81927294851994)
(2, 2, 0, 8, 20402012000, 146.9730359579969)
(2, 2, 0, 8, 30703013500, 209.95041627203094)
(2, 2, 0, 8, 20186030205, 175.63715423910384)
(2, 2, 0, 9, 40115010700, 736.2094325249742)
(2, 2, 0, 9, 20402014000, 640.318663607253)
(2, 2, 0, 9, 20402013700, 900.6656151560171)
(2, 2, 0, 9, 20402013900, 834.6384862888734)
(2, 2, 0, 9, 20402015500, 629.092551181946)
(2, 2, 0, 9, 20402013702, 1097.819610937086)
(2, 2, 0, 9, 40703013100, 677.2416174759695)
(2, 2, 0, 9, 40703011300, 518.2485483666813)
(2, 2, 0, 9, 20402013800, 800.1904355882536)
