(0, 0, 0, 0, 0.20712482809298632)
(0, 0, 0, 1, 0.3220602696544737)
(0, 0, 0, 2, 0.18030359910613272)
(0, 0, 0, 3, 0.1736667159437452)
(0, 0, 0, 4, 0.2951387412401961)
(0, 0, 0, 5, 0.16533158991845476)
(0, 0, 0, 6, 0.4567613057576627)
(0, 0, 0, 7, 0.291638031865304)
(0, 0, 0, 8, 0.23925121386035628)
(0, 0, 0, 9, 0.19665464416525946)
(0, 0, 0, 10, 0.2500027890551949)
(0, 0, 0, 11, 0.3152253733018059)
(0, 0, 0, 12, 0.19969900816759015)
(0, 0, 0, 13, 0.242132059326487)
(0, 0, 0, 14, 0.3187294222542811)
(0, 0, 0, 15, 0.29607408510403305)
(0, 0, 0, 16, 0.2624861322389614)
(0, 0, 0, 17, 0.2333059688564646)
(0, 0, 0, 18, 0.2651073941808597)
(0, 0, 0, 19, 0.2106552898945042)
(0, 0, 0, 20, 0.2408345257196317)
(0, 0, 0, 21, 0.21247153966774945)
(0, 0, 0, 22, 0.27447469147537906)
(0, 0, 0, 23, 0.2298946801727661)
(0, 0, 0, 24, 0.20338734762324398)
(0, 0, 0, 25, 0.18580025331885847)
(0, 0, 0, 26, 0.21709379729983752)
(0, 0, 0, 27, 0.30937345990317244)
(0, 0, 0, 28, 0.28251301725072636)
(0, 0, 0, 29, 0.2554530383010183)
(0, 0, 0, 30, 0.25918878714319765)
(0, 0, 0, 31, 0.25929226485420437)
(0, 0, 0, 32, 0.4240183536929705)
(0, 0, 0, 33, 0.32949066492562906)
(0, 0, 0, 34, 0.3032738477538398)
(0, 0, 0, 35, 0.16491669042494153)
(0, 0, 0, 36, 0.33595848021781793)
(0, 0, 0, 37, 0.2154655941220699)
(0, 0, 0, 38, 0.1800809549388962)
(0, 0, 0, 39, 0.2103258953333627)
(0, 0, 0, 40, 0.2780172740254781)
(0, 0, 0, 41, 0.24030561005245457)
(0, 0, 0, 42, 0.29224449642476785)
(0, 0, 0, 43, 0.419565013242624)
(0, 0, 0, 44, 0.3170947728510892)
(0, 0, 0, 45, 0.3031155842286789)
(0, 0, 0, 46, 0.18348064204751144)
(0, 0, 0, 47, 0.2560262010478371)
(0, 0, 0, 48, 0.29408611242311744)
(0, 0, 0, 49, 0.21735140526724905)
(0, 0, 0, 50, 0.30700691384964124)
(0, 0, 0, 51, 0.20767601555602377)
(0, 0, 0, 52, 0.24407303060331326)
(0, 0, 0, 53, 0.24856024988082728)
(0, 0, 0, 54, 0.20309734920129666)
(0, 0, 0, 55, 0.26225687247245055)
(0, 0, 0, 56, 0.2270818738173201)
(0, 0, 0, 57, 0.2739675745541282)
(0, 0, 0, 58, 0.2732941127859308)
(0, 0, 0, 59, 0.2617657987246549)
(0, 0, 0, 60, 0.310892675622259)
(0, 0, 0, 61, 0.30772488654192076)
(0, 0, 0, 62, 0.22972485578427773)
(0, 0, 0, 63, 0.24526275701886172)
(0, 0, 0, 64, 0.21925349875084207)
(0, 0, 0, 65, 0.37464686916738943)
(0, 0, 0, 66, 0.4606621299802576)
(0, 0, 0, 67, 0.26120599534947975)
(0, 0, 0, 68, 0.24777252448127568)
(0, 0, 0, 69, 0.223884950599635)
(0, 0, 0, 70, 0.2273150993457841)
(0, 0, 0, 71, 0.3744110971451886)
(0, 0, 0, 72, 0.25893386616811664)
(0, 0, 0, 73, 0.2915888185646909)
(0, 0, 0, 74, 0.2195227049312416)
(0, 0, 0, 75, 0.20290787222216777)
(0, 0, 0, 76, 0.27649680325560927)
(0, 0, 0, 77, 0.1863900964133125)
(0, 0, 0, 78, 0.29651383758953015)
(0, 0, 0, 79, 0.2099914904008897)
(0, 0, 0, 80, 0.2861011017238364)
(0, 0, 0, 81, 0.16964810386132123)
(0, 0, 0, 82, 0.24453118985325412)
(0, 0, 0, 83, 0.22669862717862835)
(0, 0, 0, 84, 0.2994622380806802)
(0, 0, 0, 85, 0.24310479798158147)
(0, 0, 0, 86, 0.26373338970313775)
(0, 0, 0, 87, 0.2731304974710503)
(0, 0, 0, 88, 0.24461735295996928)
(0, 0, 0, 89, 0.32057782168617865)
(0, 0, 0, 90, 0.2125247896092497)
(0, 0, 0, 91, 0.2645117078033656)
(0, 0, 0, 92, 0.24504343199538806)
(0, 0, 0, 93, 0.21294267903616362)
(0, 0, 0, 94, 0.18277505871766223)
(0, 0, 0, 95, 0.22431990217070505)
(0, 0, 0, 96, 0.2771186101799334)
(0, 0, 0, 97, 0.21477726594769378)
(0, 0, 0, 98, 0.2463262012401192)
(0, 0, 0, 99, 0.35802525277906266)
(0, 0, 0, 100, 0.2691072487523743)
(0, 0, 0, 101, 0.401721817366339)
(0, 0, 0, 102, 0.3147457019085014)
(0, 0, 0, 103, 0.2333137193622983)
(0, 0, 0, 104, 0.17760258117594888)
(0, 0, 0, 105, 0.2644564746914767)
(0, 0, 0, 106, 0.22054438248809108)
(0, 0, 0, 107, 0.18815507405123713)
(0, 0, 0, 108, 0.3455279336594344)
(0, 0, 0, 109, 0.2793710375453306)
(0, 0, 0, 110, 0.20088644547431608)
(0, 0, 0, 111, 0.24851070911767892)
(0, 0, 0, 112, 0.48226930652845423)
(0, 0, 0, 113, 0.2292441532397984)
(0, 0, 0, 114, 0.2332424877172641)
(0, 0, 0, 115, 0.27799807533954024)
(0, 0, 0, 116, 0.16967911952406184)
(0, 0, 0, 117, 0.2398392999006136)
(0, 0, 0, 118, 0.3668616019224492)
(0, 0, 0, 119, 0.27862645928681434)
(0, 0, 0, 120, 0.18983318820505815)
(0, 0, 0, 121, 0.33432526746103314)
(0, 0, 0, 122, 0.27626949450834365)
(0, 0, 0, 123, 0.19505151115606278)
(0, 0, 0, 124, 0.2990971090316653)
(0, 0, 0, 125, 0.24985423546948415)
(0, 0, 0, 126, 0.28455478180229377)
(0, 0, 0, 127, 0.23806774497015146)
(0, 0, 0, 128, 0.17498296808122324)
(0, 0, 0, 129, 0.27387557373672494)
(0, 0, 0, 130, 0.1893243798012688)
(0, 0, 0, 131, 0.25246549186922684)
(0, 0, 0, 132, 0.19781336097122545)
(0, 0, 0, 133, 0.22654481608906854)
(0, 0, 0, 134, 0.2720479596662016)
(0, 0, 0, 135, 0.2739164558384517)
(0, 0, 0, 136, 0.21833235519679023)
(0, 0, 0, 137, 0.39731182285858)
(0, 0, 0, 138, 0.22714582466303426)
(0, 0, 0, 139, 0.24493260988899626)
(0, 0, 0, 140, 0.18513791991459735)
(0, 0, 0, 141, 0.17991925511525103)
(0, 0, 0, 142, 0.36320561061458995)
(0, 0, 0, 143, 0.2515144900520946)
(0, 0, 0, 144, 0.23640421155433766)
(0, 0, 0, 145, 0.3884654139531476)
(0, 0, 0, 146, 0.31719998011314077)
(0, 0, 0, 147, 0.2929550097614038)
(0, 0, 0, 148, 0.1864872694187019)
(0, 0, 0, 149, 0.2234869032017067)
(0, 0, 0, 150, 0.17140271470353)
(0, 0, 0, 151, 0.26558991666278753)
(0, 0, 0, 152, 0.34529539681982485)
(0, 0, 0, 153, 0.26393832126583633)
(0, 0, 0, 154, 0.21855004574238557)
(0, 0, 0, 155, 0.2459727047748023)
(0, 0, 0, 156, 0.2673565855976003)
(0, 0, 0, 157, 0.2082479449153655)
(0, 0, 0, 158, 0.2564075970501009)
(0, 0, 0, 159, 0.3452512792590973)
(0, 0, 0, 160, 0.27790469469548074)
(0, 0, 0, 161, 0.19117802627462196)
(0, 0, 0, 162, 0.228200449548688)
(0, 0, 0, 163, 0.18559986367354994)
(0, 0, 0, 164, 0.22723292919485458)
(0, 0, 0, 165, 0.22017713908540623)
(0, 0, 0, 166, 0.2547851169551568)
(0, 0, 0, 167, 0.25304407828899084)
(0, 0, 0, 168, 0.3202646109942397)
(0, 0, 0, 169, 0.329471211088374)
(0, 0, 0, 170, 0.26013843412317694)
(0, 0, 0, 171, 0.338720276703528)
(0, 0, 0, 172, 0.22858831186382356)
(0, 0, 0, 173, 0.3656667791420147)
(0, 0, 0, 174, 0.17250956068515133)
(0, 0, 0, 175, 0.2023893522234211)
(0, 0, 0, 176, 0.19098333833517617)
(0, 0, 0, 177, 0.3063693025384858)
(0, 0, 0, 178, 0.2513179005365555)
(0, 0, 0, 179, 0.26380487424265725)
(0, 0, 0, 180, 0.3216588119788777)
(0, 0, 0, 181, 0.2297911570548861)
(0, 0, 0, 182, 0.2106350461393162)
(0, 0, 0, 183, 0.22621343179168346)
(0, 0, 0, 184, 0.28366424805936175)
(0, 0, 0, 185, 0.22554711150771167)
(0, 0, 0, 186, 0.265908097505088)
(0, 0, 0, 187, 0.2199593990278972)
(0, 0, 0, 188, 0.181909660564278)
(0, 0, 0, 189, 0.18455811623089832)
(0, 0, 0, 190, 0.19775099603378185)
(0, 0, 0, 191, 0.15543147427467727)
(0, 0, 0, 192, 0.3438316929180892)
(0, 0, 0, 193, 0.1817235136365039)
(0, 0, 0, 194, 0.1925440182909308)
(0, 0, 0, 195, 0.2526398860922158)
(0, 0, 0, 196, 0.21785283345840073)
(0, 0, 0, 197, 0.33431468166954575)
(0, 0, 0, 198, 0.25986658412022434)
(0, 0, 0, 199, 0.19818835911340502)
(0, 0, 0, 200, 0.265586309282691)
(0, 0, 0, 201, 0.28617808934336225)
(0, 0, 0, 202, 0.28801840456175876)
(0, 0, 0, 203, 0.367087491525731)
(0, 0, 0, 204, 0.2587806175670376)
(0, 0, 0, 205, 0.23629109093708595)
(0, 0, 0, 206, 0.3018109175066539)
(0, 0, 0, 207, 0.21421039776166179)
(0, 0, 0, 208, 0.18119895312688625)
(0, 0, 0, 209, 0.2310785270456446)
(0, 0, 0, 210, 0.16248693698777736)
(0, 0, 0, 211, 0.2416188391952728)
(0, 0, 0, 212, 0.460100673387578)
(0, 0, 0, 213, 0.3102569454226961)
(0, 0, 0, 214, 0.2888708426385195)
(0, 0, 0, 215, 0.22504595900437668)
(0, 0, 0, 216, 0.20245238822571002)
(0, 0, 0, 217, 0.1720917060770442)
(0, 0, 0, 218, 0.21317122219943205)
(0, 0, 0, 219, 0.2594493247000571)
(0, 0, 0, 220, 0.19107617947509647)
(0, 0, 0, 221, 0.2875558813869466)
(0, 0, 0, 222, 0.2927140736586852)
(0, 0, 0, 223, 0.21415449862147673)
(0, 0, 0, 224, 0.28210520109578124)
(0, 0, 0, 225, 0.26914070580438526)
(0, 0, 0, 226, 0.23736784599157726)
(0, 0, 0, 227, 0.1758281819843037)
(0, 0, 0, 228, 0.2346413937039894)
(0, 0, 0, 229, 0.21648474933658798)
(0, 0, 0, 230, 0.3934720495634213)
(0, 0, 0, 231, 0.24486091223200254)
(0, 0, 0, 232, 0.19900380695105582)
(0, 0, 0, 233, 0.29913343987408963)
(0, 0, 0, 234, 0.22147133202233785)
(0, 0, 0, 235, 0.23700347332407606)
(0, 0, 0, 236, 0.24247739581033914)
(0, 0, 0, 237, 0.24700401370838398)
(0, 0, 0, 238, 0.1828954465207641)
(0, 0, 0, 239, 0.23448848610717324)
(0, 0, 0, 240, 0.20276579588746774)
(0, 0, 0, 241, 0.22447509176498245)
(0, 0, 0, 242, 0.21842377994414042)
(0, 0, 0, 243, 0.24291588203536704)
(0, 0, 0, 244, 0.2112205107942874)
(0, 0, 0, 245, 0.22342587794260205)
(0, 0, 0, 246, 0.28009881643731205)
(0, 0, 0, 247, 0.292719563770375)
(0, 0, 0, 248, 0.20677302219268098)
(0, 0, 0, 249, 0.24237943184269023)
(0, 0, 1, 0, 0.27603302737347296)
(0, 0, 1, 1, 0.30066523727966393)
(0, 0, 1, 2, 0.2903506522875657)
(0, 0, 1, 3, 0.33911402872573937)
(0, 0, 1, 4, 0.3277355299780439)
(0, 0, 1, 5, 0.33448865433994335)
(0, 0, 1, 6, 0.309131250914719)
(0, 0, 1, 7, 0.5272187323535709)
(0, 0, 1, 8, 0.29369353358523514)
(0, 0, 1, 9, 0.31502708438129945)
(0, 0, 1, 10, 0.33467493297048423)
(0, 0, 1, 11, 0.344405306592936)
(0, 0, 1, 12, 0.2856540803186175)
(0, 0, 1, 13, 0.29579306728077637)
(0, 0, 1, 14, 0.29863044807707273)
(0, 0, 1, 15, 0.44634286846956733)
(0, 0, 1, 16, 0.3924743503886384)
(0, 0, 1, 17, 0.36617851400642426)
(0, 0, 1, 18, 0.4046029937589862)
(0, 0, 1, 19, 0.3693262629432173)
(0, 0, 1, 20, 0.4278506473181998)
(0, 0, 1, 21, 0.27384394623288766)
(0, 0, 1, 22, 0.3630351351821997)
(0, 0, 1, 23, 0.32242243371633467)
(0, 0, 1, 24, 0.3904561348290597)
(0, 0, 1, 25, 0.4372076125304547)
(0, 0, 1, 26, 0.5852059329963907)
(0, 0, 1, 27, 0.3561068373616752)
(0, 0, 1, 28, 0.3154335153358957)
(0, 0, 1, 29, 0.48380865147869917)
(0, 0, 1, 30, 0.37698359267556986)
(0, 0, 1, 31, 0.27853253385228116)
(0, 0, 1, 32, 0.4946640607299581)
(0, 0, 1, 33, 0.6993598413731673)
(0, 0, 1, 34, 0.27960509805487854)
(0, 0, 1, 35, 0.29880537055824774)
(0, 0, 1, 36, 0.436376348965862)
(0, 0, 1, 37, 0.3097210617155492)
(0, 0, 1, 38, 0.5578257908801206)
(0, 0, 1, 39, 0.2913326925462129)
(0, 0, 1, 40, 0.42437138778695854)
(0, 0, 1, 41, 0.4375298089728525)
(0, 0, 1, 42, 0.4197586997799617)
(0, 0, 1, 43, 0.33559033111376974)
(0, 0, 1, 44, 0.5340655178569492)
(0, 0, 1, 45, 0.5763800784006243)
(0, 0, 1, 46, 0.31844031659142424)
(0, 0, 1, 47, 0.3443996032717252)
(0, 0, 1, 48, 0.27777215721929804)
(0, 0, 1, 49, 0.24512989757221126)
(0, 0, 1, 50, 0.29894728357656175)
(0, 0, 1, 51, 0.3393080045960037)
(0, 0, 1, 52, 0.5032005529326458)
(0, 0, 1, 53, 0.6885940774172332)
(0, 0, 1, 54, 0.34426519784151016)
(0, 0, 1, 55, 0.32544970254534333)
(0, 0, 1, 56, 0.43792431134845655)
(0, 0, 1, 57, 0.34717637874427204)
(0, 0, 1, 58, 0.27316160961391284)
(0, 0, 1, 59, 0.39584599805699827)
(0, 0, 1, 60, 0.34594941439071025)
(0, 0, 1, 61, 0.316663089480638)
(0, 0, 1, 62, 0.415772506033332)
(0, 0, 1, 63, 0.35913891662897357)
(0, 0, 1, 64, 0.47739518245504703)
(0, 0, 1, 65, 0.3072717089350278)
(0, 0, 1, 66, 0.31296197673095577)
(0, 0, 1, 67, 0.41599663726337194)
(0, 0, 1, 68, 0.32327392335081134)
(0, 0, 1, 69, 0.3632733183614399)
(0, 0, 1, 70, 0.32472885285379893)
(0, 0, 1, 71, 0.3951397781236793)
(0, 0, 1, 72, 0.32284410121325885)
(0, 0, 1, 73, 0.3394475974488377)
(0, 0, 1, 74, 0.27694362099140607)
(0, 0, 1, 75, 0.2927499236640286)
(0, 0, 1, 76, 0.29142955775727647)
(0, 0, 1, 77, 0.30041693981546275)
(0, 0, 1, 78, 0.32098435101883754)
(0, 0, 1, 79, 0.4762435175555308)
(0, 0, 1, 80, 0.3132331879693003)
(0, 0, 1, 81, 0.4734762537965394)
(0, 0, 1, 82, 0.28298543846997865)
(0, 0, 1, 83, 0.3512924778801597)
(0, 0, 1, 84, 0.5834263566939922)
(0, 0, 1, 85, 0.32939134566380185)
(0, 0, 1, 86, 0.3067975893527439)
(0, 0, 1, 87, 0.458410914807369)
(0, 0, 1, 88, 0.3961334162692555)
(0, 0, 1, 89, 0.287487031627463)
(0, 0, 1, 90, 0.41539623894983335)
(0, 0, 1, 91, 0.31632417080171876)
(0, 0, 1, 92, 0.2735564450950087)
(0, 0, 1, 93, 0.2830326986514539)
(0, 0, 1, 94, 0.3945358353547221)
(0, 0, 1, 95, 0.5749020641911355)
(0, 0, 1, 96, 0.35094209240632795)
(0, 0, 1, 97, 0.2887991106902776)
(0, 0, 1, 98, 0.48998712126570393)
(0, 0, 1, 99, 0.35872076302400024)
(0, 0, 1, 100, 0.4202920376460071)
(0, 0, 1, 101, 0.3238618443192329)
(0, 0, 1, 102, 0.2932658137084492)
(0, 0, 1, 103, 0.32189766709008166)
(0, 0, 1, 104, 0.2956204243077523)
(0, 0, 1, 105, 0.5230170371038162)
(0, 0, 1, 106, 0.3752597348301516)
(0, 0, 1, 107, 0.2930658514511484)
(0, 0, 1, 108, 0.3144183343071803)
(0, 0, 1, 109, 0.3714310008221728)
(0, 0, 1, 110, 0.5416748022888483)
(0, 0, 1, 111, 0.7522528726614732)
(0, 0, 1, 112, 0.3274562011883316)
(0, 0, 1, 113, 0.2932777032162147)
(0, 0, 1, 114, 0.48914602424803766)
(0, 0, 1, 115, 0.30813149616049856)
(0, 0, 1, 116, 0.334314496455555)
(0, 0, 1, 117, 0.2685633953840574)
(0, 0, 1, 118, 0.3280918850509356)
(0, 0, 1, 119, 0.41536931903913277)
(0, 0, 1, 120, 0.32898804026806555)
(0, 0, 1, 121, 0.529297594194693)
(0, 0, 1, 122, 0.4246299157969009)
(0, 0, 1, 123, 0.32228442616103326)
(0, 0, 1, 124, 0.4079798799218525)
(0, 0, 1, 125, 0.3260404383027805)
(0, 0, 1, 126, 0.4213165942493235)
(0, 0, 1, 127, 0.31185479384985304)
(0, 0, 1, 128, 0.31768998206556076)
(0, 0, 1, 129, 0.3529631064707705)
(0, 0, 1, 130, 0.3117893869737336)
(0, 0, 1, 131, 0.5949321090244821)
(0, 0, 1, 132, 0.4134506990825348)
(0, 0, 1, 133, 0.3419400540119873)
(0, 0, 1, 134, 0.3098170926184292)
(0, 0, 1, 135, 0.35598333137278354)
(0, 0, 1, 136, 0.3317470798352288)
(0, 0, 1, 137, 0.48665582066394114)
(0, 0, 1, 138, 0.3462782248958706)
(0, 0, 1, 139, 0.2926970670757402)
(0, 0, 1, 140, 0.4042833577572509)
(0, 0, 1, 141, 0.2934370952108853)
(0, 0, 1, 142, 0.31972828960552724)
(0, 0, 1, 143, 0.3141226033880648)
(0, 0, 1, 144, 0.28757490673292896)
(0, 0, 1, 145, 0.3262158805715629)
(0, 0, 1, 146, 0.35834867539591625)
(0, 0, 1, 147, 0.4335396474073186)
(0, 0, 1, 148, 0.3995180466952911)
(0, 0, 1, 149, 0.29671475783386536)
(0, 0, 1, 150, 0.46493338205268464)
(0, 0, 1, 151, 0.5584225151016998)
(0, 0, 1, 152, 0.31399373545845466)
(0, 0, 1, 153, 0.313782769484526)
(0, 0, 1, 154, 0.27373725152199035)
(0, 0, 1, 155, 0.26442167435106684)
(0, 0, 1, 156, 0.30434644401444505)
(0, 0, 1, 157, 0.46303773101930534)
(0, 0, 1, 158, 0.2929702091264649)
(0, 0, 1, 159, 0.38491675547480286)
(0, 0, 1, 160, 0.27936860659828827)
(0, 0, 1, 161, 0.3559443919474111)
(0, 0, 1, 162, 0.3006927264293135)
(0, 0, 1, 163, 0.27876670345908455)
(0, 0, 1, 164, 0.336234924028216)
(0, 0, 1, 165, 0.278681605709199)
(0, 0, 1, 166, 0.3910903491498032)
(0, 0, 1, 167, 0.7066282759454926)
(0, 0, 1, 168, 0.2573142595824718)
(0, 0, 1, 169, 0.2723763721433306)
(0, 0, 1, 170, 0.3354755864598615)
(0, 0, 1, 171, 0.3673777661328605)
(0, 0, 1, 172, 0.3047903767676453)
(0, 0, 1, 173, 0.3523630030079266)
(0, 0, 1, 174, 0.34361569176613727)
(0, 0, 1, 175, 0.3212917352144989)
(0, 0, 1, 176, 0.24276264705418268)
(0, 0, 1, 177, 0.33118608627143664)
(0, 0, 1, 178, 0.4448068737368743)
(0, 0, 1, 179, 0.3552141041424599)
(0, 0, 1, 180, 0.30671452650993136)
(0, 0, 1, 181, 0.44111546458257683)
(0, 0, 1, 182, 0.3249659876315202)
(0, 0, 1, 183, 0.4264522596694245)
(0, 0, 1, 184, 0.2948712560953048)
(0, 0, 1, 185, 0.37941737281223636)
(0, 0, 1, 186, 0.3200665976779879)
(0, 0, 1, 187, 0.29695696725539206)
(0, 0, 1, 188, 0.3372162210370404)
(0, 0, 1, 189, 0.33332499616493216)
(0, 0, 1, 190, 0.2880517421818983)
(0, 0, 1, 191, 0.3077465927283268)
(0, 0, 1, 192, 0.33453637601256714)
(0, 0, 1, 193, 0.29599352120459677)
(0, 0, 1, 194, 0.34050770767753746)
(0, 0, 1, 195, 0.3838349761890638)
(0, 0, 1, 196, 0.3014642248384469)
(0, 0, 1, 197, 0.36352300094467693)
(0, 0, 1, 198, 0.3911084845380332)
(0, 0, 1, 199, 0.434503540672612)
(0, 0, 1, 200, 0.5632842315431612)
(0, 0, 1, 201, 0.2985472497475828)
(0, 0, 1, 202, 0.3296593927722949)
(0, 0, 1, 203, 0.2834340702962596)
(0, 0, 1, 204, 0.3172631976761137)
(0, 0, 1, 205, 0.44211043523211124)
(0, 0, 1, 206, 0.33436719106954543)
(0, 0, 1, 207, 0.3483847931818784)
(0, 0, 1, 208, 0.47758689524843756)
(0, 0, 1, 209, 0.3553151828521501)
(0, 0, 1, 210, 0.321396372507981)
(0, 0, 1, 211, 0.30515462755903183)
(0, 0, 1, 212, 0.3510119517114711)
(0, 0, 1, 213, 0.7070786434378498)
(0, 0, 1, 214, 0.35563170628909657)
(0, 0, 1, 215, 0.2743750091331807)
(0, 0, 1, 216, 0.2760052753445882)
(0, 0, 1, 217, 0.2700175553250639)
(0, 0, 1, 218, 0.3087423497809283)
(0, 0, 1, 219, 0.6998762364300753)
(0, 0, 1, 220, 0.7448045524402462)
(0, 0, 1, 221, 0.3929634172850809)
(0, 0, 1, 222, 0.2844082061698973)
(0, 0, 1, 223, 0.3851183075883192)
(0, 0, 1, 224, 0.3290915769315598)
(0, 0, 1, 225, 0.3318619257531039)
(0, 0, 1, 226, 0.29493515007331145)
(0, 0, 1, 227, 0.2726602687107928)
(0, 0, 1, 228, 0.4575187438312822)
(0, 0, 1, 229, 0.2918687284560909)
(0, 0, 1, 230, 0.3092298423205985)
(0, 0, 1, 231, 0.3291691842600608)
(0, 0, 1, 232, 0.35291143448099804)
(0, 0, 1, 233, 0.35739503855480403)
(0, 0, 1, 234, 0.30256601459782356)
(0, 0, 1, 235, 0.3456879666051051)
(0, 0, 1, 236, 0.4509778146049543)
(0, 0, 1, 237, 0.3364326507222566)
(0, 0, 1, 238, 0.31051879683297956)
(0, 0, 1, 239, 0.2811956754500046)
(0, 0, 1, 240, 0.4281894314630873)
(0, 0, 1, 241, 0.3130876916929375)
(0, 0, 1, 242, 0.28254331410377936)
(0, 0, 1, 243, 0.2931129447707488)
(0, 0, 1, 244, 0.4911477104606405)
(0, 0, 1, 245, 0.4193251908544059)
(0, 0, 1, 246, 0.34482480816849875)
(0, 0, 1, 247, 0.34047250938082657)
(0, 0, 1, 248, 0.40852823823761514)
(0, 0, 1, 249, 0.35844837093117266)
(0, 1, 0, 0, 0.2924696324138783)
(0, 1, 0, 1, 0.3651576635168492)
(0, 1, 0, 2, 0.24224393419409723)
(0, 1, 0, 3, 0.21270806493388592)
(0, 1, 0, 4, 0.40805836184201383)
(0, 1, 0, 5, 0.21307387258952812)
(0, 1, 0, 6, 0.5665778935670981)
(0, 1, 0, 7, 0.37050431443093096)
(0, 1, 0, 8, 0.28644387028982576)
(0, 1, 0, 9, 0.23748161575416826)
(0, 1, 0, 10, 0.36902100731062104)
(0, 1, 0, 11, 0.35111502869183076)
(0, 1, 0, 12, 0.27364438736012925)
(0, 1, 0, 13, 0.3083523631447769)
(0, 1, 0, 14, 0.3437021730420211)
(0, 1, 0, 15, 0.3413928396105144)
(0, 1, 0, 16, 0.38468391497145354)
(0, 1, 0, 17, 0.3094968195547552)
(0, 1, 0, 18, 0.34641943124762686)
(0, 1, 0, 19, 0.2605244275646352)
(0, 1, 0, 20, 0.283691261168244)
(0, 1, 0, 21, 0.26322959462921625)
(0, 1, 0, 22, 0.35809845628527615)
(0, 1, 0, 23, 0.28695356127395266)
(0, 1, 0, 24, 0.280035493192829)
(0, 1, 0, 25, 0.22979273887263854)
(0, 1, 0, 26, 0.275777510561688)
(0, 1, 0, 27, 0.4698216561456006)
(0, 1, 0, 28, 0.33335811820336686)
(0, 1, 0, 29, 0.29240599748364815)
(0, 1, 0, 30, 0.38911524048171264)
(0, 1, 0, 31, 0.3794059257945542)
(0, 1, 0, 32, 0.5043533314189452)
(0, 1, 0, 33, 0.5145721664069993)
(0, 1, 0, 34, 0.4010948419950852)
(0, 1, 0, 35, 0.23612368752497845)
(0, 1, 0, 36, 0.4083682565973178)
(0, 1, 0, 37, 0.25853505947479904)
(0, 1, 0, 38, 0.24080098247643633)
(0, 1, 0, 39, 0.28454868282669193)
(0, 1, 0, 40, 0.35810627070505974)
(0, 1, 0, 41, 0.26804649718625356)
(0, 1, 0, 42, 0.3616690956683031)
(0, 1, 0, 43, 0.5079393496932867)
(0, 1, 0, 44, 0.4279132535111745)
(0, 1, 0, 45, 0.47863779189962463)
(0, 1, 0, 46, 0.25113897457842965)
(0, 1, 0, 47, 0.31990187401190895)
(0, 1, 0, 48, 0.40962669959506515)
(0, 1, 0, 49, 0.2589082576396467)
(0, 1, 0, 50, 0.3352008210821304)
(0, 1, 0, 51, 0.2957899500453832)
(0, 1, 0, 52, 0.30082401608944975)
(0, 1, 0, 53, 0.29076668915191956)
(0, 1, 0, 54, 0.2928373329266235)
(0, 1, 0, 55, 0.3390239512764626)
(0, 1, 0, 56, 0.29780953048038766)
(0, 1, 0, 57, 0.33406221419995435)
(0, 1, 0, 58, 0.33569648226566257)
(0, 1, 0, 59, 0.3351802036740722)
(0, 1, 0, 60, 0.44332570259751236)
(0, 1, 0, 61, 0.36984649067840836)
(0, 1, 0, 62, 0.2713398261368918)
(0, 1, 0, 63, 0.29926384216148666)
(0, 1, 0, 64, 0.32501396127518734)
(0, 1, 0, 65, 0.4976321188550689)
(0, 1, 0, 66, 0.6122853084257259)
(0, 1, 0, 67, 0.29695610493667673)
(0, 1, 0, 68, 0.3230814166779016)
(0, 1, 0, 69, 0.3113418983531838)
(0, 1, 0, 70, 0.30658352298904307)
(0, 1, 0, 71, 0.4677488120570219)
(0, 1, 0, 72, 0.3248317917817428)
(0, 1, 0, 73, 0.3647698171156748)
(0, 1, 0, 74, 0.2584890463031867)
(0, 1, 0, 75, 0.24241806455615908)
(0, 1, 0, 76, 0.3504757605824575)
(0, 1, 0, 77, 0.24073001490345686)
(0, 1, 0, 78, 0.33896162690888354)
(0, 1, 0, 79, 0.2727549707593135)
(0, 1, 0, 80, 0.37125766451598424)
(0, 1, 0, 81, 0.20681222812906733)
(0, 1, 0, 82, 0.3133640792283602)
(0, 1, 0, 83, 0.30840708836458725)
(0, 1, 0, 84, 0.34644945086780893)
(0, 1, 0, 85, 0.3115714933142629)
(0, 1, 0, 86, 0.3100588421371815)
(0, 1, 0, 87, 0.41540821287173857)
(0, 1, 0, 88, 0.3224990098366564)
(0, 1, 0, 89, 0.45681011148837464)
(0, 1, 0, 90, 0.2500091853124673)
(0, 1, 0, 91, 0.39298150238689517)
(0, 1, 0, 92, 0.3089004308297109)
(0, 1, 0, 93, 0.2766988412000301)
(0, 1, 0, 94, 0.23915549299109312)
(0, 1, 0, 95, 0.2575077539752142)
(0, 1, 0, 96, 0.4398518724852914)
(0, 1, 0, 97, 0.25998336504903263)
(0, 1, 0, 98, 0.33723886566807193)
(0, 1, 0, 99, 0.3833962554666431)
(0, 1, 0, 100, 0.31728174316161517)
(0, 1, 0, 101, 0.48905520956813303)
(0, 1, 0, 102, 0.4570959388482063)
(0, 1, 0, 103, 0.28137495396930406)
(0, 1, 0, 104, 0.22286812331672382)
(0, 1, 0, 105, 0.40236065788328873)
(0, 1, 0, 106, 0.29970254268215496)
(0, 1, 0, 107, 0.254032527569899)
(0, 1, 0, 108, 0.3680892436758549)
(0, 1, 0, 109, 0.36840412224033253)
(0, 1, 0, 110, 0.2509167030785163)
(0, 1, 0, 111, 0.29956126201476874)
(0, 1, 0, 112, 0.6654203416324221)
(0, 1, 0, 113, 0.29866014689972353)
(0, 1, 0, 114, 0.2742693722816964)
(0, 1, 0, 115, 0.38549608533095786)
(0, 1, 0, 116, 0.22450823619025095)
(0, 1, 0, 117, 0.29602189598390216)
(0, 1, 0, 118, 0.49085173615482935)
(0, 1, 0, 119, 0.3263118289830903)
(0, 1, 0, 120, 0.25440256944564504)
(0, 1, 0, 121, 0.43285276849051857)
(0, 1, 0, 122, 0.3285604537497087)
(0, 1, 0, 123, 0.33835443134968035)
(0, 1, 0, 124, 0.3567514658646446)
(0, 1, 0, 125, 0.3347016895698402)
(0, 1, 0, 126, 0.364675950060572)
(0, 1, 0, 127, 0.3259132843604371)
(0, 1, 0, 128, 0.24204643045605834)
(0, 1, 0, 129, 0.353854579758601)
(0, 1, 0, 130, 0.27035994172105743)
(0, 1, 0, 131, 0.3505168672933025)
(0, 1, 0, 132, 0.26341177146255373)
(0, 1, 0, 133, 0.27269119112203155)
(0, 1, 0, 134, 0.3754367379701841)
(0, 1, 0, 135, 0.37732490690948056)
(0, 1, 0, 136, 0.29659002118371486)
(0, 1, 0, 137, 0.600134739391642)
(0, 1, 0, 138, 0.3011712182120862)
(0, 1, 0, 139, 0.30183180242385665)
(0, 1, 0, 140, 0.27584333164688585)
(0, 1, 0, 141, 0.22441082070106186)
(0, 1, 0, 142, 0.502519047223975)
(0, 1, 0, 143, 0.30878052937491496)
(0, 1, 0, 144, 0.2985232252864814)
(0, 1, 0, 145, 0.5504496066933687)
(0, 1, 0, 146, 0.4113111167592943)
(0, 1, 0, 147, 0.35531173707095715)
(0, 1, 0, 148, 0.22973073162792004)
(0, 1, 0, 149, 0.3177857332314722)
(0, 1, 0, 150, 0.232092128150955)
(0, 1, 0, 151, 0.29287793678752855)
(0, 1, 0, 152, 0.37297515240064)
(0, 1, 0, 153, 0.338931629828928)
(0, 1, 0, 154, 0.2871137651190299)
(0, 1, 0, 155, 0.3267110808259446)
(0, 1, 0, 156, 0.44020912013626234)
(0, 1, 0, 157, 0.24410781014513427)
(0, 1, 0, 158, 0.3020682559036984)
(0, 1, 0, 159, 0.39822909451898186)
(0, 1, 0, 160, 0.309034100613589)
(0, 1, 0, 161, 0.23040095767092617)
(0, 1, 0, 162, 0.26499143814052173)
(0, 1, 0, 163, 0.2651022184632911)
(0, 1, 0, 164, 0.2823841580377479)
(0, 1, 0, 165, 0.3315134183968548)
(0, 1, 0, 166, 0.31110039708323306)
(0, 1, 0, 167, 0.3040691258540069)
(0, 1, 0, 168, 0.44423311252584635)
(0, 1, 0, 169, 0.5426486967995522)
(0, 1, 0, 170, 0.29162201429746915)
(0, 1, 0, 171, 0.502311312089244)
(0, 1, 0, 172, 0.30791122600735155)
(0, 1, 0, 173, 0.5480552426865188)
(0, 1, 0, 174, 0.21837045927511245)
(0, 1, 0, 175, 0.3319288061364757)
(0, 1, 0, 176, 0.25668552422174373)
(0, 1, 0, 177, 0.4418114823839014)
(0, 1, 0, 178, 0.3361760113611138)
(0, 1, 0, 179, 0.3446338883899226)
(0, 1, 0, 180, 0.4026238744332859)
(0, 1, 0, 181, 0.3174510143146371)
(0, 1, 0, 182, 0.2707313681524354)
(0, 1, 0, 183, 0.3185341291218383)
(0, 1, 0, 184, 0.40748586847002116)
(0, 1, 0, 185, 0.27358332808672825)
(0, 1, 0, 186, 0.3495932533390513)
(0, 1, 0, 187, 0.30002487826459706)
(0, 1, 0, 188, 0.23765613574754813)
(0, 1, 0, 189, 0.253778047534295)
(0, 1, 0, 190, 0.2851834305672904)
(0, 1, 0, 191, 0.1984249291175933)
(0, 1, 0, 192, 0.5120359489501286)
(0, 1, 0, 193, 0.22190236449735842)
(0, 1, 0, 194, 0.2841110414720992)
(0, 1, 0, 195, 0.3326487404368013)
(0, 1, 0, 196, 0.2484966118411394)
(0, 1, 0, 197, 0.4624775603912656)
(0, 1, 0, 198, 0.32191632438812)
(0, 1, 0, 199, 0.2732500091746521)
(0, 1, 0, 200, 0.3372041625295075)
(0, 1, 0, 201, 0.35653750190613026)
(0, 1, 0, 202, 0.37356187832589005)
(0, 1, 0, 203, 0.4006847939664764)
(0, 1, 0, 204, 0.3022288414439791)
(0, 1, 0, 205, 0.31842883598432553)
(0, 1, 0, 206, 0.3482577455857963)
(0, 1, 0, 207, 0.3570345001362013)
(0, 1, 0, 208, 0.22789006535016024)
(0, 1, 0, 209, 0.2733674247929354)
(0, 1, 0, 210, 0.25595666692139957)
(0, 1, 0, 211, 0.3857030200682228)
(0, 1, 0, 212, 0.6455735831430875)
(0, 1, 0, 213, 0.39781417253678697)
(0, 1, 0, 214, 0.3552938665996352)
(0, 1, 0, 215, 0.2886479059104183)
(0, 1, 0, 216, 0.2629809764372786)
(0, 1, 0, 217, 0.2338866783166756)
(0, 1, 0, 218, 0.373261432517516)
(0, 1, 0, 219, 0.3353986557422121)
(0, 1, 0, 220, 0.24375740075857796)
(0, 1, 0, 221, 0.3556574448396708)
(0, 1, 0, 222, 0.4520320045712205)
(0, 1, 0, 223, 0.26910254924740046)
(0, 1, 0, 224, 0.3012419002971213)
(0, 1, 0, 225, 0.3919159900905848)
(0, 1, 0, 226, 0.27228818214771106)
(0, 1, 0, 227, 0.25707601520505885)
(0, 1, 0, 228, 0.31255256514108615)
(0, 1, 0, 229, 0.3650010956685406)
(0, 1, 0, 230, 0.4779058170870589)
(0, 1, 0, 231, 0.29925955623567335)
(0, 1, 0, 232, 0.25888938874822265)
(0, 1, 0, 233, 0.3281961239279793)
(0, 1, 0, 234, 0.26575542937691543)
(0, 1, 0, 235, 0.2841636402654607)
(0, 1, 0, 236, 0.37721333243178484)
(0, 1, 0, 237, 0.32797557555327017)
(0, 1, 0, 238, 0.2399730508532054)
(0, 1, 0, 239, 0.3038105319883255)
(0, 1, 0, 240, 0.2541894448508803)
(0, 1, 0, 241, 0.28754019749134957)
(0, 1, 0, 242, 0.30243940906809036)
(0, 1, 0, 243, 0.3723855537066436)
(0, 1, 0, 244, 0.24144795593644416)
(0, 1, 0, 245, 0.2998717944821892)
(0, 1, 0, 246, 0.3635136149349414)
(0, 1, 0, 247, 0.37414570448597323)
(0, 1, 0, 248, 0.30864821455884095)
(0, 1, 0, 249, 0.308239880366192)
(0, 1, 1, 0, 0.5864293031466542)
(0, 1, 1, 1, 0.6800414987703577)
(0, 1, 1, 2, 0.48967837312185875)
(0, 1, 1, 3, 0.5574141459637354)
(0, 1, 1, 4, 0.7561913490651628)
(0, 1, 1, 5, 0.592999324023987)
(0, 1, 1, 6, 0.6672737937734697)
(0, 1, 1, 7, 0.7978047135405102)
(0, 1, 1, 8, 0.7089181788555131)
(0, 1, 1, 9, 0.6896407580032801)
(0, 1, 1, 10, 0.646548291669931)
(0, 1, 1, 11, 0.5581720579295825)
(0, 1, 1, 12, 0.662295960304545)
(0, 1, 1, 13, 0.6135922756224902)
(0, 1, 1, 14, 0.6515487453028881)
(0, 1, 1, 15, 0.9091768292153687)
(0, 1, 1, 16, 0.7556749158353058)
(0, 1, 1, 17, 0.8580592050480125)
(0, 1, 1, 18, 0.6867558469788536)
(0, 1, 1, 19, 0.8452138078518996)
(0, 1, 1, 20, 0.7680174407504936)
(0, 1, 1, 21, 0.6380670190204257)
(0, 1, 1, 22, 0.6376593773729842)
(0, 1, 1, 23, 0.8409248751608733)
(0, 1, 1, 24, 0.8126073005700841)
(0, 1, 1, 25, 0.7933038578012794)
(0, 1, 1, 26, 1.0197540936350697)
(0, 1, 1, 27, 0.8726241125307388)
(0, 1, 1, 28, 0.6676089154190498)
(0, 1, 1, 29, 0.9660019370602363)
(0, 1, 1, 30, 0.745349655879713)
(0, 1, 1, 31, 0.6275968592192932)
(0, 1, 1, 32, 0.8155266463724629)
(0, 1, 1, 33, 0.9655865024247063)
(0, 1, 1, 34, 0.731693205478335)
(0, 1, 1, 35, 0.7655578541051224)
(0, 1, 1, 36, 0.8693322840344654)
(0, 1, 1, 37, 0.6096941186701103)
(0, 1, 1, 38, 0.8633186071241487)
(0, 1, 1, 39, 0.6333845439232572)
(0, 1, 1, 40, 0.7940711870276661)
(0, 1, 1, 41, 0.747028991447822)
(0, 1, 1, 42, 0.8841693399261626)
(0, 1, 1, 43, 0.642903769707563)
(0, 1, 1, 44, 0.785604196066631)
(0, 1, 1, 45, 0.8467498315229814)
(0, 1, 1, 46, 0.7782127218888188)
(0, 1, 1, 47, 0.7605471108032087)
(0, 1, 1, 48, 0.7197608899439745)
(0, 1, 1, 49, 0.6187276578401453)
(0, 1, 1, 50, 0.7340180068709696)
(0, 1, 1, 51, 0.5440770692771156)
(0, 1, 1, 52, 0.814204050495664)
(0, 1, 1, 53, 0.971591992715284)
(0, 1, 1, 54, 0.7484872393142892)
(0, 1, 1, 55, 0.5786609890031579)
(0, 1, 1, 56, 0.7502343154835682)
(0, 1, 1, 57, 0.8709930216966151)
(0, 1, 1, 58, 0.5024328647263252)
(0, 1, 1, 59, 0.7422852729383811)
(0, 1, 1, 60, 0.8738385557439444)
(0, 1, 1, 61, 0.7869576987606383)
(0, 1, 1, 62, 0.7657178142824309)
(0, 1, 1, 63, 0.5940654173628521)
(0, 1, 1, 64, 0.7631341886743422)
(0, 1, 1, 65, 0.6665792766808305)
(0, 1, 1, 66, 0.7081936853485423)
(0, 1, 1, 67, 0.7449817204406964)
(0, 1, 1, 68, 0.6952273449207932)
(0, 1, 1, 69, 0.691067796340362)
(0, 1, 1, 70, 0.6965095616341086)
(0, 1, 1, 71, 0.6254062136797643)
(0, 1, 1, 72, 0.5931260692556125)
(0, 1, 1, 73, 0.7268796670863513)
(0, 1, 1, 74, 0.5996279315933485)
(0, 1, 1, 75, 0.7260625266729465)
(0, 1, 1, 76, 0.5580137513833127)
(0, 1, 1, 77, 0.5863188886904939)
(0, 1, 1, 78, 0.6946243124448642)
(0, 1, 1, 79, 0.771037670938531)
(0, 1, 1, 80, 0.7691609030624652)
(0, 1, 1, 81, 0.9191513616122727)
(0, 1, 1, 82, 0.6327969302628011)
(0, 1, 1, 83, 0.5566345356718589)
(0, 1, 1, 84, 0.8425626994926793)
(0, 1, 1, 85, 0.7473571710614357)
(0, 1, 1, 86, 0.7075055153226443)
(0, 1, 1, 87, 0.8360132257706424)
(0, 1, 1, 88, 0.6224646136298606)
(0, 1, 1, 89, 0.6862208342503526)
(0, 1, 1, 90, 0.7897783988927993)
(0, 1, 1, 91, 0.744265409699418)
(0, 1, 1, 92, 0.680072638376179)
(0, 1, 1, 93, 0.6953103581008822)
(0, 1, 1, 94, 0.9229210146308062)
(0, 1, 1, 95, 0.861501962666293)
(0, 1, 1, 96, 0.5954013217201846)
(0, 1, 1, 97, 0.6663777501264343)
(0, 1, 1, 98, 0.8089119205069565)
(0, 1, 1, 99, 0.7247561317518553)
(0, 1, 1, 100, 0.7527665057609281)
(0, 1, 1, 101, 0.7174365476927188)
(0, 1, 1, 102, 0.6491512761685644)
(0, 1, 1, 103, 0.7821450168501437)
(0, 1, 1, 104, 0.721969344647679)
(0, 1, 1, 105, 0.9308546471402966)
(0, 1, 1, 106, 0.655094149371277)
(0, 1, 1, 107, 0.6480518067676121)
(0, 1, 1, 108, 0.740343369218298)
(0, 1, 1, 109, 0.725107971721517)
(0, 1, 1, 110, 0.8114414596432371)
(0, 1, 1, 111, 0.9988269997994168)
(0, 1, 1, 112, 0.7208968244079762)
(0, 1, 1, 113, 0.6460888657888018)
(0, 1, 1, 114, 0.8353148496918473)
(0, 1, 1, 115, 0.48022546934434285)
(0, 1, 1, 116, 0.7563322963968176)
(0, 1, 1, 117, 0.6465135823699037)
(0, 1, 1, 118, 0.7926191886334274)
(0, 1, 1, 119, 0.7019112313911147)
(0, 1, 1, 120, 0.8033788066279905)
(0, 1, 1, 121, 0.9584706541510482)
(0, 1, 1, 122, 0.8209772619444466)
(0, 1, 1, 123, 0.703607099013068)
(0, 1, 1, 124, 0.672919085285158)
(0, 1, 1, 125, 0.8296494305623194)
(0, 1, 1, 126, 0.7990141835561798)
(0, 1, 1, 127, 0.6817367812990255)
(0, 1, 1, 128, 0.8364761145726921)
(0, 1, 1, 129, 0.7400387285748963)
(0, 1, 1, 130, 0.666637959012066)
(0, 1, 1, 131, 0.9168394926401846)
(0, 1, 1, 132, 0.7892212033494747)
(0, 1, 1, 133, 0.7501633881818478)
(0, 1, 1, 134, 0.8040723142904924)
(0, 1, 1, 135, 0.734535901768544)
(0, 1, 1, 136, 0.6529896944516664)
(0, 1, 1, 137, 0.8297797374020601)
(0, 1, 1, 138, 0.7487421527677903)
(0, 1, 1, 139, 0.6560965757558943)
(0, 1, 1, 140, 0.7838298751202304)
(0, 1, 1, 141, 0.7173309475677168)
(0, 1, 1, 142, 0.745644388492859)
(0, 1, 1, 143, 0.7592409565715866)
(0, 1, 1, 144, 0.6486215977601738)
(0, 1, 1, 145, 0.5910910678722234)
(0, 1, 1, 146, 0.6921464472571374)
(0, 1, 1, 147, 0.8071684312585109)
(0, 1, 1, 148, 0.8456826761401867)
(0, 1, 1, 149, 0.5171663645125986)
(0, 1, 1, 150, 0.8996491519604718)
(0, 1, 1, 151, 0.8690381829189561)
(0, 1, 1, 152, 0.6748394095331666)
(0, 1, 1, 153, 0.7448241647663927)
(0, 1, 1, 154, 0.6760110591415801)
(0, 1, 1, 155, 0.6707656209355833)
(0, 1, 1, 156, 0.7121154120872525)
(0, 1, 1, 157, 0.8647730815485745)
(0, 1, 1, 158, 0.5502444780252252)
(0, 1, 1, 159, 0.8200540874548997)
(0, 1, 1, 160, 0.7431211792668605)
(0, 1, 1, 161, 0.8247000891678544)
(0, 1, 1, 162, 0.7400632654818172)
(0, 1, 1, 163, 0.6383900375731851)
(0, 1, 1, 164, 0.6616885177830595)
(0, 1, 1, 165, 0.6472031825874938)
(0, 1, 1, 166, 0.8764098140818152)
(0, 1, 1, 167, 1.003983828382533)
(0, 1, 1, 168, 0.49078380964176066)
(0, 1, 1, 169, 0.670939214741658)
(0, 1, 1, 170, 0.7750025546394285)
(0, 1, 1, 171, 0.6309403547689518)
(0, 1, 1, 172, 0.6479310572690425)
(0, 1, 1, 173, 0.6810070208420954)
(0, 1, 1, 174, 0.6698307626665745)
(0, 1, 1, 175, 0.7825589064618773)
(0, 1, 1, 176, 0.6092572421653716)
(0, 1, 1, 177, 0.4781315979981269)
(0, 1, 1, 178, 0.8049599345811537)
(0, 1, 1, 179, 0.5746304834756553)
(0, 1, 1, 180, 0.6777313784375842)
(0, 1, 1, 181, 0.7571619837052483)
(0, 1, 1, 182, 0.7324977830943287)
(0, 1, 1, 183, 0.8628715686164239)
(0, 1, 1, 184, 0.7564850732542003)
(0, 1, 1, 185, 0.8286783628643544)
(0, 1, 1, 186, 0.5829025151542082)
(0, 1, 1, 187, 0.6412864713307693)
(0, 1, 1, 188, 0.47961127791801994)
(0, 1, 1, 189, 0.7063700724514574)
(0, 1, 1, 190, 0.6686569801136316)
(0, 1, 1, 191, 0.7594148522864735)
(0, 1, 1, 192, 0.7574847815850929)
(0, 1, 1, 193, 0.6769671538499675)
(0, 1, 1, 194, 0.7131342277987107)
(0, 1, 1, 195, 0.7347596345229535)
(0, 1, 1, 196, 0.6733800751162194)
(0, 1, 1, 197, 0.8027595288741727)
(0, 1, 1, 198, 0.7139140234306921)
(0, 1, 1, 199, 0.7950621898121973)
(0, 1, 1, 200, 0.8645378426265455)
(0, 1, 1, 201, 0.7096486579667106)
(0, 1, 1, 202, 0.7380939294762274)
(0, 1, 1, 203, 0.6059451886727231)
(0, 1, 1, 204, 0.6159083514902356)
(0, 1, 1, 205, 0.7620449291485366)
(0, 1, 1, 206, 0.7722740463994439)
(0, 1, 1, 207, 0.5612918232458979)
(0, 1, 1, 208, 0.7706119575256494)
(0, 1, 1, 209, 0.7028531485149675)
(0, 1, 1, 210, 0.8093504467177155)
(0, 1, 1, 211, 0.6416435060273261)
(0, 1, 1, 212, 0.682747641150674)
(0, 1, 1, 213, 1.049691044846194)
(0, 1, 1, 214, 0.7094682125229445)
(0, 1, 1, 215, 0.6483810788778299)
(0, 1, 1, 216, 0.7887138676928398)
(0, 1, 1, 217, 0.6841693728076728)
(0, 1, 1, 218, 0.6841184872552033)
(0, 1, 1, 219, 0.990330436005721)
(0, 1, 1, 220, 0.9882842435388767)
(0, 1, 1, 221, 0.6824751774901513)
(0, 1, 1, 222, 0.7252359602116888)
(0, 1, 1, 223, 0.7154618817263699)
(0, 1, 1, 224, 0.7857666646275291)
(0, 1, 1, 225, 0.5360446212586227)
(0, 1, 1, 226, 0.6726339063934768)
(0, 1, 1, 227, 0.6515536209368531)
(0, 1, 1, 228, 0.8658316215589614)
(0, 1, 1, 229, 0.65783674321235)
(0, 1, 1, 230, 0.6337543376085555)
(0, 1, 1, 231, 0.49206144157288095)
(0, 1, 1, 232, 0.7253560249538201)
(0, 1, 1, 233, 0.7488423009049838)
(0, 1, 1, 234, 0.6342143705509533)
(0, 1, 1, 235, 0.7105627843258248)
(0, 1, 1, 236, 0.8233805004285635)
(0, 1, 1, 237, 0.8025272024310991)
(0, 1, 1, 238, 0.7100750594007932)
(0, 1, 1, 239, 0.7157312263356014)
(0, 1, 1, 240, 0.762746903640694)
(0, 1, 1, 241, 0.7799806429342117)
(0, 1, 1, 242, 0.5699181561440255)
(0, 1, 1, 243, 0.5644779341352086)
(0, 1, 1, 244, 0.7875596310284644)
(0, 1, 1, 245, 0.8056738325994147)
(0, 1, 1, 246, 0.7152228345621071)
(0, 1, 1, 247, 0.7190595147986599)
(0, 1, 1, 248, 0.7023752026507624)
(0, 1, 1, 249, 0.6213032151447464)
(0, 2, 0, 0, 0.3692564622203647)
(0, 2, 0, 1, 0.37076428677624096)
(0, 2, 0, 2, 0.28507371429504474)
(0, 2, 0, 3, 0.26159783991215785)
(0, 2, 0, 4, 0.5357105061321847)
(0, 2, 0, 5, 0.28873268686253045)
(0, 2, 0, 6, 0.6431779845053195)
(0, 2, 0, 7, 0.42337587731234094)
(0, 2, 0, 8, 0.31936770652048124)
(0, 2, 0, 9, 0.31395707712738974)
(0, 2, 0, 10, 0.3699197344225254)
(0, 2, 0, 11, 0.40017317233513755)
(0, 2, 0, 12, 0.31022354002008157)
(0, 2, 0, 13, 0.37781739992643476)
(0, 2, 0, 14, 0.3953832903450624)
(0, 2, 0, 15, 0.35973484364948516)
(0, 2, 0, 16, 0.4318168715702327)
(0, 2, 0, 17, 0.37144563279345205)
(0, 2, 0, 18, 0.37900705387714123)
(0, 2, 0, 19, 0.31219037521284565)
(0, 2, 0, 20, 0.35687433421550374)
(0, 2, 0, 21, 0.34232249047329766)
(0, 2, 0, 22, 0.37073373321825054)
(0, 2, 0, 23, 0.3362744917336444)
(0, 2, 0, 24, 0.28763842547739554)
(0, 2, 0, 25, 0.2965128729884978)
(0, 2, 0, 26, 0.2995919059028096)
(0, 2, 0, 27, 0.5535031786009215)
(0, 2, 0, 28, 0.3954093991196981)
(0, 2, 0, 29, 0.35700669325984724)
(0, 2, 0, 30, 0.46856038749656187)
(0, 2, 0, 31, 0.4478968952189549)
(0, 2, 0, 32, 0.5613830845065134)
(0, 2, 0, 33, 0.5643482009946401)
(0, 2, 0, 34, 0.40970518152362256)
(0, 2, 0, 35, 0.2581129006641226)
(0, 2, 0, 36, 0.43469381364221754)
(0, 2, 0, 37, 0.3141042209396209)
(0, 2, 0, 38, 0.3321230232651137)
(0, 2, 0, 39, 0.36333010655177245)
(0, 2, 0, 40, 0.3639442386880415)
(0, 2, 0, 41, 0.30975400352629157)
(0, 2, 0, 42, 0.3898689188171455)
(0, 2, 0, 43, 0.6293094865526236)
(0, 2, 0, 44, 0.4637836350167378)
(0, 2, 0, 45, 0.5353647123754497)
(0, 2, 0, 46, 0.34462898206666914)
(0, 2, 0, 47, 0.39246223667934)
(0, 2, 0, 48, 0.47742461781509005)
(0, 2, 0, 49, 0.30890003489174694)
(0, 2, 0, 50, 0.3980392773074421)
(0, 2, 0, 51, 0.36794614903054107)
(0, 2, 0, 52, 0.3370421038568713)
(0, 2, 0, 53, 0.3367371742278355)
(0, 2, 0, 54, 0.3383955927456039)
(0, 2, 0, 55, 0.368457141124899)
(0, 2, 0, 56, 0.35135056052360697)
(0, 2, 0, 57, 0.36005845983489804)
(0, 2, 0, 58, 0.3568645787229399)
(0, 2, 0, 59, 0.39623322045147685)
(0, 2, 0, 60, 0.4759673960861401)
(0, 2, 0, 61, 0.3972992674656349)
(0, 2, 0, 62, 0.37449264919437325)
(0, 2, 0, 63, 0.3177443321138839)
(0, 2, 0, 64, 0.38648964731273044)
(0, 2, 0, 65, 0.5717417727689991)
(0, 2, 0, 66, 0.7886481161892767)
(0, 2, 0, 67, 0.32055135956971065)
(0, 2, 0, 68, 0.36562214656418124)
(0, 2, 0, 69, 0.3842865427249839)
(0, 2, 0, 70, 0.3642548899603983)
(0, 2, 0, 71, 0.5148142527609787)
(0, 2, 0, 72, 0.38274500766821107)
(0, 2, 0, 73, 0.45610705651266686)
(0, 2, 0, 74, 0.2535795545898969)
(0, 2, 0, 75, 0.27415097579064984)
(0, 2, 0, 76, 0.3698852186177628)
(0, 2, 0, 77, 0.3243821900099736)
(0, 2, 0, 78, 0.38700263835766885)
(0, 2, 0, 79, 0.31344214988824054)
(0, 2, 0, 80, 0.44025072214052835)
(0, 2, 0, 81, 0.26730963260593077)
(0, 2, 0, 82, 0.3582994946713562)
(0, 2, 0, 83, 0.33357496380615104)
(0, 2, 0, 84, 0.3993129188436436)
(0, 2, 0, 85, 0.3109832462049594)
(0, 2, 0, 86, 0.32513179786132385)
(0, 2, 0, 87, 0.44775926143376543)
(0, 2, 0, 88, 0.38484520640032294)
(0, 2, 0, 89, 0.49132665731834374)
(0, 2, 0, 90, 0.26018325721262486)
(0, 2, 0, 91, 0.4855176981680585)
(0, 2, 0, 92, 0.37233021263971117)
(0, 2, 0, 93, 0.2905108933668721)
(0, 2, 0, 94, 0.3074133375818603)
(0, 2, 0, 95, 0.30060419269875355)
(0, 2, 0, 96, 0.5183738453014646)
(0, 2, 0, 97, 0.2758871500435007)
(0, 2, 0, 98, 0.4046277369774854)
(0, 2, 0, 99, 0.4372969040280495)
(0, 2, 0, 100, 0.3878224737066768)
(0, 2, 0, 101, 0.5789579663326708)
(0, 2, 0, 102, 0.5164948272968024)
(0, 2, 0, 103, 0.3637480810449582)
(0, 2, 0, 104, 0.2556857364857943)
(0, 2, 0, 105, 0.5274867953991079)
(0, 2, 0, 106, 0.33113010230632256)
(0, 2, 0, 107, 0.2871196189786287)
(0, 2, 0, 108, 0.3785595107111735)
(0, 2, 0, 109, 0.43172426823837606)
(0, 2, 0, 110, 0.3493853007851384)
(0, 2, 0, 111, 0.3527028131617566)
(0, 2, 0, 112, 0.7494640832463707)
(0, 2, 0, 113, 0.33506359242898603)
(0, 2, 0, 114, 0.3228093328494111)
(0, 2, 0, 115, 0.4952442064688588)
(0, 2, 0, 116, 0.2955985997809442)
(0, 2, 0, 117, 0.3328485532002535)
(0, 2, 0, 118, 0.4965016603020443)
(0, 2, 0, 119, 0.33277018560539895)
(0, 2, 0, 120, 0.27239548317404)
(0, 2, 0, 121, 0.4863579550599935)
(0, 2, 0, 122, 0.3753703117462347)
(0, 2, 0, 123, 0.36334561581231356)
(0, 2, 0, 124, 0.38873070997562453)
(0, 2, 0, 125, 0.3813108322677265)
(0, 2, 0, 126, 0.3269699284478931)
(0, 2, 0, 127, 0.37706971625158436)
(0, 2, 0, 128, 0.3204410441614004)
(0, 2, 0, 129, 0.41984624090529893)
(0, 2, 0, 130, 0.26322779666221735)
(0, 2, 0, 131, 0.4227175758860231)
(0, 2, 0, 132, 0.3120393045566183)
(0, 2, 0, 133, 0.3409922859779505)
(0, 2, 0, 134, 0.4743599745515488)
(0, 2, 0, 135, 0.43574324598208897)
(0, 2, 0, 136, 0.33705752242415127)
(0, 2, 0, 137, 0.6302955629070716)
(0, 2, 0, 138, 0.3227938956107921)
(0, 2, 0, 139, 0.3915850318796105)
(0, 2, 0, 140, 0.3097125935056466)
(0, 2, 0, 141, 0.26908958022263985)
(0, 2, 0, 142, 0.5489540694578261)
(0, 2, 0, 143, 0.35992333270771526)
(0, 2, 0, 144, 0.3489405627539125)
(0, 2, 0, 145, 0.5927850455138491)
(0, 2, 0, 146, 0.47600620104197167)
(0, 2, 0, 147, 0.4006452533994915)
(0, 2, 0, 148, 0.2890330000306052)
(0, 2, 0, 149, 0.3598560857918347)
(0, 2, 0, 150, 0.24864660868660224)
(0, 2, 0, 151, 0.34168062401333466)
(0, 2, 0, 152, 0.4134882048593156)
(0, 2, 0, 153, 0.3780806464433792)
(0, 2, 0, 154, 0.39919526485152707)
(0, 2, 0, 155, 0.35897671723472147)
(0, 2, 0, 156, 0.5061939017541282)
(0, 2, 0, 157, 0.3128954847129485)
(0, 2, 0, 158, 0.32232343564147165)
(0, 2, 0, 159, 0.3955434735429501)
(0, 2, 0, 160, 0.3392091847731673)
(0, 2, 0, 161, 0.29038524655687653)
(0, 2, 0, 162, 0.3494022526395303)
(0, 2, 0, 163, 0.2839472529600472)
(0, 2, 0, 164, 0.34591667444372814)
(0, 2, 0, 165, 0.4125973764600601)
(0, 2, 0, 166, 0.32549767269186547)
(0, 2, 0, 167, 0.33779034156948917)
(0, 2, 0, 168, 0.49844429772856585)
(0, 2, 0, 169, 0.5685850609213102)
(0, 2, 0, 170, 0.3230626127030982)
(0, 2, 0, 171, 0.5952806451166918)
(0, 2, 0, 172, 0.39988331272715766)
(0, 2, 0, 173, 0.6858178171656413)
(0, 2, 0, 174, 0.284188309249)
(0, 2, 0, 175, 0.41024464364048413)
(0, 2, 0, 176, 0.3101193963593862)
(0, 2, 0, 177, 0.5344846409074503)
(0, 2, 0, 178, 0.45412022875743924)
(0, 2, 0, 179, 0.34994282549998024)
(0, 2, 0, 180, 0.45602602680661697)
(0, 2, 0, 181, 0.39687928993820254)
(0, 2, 0, 182, 0.28811497864448904)
(0, 2, 0, 183, 0.3671277151443777)
(0, 2, 0, 184, 0.44473169475864505)
(0, 2, 0, 185, 0.29185718929628407)
(0, 2, 0, 186, 0.3555823764805459)
(0, 2, 0, 187, 0.33796556732489585)
(0, 2, 0, 188, 0.2986333378475762)
(0, 2, 0, 189, 0.3274965828557183)
(0, 2, 0, 190, 0.345186120226365)
(0, 2, 0, 191, 0.276906137181415)
(0, 2, 0, 192, 0.5727725633650416)
(0, 2, 0, 193, 0.3083005871146246)
(0, 2, 0, 194, 0.33195432100739947)
(0, 2, 0, 195, 0.41845783755166693)
(0, 2, 0, 196, 0.33149876996848077)
(0, 2, 0, 197, 0.5460448007900146)
(0, 2, 0, 198, 0.4242301036682999)
(0, 2, 0, 199, 0.30562593747798056)
(0, 2, 0, 200, 0.38136760600422587)
(0, 2, 0, 201, 0.3757989630193251)
(0, 2, 0, 202, 0.4798448462406636)
(0, 2, 0, 203, 0.4288347617847899)
(0, 2, 0, 204, 0.383362319998917)
(0, 2, 0, 205, 0.37356661489873905)
(0, 2, 0, 206, 0.40103699834975)
(0, 2, 0, 207, 0.36258206477449606)
(0, 2, 0, 208, 0.29779492048613987)
(0, 2, 0, 209, 0.3252379858752734)
(0, 2, 0, 210, 0.26027128884674566)
(0, 2, 0, 211, 0.4063357006495161)
(0, 2, 0, 212, 0.7111648563032887)
(0, 2, 0, 213, 0.46220528839524266)
(0, 2, 0, 214, 0.41843127162166815)
(0, 2, 0, 215, 0.32840885006256954)
(0, 2, 0, 216, 0.3165893080196377)
(0, 2, 0, 217, 0.31370306066455617)
(0, 2, 0, 218, 0.41752405650304036)
(0, 2, 0, 219, 0.4127446578943797)
(0, 2, 0, 220, 0.2721702974114062)
(0, 2, 0, 221, 0.39616933802041415)
(0, 2, 0, 222, 0.49600434512475683)
(0, 2, 0, 223, 0.2967180904903073)
(0, 2, 0, 224, 0.32852584152824765)
(0, 2, 0, 225, 0.5432071906448247)
(0, 2, 0, 226, 0.3151080603720093)
(0, 2, 0, 227, 0.3088575134140685)
(0, 2, 0, 228, 0.3436021465808422)
(0, 2, 0, 229, 0.4295598981972712)
(0, 2, 0, 230, 0.5391416300067235)
(0, 2, 0, 231, 0.39740437355187896)
(0, 2, 0, 232, 0.2687150945035426)
(0, 2, 0, 233, 0.3546752048148102)
(0, 2, 0, 234, 0.3143476164677076)
(0, 2, 0, 235, 0.33152170351099425)
(0, 2, 0, 236, 0.4437373951215477)
(0, 2, 0, 237, 0.4152263387322621)
(0, 2, 0, 238, 0.3093205668058217)
(0, 2, 0, 239, 0.3700091858157815)
(0, 2, 0, 240, 0.31117342196990116)
(0, 2, 0, 241, 0.3085900230567674)
(0, 2, 0, 242, 0.39466778468644237)
(0, 2, 0, 243, 0.4066310292675613)
(0, 2, 0, 244, 0.3488589065536785)
(0, 2, 0, 245, 0.3431356436235128)
(0, 2, 0, 246, 0.46950159210363024)
(0, 2, 0, 247, 0.500075860698189)
(0, 2, 0, 248, 0.35138392301446386)
(0, 2, 0, 249, 0.3312113562688757)
(0, 2, 1, 0, 0.631823361878051)
(0, 2, 1, 1, 0.7858929337503386)
(0, 2, 1, 2, 0.5487469458412189)
(0, 2, 1, 3, 0.6669486996240213)
(0, 2, 1, 4, 0.8345731533886092)
(0, 2, 1, 5, 0.6582614698022395)
(0, 2, 1, 6, 0.7226529295332499)
(0, 2, 1, 7, 0.890490316252631)
(0, 2, 1, 8, 0.8059763050576988)
(0, 2, 1, 9, 0.7464771504893649)
(0, 2, 1, 10, 0.7185510241267752)
(0, 2, 1, 11, 0.7288748614494689)
(0, 2, 1, 12, 0.7361249861455902)
(0, 2, 1, 13, 0.726160642548005)
(0, 2, 1, 14, 0.751217630369167)
(0, 2, 1, 15, 1.0238741293180784)
(0, 2, 1, 16, 0.8595657075877925)
(0, 2, 1, 17, 0.9692771191819324)
(0, 2, 1, 18, 0.7889600191432795)
(0, 2, 1, 19, 0.9534345085905929)
(0, 2, 1, 20, 0.8633634328917765)
(0, 2, 1, 21, 0.735914223392641)
(0, 2, 1, 22, 0.6910323082765402)
(0, 2, 1, 23, 0.9236164294352609)
(0, 2, 1, 24, 0.8542551743766214)
(0, 2, 1, 25, 0.9207289020378704)
(0, 2, 1, 26, 1.1416643990777808)
(0, 2, 1, 27, 1.00993511089356)
(0, 2, 1, 28, 0.7743935730183421)
(0, 2, 1, 29, 1.0945647690780433)
(0, 2, 1, 30, 0.8587448159818121)
(0, 2, 1, 31, 0.7317705344493484)
(0, 2, 1, 32, 0.9078750656920817)
(0, 2, 1, 33, 1.06008638209471)
(0, 2, 1, 34, 0.8186892804285231)
(0, 2, 1, 35, 0.8521223628517337)
(0, 2, 1, 36, 0.9878891610710118)
(0, 2, 1, 37, 0.6423566094849593)
(0, 2, 1, 38, 0.9491522009905518)
(0, 2, 1, 39, 0.6696705200943287)
(0, 2, 1, 40, 0.8694090744982793)
(0, 2, 1, 41, 0.8310414834175194)
(0, 2, 1, 42, 0.9959402310332052)
(0, 2, 1, 43, 0.687018859265973)
(0, 2, 1, 44, 0.8749285623303761)
(0, 2, 1, 45, 0.9375758709378954)
(0, 2, 1, 46, 0.8604432812099841)
(0, 2, 1, 47, 0.7705325940091129)
(0, 2, 1, 48, 0.8280356184256215)
(0, 2, 1, 49, 0.6911451875159937)
(0, 2, 1, 50, 0.8361129135549413)
(0, 2, 1, 51, 0.6980946674409059)
(0, 2, 1, 52, 0.9285239464636128)
(0, 2, 1, 53, 0.9464564961541847)
(0, 2, 1, 54, 0.8547175959718925)
(0, 2, 1, 55, 0.696866546185572)
(0, 2, 1, 56, 0.8453664963276813)
(0, 2, 1, 57, 0.9866032192078116)
(0, 2, 1, 58, 0.5219872476845568)
(0, 2, 1, 59, 0.8585153210755382)
(0, 2, 1, 60, 0.9528958661798814)
(0, 2, 1, 61, 0.8796466383621967)
(0, 2, 1, 62, 0.8778771403272166)
(0, 2, 1, 63, 0.6308095583109483)
(0, 2, 1, 64, 0.8735834040257496)
(0, 2, 1, 65, 0.7679827920353346)
(0, 2, 1, 66, 0.8174212087083957)
(0, 2, 1, 67, 0.8504391596267521)
(0, 2, 1, 68, 0.7677998989800972)
(0, 2, 1, 69, 0.7944340282303101)
(0, 2, 1, 70, 0.7770320243066575)
(0, 2, 1, 71, 0.6848966403366018)
(0, 2, 1, 72, 0.626924863740906)
(0, 2, 1, 73, 0.8654014555426657)
(0, 2, 1, 74, 0.6860817963180011)
(0, 2, 1, 75, 0.8018218973618588)
(0, 2, 1, 76, 0.6009353409772636)
(0, 2, 1, 77, 0.6789594551359126)
(0, 2, 1, 78, 0.7470025277562136)
(0, 2, 1, 79, 0.8682892819854519)
(0, 2, 1, 80, 0.8548595485995908)
(0, 2, 1, 81, 1.019530827792555)
(0, 2, 1, 82, 0.7173030254070941)
(0, 2, 1, 83, 0.7304973457050313)
(0, 2, 1, 84, 0.9355827104308263)
(0, 2, 1, 85, 0.824953209770985)
(0, 2, 1, 86, 0.7857312222785435)
(0, 2, 1, 87, 0.9170968631853366)
(0, 2, 1, 88, 0.6836839553729824)
(0, 2, 1, 89, 0.7790710931819333)
(0, 2, 1, 90, 0.9060793034690102)
(0, 2, 1, 91, 0.8436914389030262)
(0, 2, 1, 92, 0.710906974851482)
(0, 2, 1, 93, 0.7932821848801133)
(0, 2, 1, 94, 1.0603674207453686)
(0, 2, 1, 95, 0.9633034045107131)
(0, 2, 1, 96, 0.6466816492247554)
(0, 2, 1, 97, 0.7305496725071583)
(0, 2, 1, 98, 0.9205005437564355)
(0, 2, 1, 99, 0.8033634053327342)
(0, 2, 1, 100, 0.8469907159187492)
(0, 2, 1, 101, 0.825696176055844)
(0, 2, 1, 102, 0.7364589491970855)
(0, 2, 1, 103, 0.8456889094192762)
(0, 2, 1, 104, 0.8340348127392022)
(0, 2, 1, 105, 1.022771584856513)
(0, 2, 1, 106, 0.7109573466735167)
(0, 2, 1, 107, 0.7157289529603531)
(0, 2, 1, 108, 0.8278406586540101)
(0, 2, 1, 109, 0.7865870697182763)
(0, 2, 1, 110, 0.8226055071862426)
(0, 2, 1, 111, 1.0814952230749515)
(0, 2, 1, 112, 0.7795470385195791)
(0, 2, 1, 113, 0.7227409904680034)
(0, 2, 1, 114, 0.9615027517196936)
(0, 2, 1, 115, 0.5559082563306591)
(0, 2, 1, 116, 0.8434248495842539)
(0, 2, 1, 117, 0.6692936313745921)
(0, 2, 1, 118, 0.879300755834834)
(0, 2, 1, 119, 0.7370401357097368)
(0, 2, 1, 120, 0.9185311467871935)
(0, 2, 1, 121, 1.0694305829996424)
(0, 2, 1, 122, 0.9180876294055091)
(0, 2, 1, 123, 0.7886841202196061)
(0, 2, 1, 124, 0.8487728628315991)
(0, 2, 1, 125, 0.9501854236974471)
(0, 2, 1, 126, 0.9055573566249823)
(0, 2, 1, 127, 0.794685327945666)
(0, 2, 1, 128, 0.9575235738666238)
(0, 2, 1, 129, 0.8090470561671891)
(0, 2, 1, 130, 0.7499891595386572)
(0, 2, 1, 131, 1.02336896311042)
(0, 2, 1, 132, 0.7002174832695507)
(0, 2, 1, 133, 0.8545894383881891)
(0, 2, 1, 134, 0.9023643774184884)
(0, 2, 1, 135, 0.8399973352097632)
(0, 2, 1, 136, 0.7228936680405454)
(0, 2, 1, 137, 0.9335393164614118)
(0, 2, 1, 138, 0.8455731008008661)
(0, 2, 1, 139, 0.7168069919797357)
(0, 2, 1, 140, 0.8914681421225571)
(0, 2, 1, 141, 0.7885515217804834)
(0, 2, 1, 142, 0.8495309761544511)
(0, 2, 1, 143, 0.8286444724801311)
(0, 2, 1, 144, 0.6808744317821286)
(0, 2, 1, 145, 0.6172139434311562)
(0, 2, 1, 146, 0.7858631776031223)
(0, 2, 1, 147, 0.9145357831719232)
(0, 2, 1, 148, 0.9271872069187271)
(0, 2, 1, 149, 0.5653477187696919)
(0, 2, 1, 150, 1.0026908960784469)
(0, 2, 1, 151, 0.9546297724478023)
(0, 2, 1, 152, 0.7643229715829873)
(0, 2, 1, 153, 0.8336912122525012)
(0, 2, 1, 154, 0.7978978729436246)
(0, 2, 1, 155, 0.7469439943016919)
(0, 2, 1, 156, 0.7981335798016629)
(0, 2, 1, 157, 1.0029890614892643)
(0, 2, 1, 158, 0.552703675429267)
(0, 2, 1, 159, 0.9553811732509182)
(0, 2, 1, 160, 0.8449622055497563)
(0, 2, 1, 161, 0.9133595282445492)
(0, 2, 1, 162, 0.8602690811216291)
(0, 2, 1, 163, 0.692510507342776)
(0, 2, 1, 164, 0.7742534653156127)
(0, 2, 1, 165, 0.7132099411663594)
(0, 2, 1, 166, 0.9417588666221204)
(0, 2, 1, 167, 1.112873627721935)
(0, 2, 1, 168, 0.5791844641902018)
(0, 2, 1, 169, 0.7335773188289106)
(0, 2, 1, 170, 0.8590818588550865)
(0, 2, 1, 171, 0.7540265095372519)
(0, 2, 1, 172, 0.6923484477622454)
(0, 2, 1, 173, 0.7743422701671344)
(0, 2, 1, 174, 0.7509639859548911)
(0, 2, 1, 175, 0.8766567492685137)
(0, 2, 1, 176, 0.672399386468771)
(0, 2, 1, 177, 0.6276368055029103)
(0, 2, 1, 178, 0.9051956240490919)
(0, 2, 1, 179, 0.6260617779649197)
(0, 2, 1, 180, 0.7427738462617043)
(0, 2, 1, 181, 0.866406548293732)
(0, 2, 1, 182, 0.832938180266983)
(0, 2, 1, 183, 0.9736870167059197)
(0, 2, 1, 184, 0.807135240182526)
(0, 2, 1, 185, 0.9890095412538925)
(0, 2, 1, 186, 0.630172988333868)
(0, 2, 1, 187, 0.7210047870404424)
(0, 2, 1, 188, 0.6581227099546885)
(0, 2, 1, 189, 0.7635029936731803)
(0, 2, 1, 190, 0.7468448458174308)
(0, 2, 1, 191, 0.8566528638031167)
(0, 2, 1, 192, 0.8636124207919086)
(0, 2, 1, 193, 0.7419891544572029)
(0, 2, 1, 194, 0.7770734192944266)
(0, 2, 1, 195, 0.8257827016135306)
(0, 2, 1, 196, 0.7534660198892342)
(0, 2, 1, 197, 0.9013193942741466)
(0, 2, 1, 198, 0.7740216098217888)
(0, 2, 1, 199, 0.8722310796699009)
(0, 2, 1, 200, 0.9511087696307533)
(0, 2, 1, 201, 0.7259594663797185)
(0, 2, 1, 202, 0.8417340903516234)
(0, 2, 1, 203, 0.6771140245985651)
(0, 2, 1, 204, 0.6480961951843933)
(0, 2, 1, 205, 0.8610163404784238)
(0, 2, 1, 206, 0.8975871131850032)
(0, 2, 1, 207, 0.7639813892576425)
(0, 2, 1, 208, 0.8130841362852637)
(0, 2, 1, 209, 0.8137313259879043)
(0, 2, 1, 210, 0.8902830936078084)
(0, 2, 1, 211, 0.7325086666431071)
(0, 2, 1, 212, 0.7413203549625831)
(0, 2, 1, 213, 1.1449632428924403)
(0, 2, 1, 214, 0.7773354264422199)
(0, 2, 1, 215, 0.7258785546470709)
(0, 2, 1, 216, 0.8882329001253502)
(0, 2, 1, 217, 0.7543084336562027)
(0, 2, 1, 218, 0.7849800550637126)
(0, 2, 1, 219, 1.1050798222843419)
(0, 2, 1, 220, 1.0675108175402857)
(0, 2, 1, 221, 0.7918866327220755)
(0, 2, 1, 222, 0.8039601309529293)
(0, 2, 1, 223, 0.7772614476048672)
(0, 2, 1, 224, 0.9060647994073369)
(0, 2, 1, 225, 0.5815716076679067)
(0, 2, 1, 226, 0.7483203987175294)
(0, 2, 1, 227, 0.7301267433944348)
(0, 2, 1, 228, 0.9746098925451173)
(0, 2, 1, 229, 0.751415175760199)
(0, 2, 1, 230, 0.6582577301053137)
(0, 2, 1, 231, 0.5670309294666553)
(0, 2, 1, 232, 0.8613392497698178)
(0, 2, 1, 233, 0.8095554909057621)
(0, 2, 1, 234, 0.7084597315289257)
(0, 2, 1, 235, 0.8235045516097996)
(0, 2, 1, 236, 0.9198826340839096)
(0, 2, 1, 237, 0.8780365270809383)
(0, 2, 1, 238, 0.813484083871013)
(0, 2, 1, 239, 0.8315459115291065)
(0, 2, 1, 240, 0.9744280515112456)
(0, 2, 1, 241, 0.8804908235372688)
(0, 2, 1, 242, 0.6254732793190292)
(0, 2, 1, 243, 0.6375159090162748)
(0, 2, 1, 244, 0.8590000319134419)
(0, 2, 1, 245, 0.917063848556991)
(0, 2, 1, 246, 0.8222676758826949)
(0, 2, 1, 247, 0.7906136709713641)
(0, 2, 1, 248, 0.7485973611220985)
(0, 2, 1, 249, 0.7460319475397015)
(0, 3, 0, 0, 0.45409232189872123)
(0, 3, 0, 1, 0.37148478437555527)
(0, 3, 0, 2, 0.3620447960369443)
(0, 3, 0, 3, 0.2864375891193795)
(0, 3, 0, 4, 0.4819672173079066)
(0, 3, 0, 5, 0.38814823505480345)
(0, 3, 0, 6, 0.7779881780032599)
(0, 3, 0, 7, 0.48034423041688573)
(0, 3, 0, 8, 0.34667074484997373)
(0, 3, 0, 9, 0.3282309259888939)
(0, 3, 0, 10, 0.42166602429006333)
(0, 3, 0, 11, 0.42239472990658666)
(0, 3, 0, 12, 0.3389959121650597)
(0, 3, 0, 13, 0.3789788433549433)
(0, 3, 0, 14, 0.42380634714212123)
(0, 3, 0, 15, 0.391091368628243)
(0, 3, 0, 16, 0.5561345958449196)
(0, 3, 0, 17, 0.38532279348015436)
(0, 3, 0, 18, 0.4032505106678512)
(0, 3, 0, 19, 0.3512442207051443)
(0, 3, 0, 20, 0.3901294780909086)
(0, 3, 0, 21, 0.3916278803689169)
(0, 3, 0, 22, 0.42363133589865537)
(0, 3, 0, 23, 0.42159012286228953)
(0, 3, 0, 24, 0.3604375474184073)
(0, 3, 0, 25, 0.31617110271609467)
(0, 3, 0, 26, 0.319270123159353)
(0, 3, 0, 27, 0.6313477988808448)
(0, 3, 0, 28, 0.4145006547251203)
(0, 3, 0, 29, 0.3762803132430279)
(0, 3, 0, 30, 0.5053994424405769)
(0, 3, 0, 31, 0.48540588728757567)
(0, 3, 0, 32, 0.6303440915283244)
(0, 3, 0, 33, 0.6877574980972114)
(0, 3, 0, 34, 0.39420557365123177)
(0, 3, 0, 35, 0.2774535995312068)
(0, 3, 0, 36, 0.4865840850339348)
(0, 3, 0, 37, 0.3639671236307502)
(0, 3, 0, 38, 0.37364639507655933)
(0, 3, 0, 39, 0.4586612341950731)
(0, 3, 0, 40, 0.40158301449159606)
(0, 3, 0, 41, 0.3325257747064034)
(0, 3, 0, 42, 0.40139351684768826)
(0, 3, 0, 43, 0.6876276920486039)
(0, 3, 0, 44, 0.48966011518470126)
(0, 3, 0, 45, 0.5478924314889887)
(0, 3, 0, 46, 0.3701169946551366)
(0, 3, 0, 47, 0.41124641507692145)
(0, 3, 0, 48, 0.5229436539180454)
(0, 3, 0, 49, 0.33354416244350493)
(0, 3, 0, 50, 0.43328634511301456)
(0, 3, 0, 51, 0.42227841321869314)
(0, 3, 0, 52, 0.3803561019861217)
(0, 3, 0, 53, 0.34387520244696873)
(0, 3, 0, 54, 0.3711637894267112)
(0, 3, 0, 55, 0.38687973963056743)
(0, 3, 0, 56, 0.4078694712165151)
(0, 3, 0, 57, 0.3713486236730804)
(0, 3, 0, 58, 0.4239498627003419)
(0, 3, 0, 59, 0.46246978723053245)
(0, 3, 0, 60, 0.5541353130706741)
(0, 3, 0, 61, 0.3683028234054464)
(0, 3, 0, 62, 0.4093571085587568)
(0, 3, 0, 63, 0.382864329573583)
(0, 3, 0, 64, 0.39132818056246116)
(0, 3, 0, 65, 0.6313470427691945)
(0, 3, 0, 66, 0.7927668595625327)
(0, 3, 0, 67, 0.35356118536211223)
(0, 3, 0, 68, 0.46702238263295553)
(0, 3, 0, 69, 0.3634587797864016)
(0, 3, 0, 70, 0.39533266213069485)
(0, 3, 0, 71, 0.5557357549260559)
(0, 3, 0, 72, 0.422526993314243)
(0, 3, 0, 73, 0.4996216090075361)
(0, 3, 0, 74, 0.3347751785968331)
(0, 3, 0, 75, 0.3077589493980259)
(0, 3, 0, 76, 0.40946407436977683)
(0, 3, 0, 77, 0.3652838767962053)
(0, 3, 0, 78, 0.3939007214800854)
(0, 3, 0, 79, 0.3528832441923273)
(0, 3, 0, 80, 0.46976969839132665)
(0, 3, 0, 81, 0.27841831662953426)
(0, 3, 0, 82, 0.3983236059007736)
(0, 3, 0, 83, 0.36770481934592414)
(0, 3, 0, 84, 0.40833533021491114)
(0, 3, 0, 85, 0.3477376381703078)
(0, 3, 0, 86, 0.3658288296933345)
(0, 3, 0, 87, 0.4809005503098674)
(0, 3, 0, 88, 0.3811205601168099)
(0, 3, 0, 89, 0.5677669212974525)
(0, 3, 0, 90, 0.29262415097279026)
(0, 3, 0, 91, 0.49293584779670613)
(0, 3, 0, 92, 0.42107728407607775)
(0, 3, 0, 93, 0.32469213737084396)
(0, 3, 0, 94, 0.3569715541245516)
(0, 3, 0, 95, 0.3472684154417983)
(0, 3, 0, 96, 0.6071284135705148)
(0, 3, 0, 97, 0.35834076212346044)
(0, 3, 0, 98, 0.5186119979877928)
(0, 3, 0, 99, 0.48993125634369805)
(0, 3, 0, 100, 0.43653939831014454)
(0, 3, 0, 101, 0.5595465929705363)
(0, 3, 0, 102, 0.5562867308944147)
(0, 3, 0, 103, 0.36411126029334623)
(0, 3, 0, 104, 0.32553890205910035)
(0, 3, 0, 105, 0.584129897799325)
(0, 3, 0, 106, 0.3995156533514686)
(0, 3, 0, 107, 0.3232093750584826)
(0, 3, 0, 108, 0.4094049493942869)
(0, 3, 0, 109, 0.47173776169234244)
(0, 3, 0, 110, 0.39230384044787975)
(0, 3, 0, 111, 0.3667906378463962)
(0, 3, 0, 112, 0.8267292481571483)
(0, 3, 0, 113, 0.3792205507559678)
(0, 3, 0, 114, 0.3301735042125461)
(0, 3, 0, 115, 0.46811382203929214)
(0, 3, 0, 116, 0.3079964112313895)
(0, 3, 0, 117, 0.34682479064764304)
(0, 3, 0, 118, 0.5787422015010147)
(0, 3, 0, 119, 0.400321189516133)
(0, 3, 0, 120, 0.2984058943688407)
(0, 3, 0, 121, 0.5800958785508404)
(0, 3, 0, 122, 0.42204448217879426)
(0, 3, 0, 123, 0.40828526795299075)
(0, 3, 0, 124, 0.41819804469799327)
(0, 3, 0, 125, 0.419382418310286)
(0, 3, 0, 126, 0.4013771178667372)
(0, 3, 0, 127, 0.4325538006051683)
(0, 3, 0, 128, 0.36014084016130893)
(0, 3, 0, 129, 0.44996454882330567)
(0, 3, 0, 130, 0.3669315054546088)
(0, 3, 0, 131, 0.45501895120002306)
(0, 3, 0, 132, 0.34798169062715345)
(0, 3, 0, 133, 0.35308518730145333)
(0, 3, 0, 134, 0.472859490906142)
(0, 3, 0, 135, 0.4782073113786497)
(0, 3, 0, 136, 0.3846506984800313)
(0, 3, 0, 137, 0.6398644023729091)
(0, 3, 0, 138, 0.36054598011366124)
(0, 3, 0, 139, 0.46130217283634084)
(0, 3, 0, 140, 0.37464739649370626)
(0, 3, 0, 141, 0.3019862954808224)
(0, 3, 0, 142, 0.5938226557441423)
(0, 3, 0, 143, 0.4030410777567089)
(0, 3, 0, 144, 0.3826633564045784)
(0, 3, 0, 145, 0.656338295801269)
(0, 3, 0, 146, 0.532977006994408)
(0, 3, 0, 147, 0.4252489568865278)
(0, 3, 0, 148, 0.3927437980998256)
(0, 3, 0, 149, 0.3882949794759282)
(0, 3, 0, 150, 0.37361971785161036)
(0, 3, 0, 151, 0.4057790996851156)
(0, 3, 0, 152, 0.48403827192556903)
(0, 3, 0, 153, 0.3721410186146468)
(0, 3, 0, 154, 0.4051905125337488)
(0, 3, 0, 155, 0.39072290344525507)
(0, 3, 0, 156, 0.5631407298047724)
(0, 3, 0, 157, 0.3491065963876239)
(0, 3, 0, 158, 0.3630111477970992)
(0, 3, 0, 159, 0.48089614637753875)
(0, 3, 0, 160, 0.3755118995513832)
(0, 3, 0, 161, 0.3967401675126594)
(0, 3, 0, 162, 0.42455549931153924)
(0, 3, 0, 163, 0.3490917401902625)
(0, 3, 0, 164, 0.36023306571873526)
(0, 3, 0, 165, 0.4671079221907921)
(0, 3, 0, 166, 0.3884332661366825)
(0, 3, 0, 167, 0.37336529423459924)
(0, 3, 0, 168, 0.5824909768750018)
(0, 3, 0, 169, 0.5850356918129177)
(0, 3, 0, 170, 0.3796530849714645)
(0, 3, 0, 171, 0.5489158203783632)
(0, 3, 0, 172, 0.44515634676772714)
(0, 3, 0, 173, 0.7096206776871309)
(0, 3, 0, 174, 0.33689361937154066)
(0, 3, 0, 175, 0.47634217336928003)
(0, 3, 0, 176, 0.33808581690600575)
(0, 3, 0, 177, 0.5328767283775848)
(0, 3, 0, 178, 0.4684238797042369)
(0, 3, 0, 179, 0.4106448383138501)
(0, 3, 0, 180, 0.5043112991840943)
(0, 3, 0, 181, 0.43512285101423887)
(0, 3, 0, 182, 0.39380379138336624)
(0, 3, 0, 183, 0.4299101164411685)
(0, 3, 0, 184, 0.542112739319789)
(0, 3, 0, 185, 0.3502011929643599)
(0, 3, 0, 186, 0.46312929521556967)
(0, 3, 0, 187, 0.3361483198863115)
(0, 3, 0, 188, 0.3261755775033534)
(0, 3, 0, 189, 0.33608211708233793)
(0, 3, 0, 190, 0.4072776035668011)
(0, 3, 0, 191, 0.30355855678000343)
(0, 3, 0, 192, 0.6626581039126962)
(0, 3, 0, 193, 0.3818249821848474)
(0, 3, 0, 194, 0.3979642324411296)
(0, 3, 0, 195, 0.4079353522571198)
(0, 3, 0, 196, 0.35255922407479945)
(0, 3, 0, 197, 0.5239245509255663)
(0, 3, 0, 198, 0.448543913979335)
(0, 3, 0, 199, 0.4122448849971592)
(0, 3, 0, 200, 0.38505842149576075)
(0, 3, 0, 201, 0.42942481602298166)
(0, 3, 0, 202, 0.5104344842120928)
(0, 3, 0, 203, 0.4518071281607651)
(0, 3, 0, 204, 0.4254890436057913)
(0, 3, 0, 205, 0.37680016260918664)
(0, 3, 0, 206, 0.42523897639288993)
(0, 3, 0, 207, 0.39808812419347855)
(0, 3, 0, 208, 0.3505268310388325)
(0, 3, 0, 209, 0.3867823896942949)
(0, 3, 0, 210, 0.3183123584719133)
(0, 3, 0, 211, 0.4727953337195719)
(0, 3, 0, 212, 0.7033001377818817)
(0, 3, 0, 213, 0.5143561583280785)
(0, 3, 0, 214, 0.4909994325819649)
(0, 3, 0, 215, 0.40539385471571143)
(0, 3, 0, 216, 0.4197911630826794)
(0, 3, 0, 217, 0.3768823852873252)
(0, 3, 0, 218, 0.47677540562098614)
(0, 3, 0, 219, 0.4412079358071323)
(0, 3, 0, 220, 0.3197935629891482)
(0, 3, 0, 221, 0.441723604329989)
(0, 3, 0, 222, 0.5658159237489309)
(0, 3, 0, 223, 0.36565073816779414)
(0, 3, 0, 224, 0.35044225484863745)
(0, 3, 0, 225, 0.5195746035558104)
(0, 3, 0, 226, 0.3597320269676701)
(0, 3, 0, 227, 0.3413711366914454)
(0, 3, 0, 228, 0.34278466552394904)
(0, 3, 0, 229, 0.5147645076633859)
(0, 3, 0, 230, 0.6053416847689805)
(0, 3, 0, 231, 0.5013160577831304)
(0, 3, 0, 232, 0.31615538137751065)
(0, 3, 0, 233, 0.3567760091534772)
(0, 3, 0, 234, 0.3547222058190883)
(0, 3, 0, 235, 0.43822165621986836)
(0, 3, 0, 236, 0.5366507604529654)
(0, 3, 0, 237, 0.47502663045234145)
(0, 3, 0, 238, 0.36433199623730594)
(0, 3, 0, 239, 0.43596908974546716)
(0, 3, 0, 240, 0.31895859471566035)
(0, 3, 0, 241, 0.35214471589248764)
(0, 3, 0, 242, 0.44206523441028645)
(0, 3, 0, 243, 0.528187373898344)
(0, 3, 0, 244, 0.39328804489099917)
(0, 3, 0, 245, 0.335874671636834)
(0, 3, 0, 246, 0.5111736815475865)
(0, 3, 0, 247, 0.5826660123317426)
(0, 3, 0, 248, 0.4118879682602566)
(0, 3, 0, 249, 0.35893766655710446)
(0, 3, 1, 0, 0.6849472570291226)
(0, 3, 1, 1, 0.7562662453568061)
(0, 3, 1, 2, 0.6448666557882154)
(0, 3, 1, 3, 0.7820027705929569)
(0, 3, 1, 4, 0.8833523548149472)
(0, 3, 1, 5, 0.7142497495603378)
(0, 3, 1, 6, 0.7476630706764537)
(0, 3, 1, 7, 0.9114513047034294)
(0, 3, 1, 8, 0.7603018100013602)
(0, 3, 1, 9, 0.7617890446645911)
(0, 3, 1, 10, 0.7555410508156816)
(0, 3, 1, 11, 0.8122354925936136)
(0, 3, 1, 12, 0.7517591661127375)
(0, 3, 1, 13, 0.7289684184743599)
(0, 3, 1, 14, 0.7494409307349146)
(0, 3, 1, 15, 1.0359437211089098)
(0, 3, 1, 16, 0.8677668401718431)
(0, 3, 1, 17, 0.943226121066055)
(0, 3, 1, 18, 0.8227863904196374)
(0, 3, 1, 19, 0.9495746986377164)
(0, 3, 1, 20, 0.8881119658526941)
(0, 3, 1, 21, 0.7786675017750986)
(0, 3, 1, 22, 0.7517314282267927)
(0, 3, 1, 23, 0.9993690825253819)
(0, 3, 1, 24, 0.8661242719029432)
(0, 3, 1, 25, 0.9752846393063611)
(0, 3, 1, 26, 1.1230415375982983)
(0, 3, 1, 27, 0.9685575425576579)
(0, 3, 1, 28, 0.7475939159497479)
(0, 3, 1, 29, 1.0770819737702635)
(0, 3, 1, 30, 0.8748706878392137)
(0, 3, 1, 31, 0.7286881887298888)
(0, 3, 1, 32, 0.9458760166521153)
(0, 3, 1, 33, 1.0943074461271503)
(0, 3, 1, 34, 0.8135202118564945)
(0, 3, 1, 35, 0.8043770667365321)
(0, 3, 1, 36, 0.9670873415592834)
(0, 3, 1, 37, 0.740661160976586)
(0, 3, 1, 38, 0.9834912110019799)
(0, 3, 1, 39, 0.7536219506588829)
(0, 3, 1, 40, 0.9094301731965722)
(0, 3, 1, 41, 0.8740663778623559)
(0, 3, 1, 42, 1.0262667120468114)
(0, 3, 1, 43, 0.7334563898340559)
(0, 3, 1, 44, 0.9099857245204588)
(0, 3, 1, 45, 0.9756304299862741)
(0, 3, 1, 46, 0.8501405879355326)
(0, 3, 1, 47, 0.8868105994382259)
(0, 3, 1, 48, 0.799871683151488)
(0, 3, 1, 49, 0.7095053252918686)
(0, 3, 1, 50, 0.8537399785122933)
(0, 3, 1, 51, 0.9073180509103403)
(0, 3, 1, 52, 0.9377259800433478)
(0, 3, 1, 53, 1.0806959051300358)
(0, 3, 1, 54, 0.8118797139075532)
(0, 3, 1, 55, 0.7410774282125394)
(0, 3, 1, 56, 0.8912672252512865)
(0, 3, 1, 57, 0.9692692070365592)
(0, 3, 1, 58, 0.6789743677884381)
(0, 3, 1, 59, 0.8632488020540479)
(0, 3, 1, 60, 0.983350726088203)
(0, 3, 1, 61, 0.8673773160824001)
(0, 3, 1, 62, 0.8136043515642174)
(0, 3, 1, 63, 0.7088107577320681)
(0, 3, 1, 64, 0.9003774607501297)
(0, 3, 1, 65, 0.7564628159495534)
(0, 3, 1, 66, 0.8908791984339233)
(0, 3, 1, 67, 0.8541490585770525)
(0, 3, 1, 68, 0.8224649559644871)
(0, 3, 1, 69, 0.7433893690950155)
(0, 3, 1, 70, 0.8171510926940194)
(0, 3, 1, 71, 0.7702321069278899)
(0, 3, 1, 72, 0.7453837854020857)
(0, 3, 1, 73, 0.8228662007463161)
(0, 3, 1, 74, 0.7208239732179124)
(0, 3, 1, 75, 0.8323518132785945)
(0, 3, 1, 76, 0.652282330077663)
(0, 3, 1, 77, 0.7139586652829264)
(0, 3, 1, 78, 0.7483629976806376)
(0, 3, 1, 79, 0.9132879409697539)
(0, 3, 1, 80, 0.8532372669257637)
(0, 3, 1, 81, 1.0890090715063734)
(0, 3, 1, 82, 0.7801381313059466)
(0, 3, 1, 83, 0.9737973120130339)
(0, 3, 1, 84, 0.9323660794444507)
(0, 3, 1, 85, 0.8923609962795773)
(0, 3, 1, 86, 0.8817182491550302)
(0, 3, 1, 87, 0.9527108009063412)
(0, 3, 1, 88, 0.7576872672258497)
(0, 3, 1, 89, 0.7412370255222779)
(0, 3, 1, 90, 0.87167560764061)
(0, 3, 1, 91, 0.8651585180582062)
(0, 3, 1, 92, 0.7596127989168464)
(0, 3, 1, 93, 0.7788350107093581)
(0, 3, 1, 94, 1.0694034643627635)
(0, 3, 1, 95, 0.9713311281731162)
(0, 3, 1, 96, 0.7210640689805662)
(0, 3, 1, 97, 0.7693006075964157)
(0, 3, 1, 98, 0.8955070857654642)
(0, 3, 1, 99, 0.8116399768609703)
(0, 3, 1, 100, 0.838095992155522)
(0, 3, 1, 101, 0.8074740424623681)
(0, 3, 1, 102, 0.7754278707485197)
(0, 3, 1, 103, 0.8644194198080046)
(0, 3, 1, 104, 0.8116536765337181)
(0, 3, 1, 105, 1.045619767075559)
(0, 3, 1, 106, 0.8121953833352652)
(0, 3, 1, 107, 0.7550819470446797)
(0, 3, 1, 108, 0.7949054255278536)
(0, 3, 1, 109, 0.82297176823018)
(0, 3, 1, 110, 0.9193309326037223)
(0, 3, 1, 111, 1.0758271098382866)
(0, 3, 1, 112, 0.794701952406371)
(0, 3, 1, 113, 0.7622172062974685)
(0, 3, 1, 114, 0.967342281986951)
(0, 3, 1, 115, 0.6740877973022071)
(0, 3, 1, 116, 0.8399789080322767)
(0, 3, 1, 117, 0.7353792735211037)
(0, 3, 1, 118, 0.8711033180698918)
(0, 3, 1, 119, 0.8577905016727225)
(0, 3, 1, 120, 0.8811970628838816)
(0, 3, 1, 121, 1.0915174315067295)
(0, 3, 1, 122, 0.9031520403048278)
(0, 3, 1, 123, 0.786425774301515)
(0, 3, 1, 124, 1.0446138106662306)
(0, 3, 1, 125, 0.9164441934901405)
(0, 3, 1, 126, 0.9597136641390968)
(0, 3, 1, 127, 0.8183148266522066)
(0, 3, 1, 128, 0.9105759308045134)
(0, 3, 1, 129, 0.7966300253980094)
(0, 3, 1, 130, 0.7928260374917165)
(0, 3, 1, 131, 1.0485021905210157)
(0, 3, 1, 132, 0.8628669312893401)
(0, 3, 1, 133, 0.8492632729385948)
(0, 3, 1, 134, 0.865685720211037)
(0, 3, 1, 135, 0.8243009952964605)
(0, 3, 1, 136, 0.7637059278556312)
(0, 3, 1, 137, 0.9318067884517269)
(0, 3, 1, 138, 0.8564736837574174)
(0, 3, 1, 139, 0.7712177058443742)
(0, 3, 1, 140, 0.9052286226662706)
(0, 3, 1, 141, 0.8614559453832741)
(0, 3, 1, 142, 0.8387525703964148)
(0, 3, 1, 143, 0.8536645009470839)
(0, 3, 1, 144, 0.7318049048610946)
(0, 3, 1, 145, 0.7474201448273309)
(0, 3, 1, 146, 0.8202807176327697)
(0, 3, 1, 147, 0.930725436602946)
(0, 3, 1, 148, 0.9466902805740938)
(0, 3, 1, 149, 0.7183544540393496)
(0, 3, 1, 150, 0.9947619603761416)
(0, 3, 1, 151, 0.9903660943817016)
(0, 3, 1, 152, 0.7949793651047132)
(0, 3, 1, 153, 0.8590291375026271)
(0, 3, 1, 154, 0.7721789857456367)
(0, 3, 1, 155, 0.7571282082415804)
(0, 3, 1, 156, 0.8017136144462033)
(0, 3, 1, 157, 0.9825035453985406)
(0, 3, 1, 158, 0.6757000956714816)
(0, 3, 1, 159, 0.96887229128184)
(0, 3, 1, 160, 0.8583833062824621)
(0, 3, 1, 161, 0.9244258560568018)
(0, 3, 1, 162, 0.819560427421055)
(0, 3, 1, 163, 0.7249299359772853)
(0, 3, 1, 164, 0.8018735904522996)
(0, 3, 1, 165, 0.7359472114991816)
(0, 3, 1, 166, 0.8945898190107305)
(0, 3, 1, 167, 1.1416046241307287)
(0, 3, 1, 168, 0.6055149355556176)
(0, 3, 1, 169, 0.74175111751907)
(0, 3, 1, 170, 0.8576590104595488)
(0, 3, 1, 171, 0.9377992053633424)
(0, 3, 1, 172, 0.7591049133653244)
(0, 3, 1, 173, 0.8230811918025348)
(0, 3, 1, 174, 0.753223320003644)
(0, 3, 1, 175, 0.8772205015268103)
(0, 3, 1, 176, 0.6982645187289969)
(0, 3, 1, 177, 0.6667900523793844)
(0, 3, 1, 178, 0.9034493660418166)
(0, 3, 1, 179, 0.6895466408542271)
(0, 3, 1, 180, 0.7128753085697126)
(0, 3, 1, 181, 0.9013700301303841)
(0, 3, 1, 182, 0.8317578875742482)
(0, 3, 1, 183, 0.9190302199513584)
(0, 3, 1, 184, 0.8213447106511325)
(0, 3, 1, 185, 0.9440222927788717)
(0, 3, 1, 186, 0.6862111938829425)
(0, 3, 1, 187, 0.7504250028613261)
(0, 3, 1, 188, 0.6608437024750574)
(0, 3, 1, 189, 0.8368510046039008)
(0, 3, 1, 190, 0.7700267520446022)
(0, 3, 1, 191, 0.8774497170642767)
(0, 3, 1, 192, 0.892373266987335)
(0, 3, 1, 193, 0.807651849657063)
(0, 3, 1, 194, 0.7694528268960591)
(0, 3, 1, 195, 0.8624230903144217)
(0, 3, 1, 196, 0.737728225737022)
(0, 3, 1, 197, 0.8816482718247903)
(0, 3, 1, 198, 0.8658190361272601)
(0, 3, 1, 199, 0.8942167342554235)
(0, 3, 1, 200, 0.9609813858158581)
(0, 3, 1, 201, 0.7944407895913327)
(0, 3, 1, 202, 0.8585813666301196)
(0, 3, 1, 203, 0.7395907638233432)
(0, 3, 1, 204, 0.6971895980822023)
(0, 3, 1, 205, 0.8879403364272238)
(0, 3, 1, 206, 0.8776044119161772)
(0, 3, 1, 207, 0.9115621310733862)
(0, 3, 1, 208, 0.8813314985406137)
(0, 3, 1, 209, 0.8196169175743981)
(0, 3, 1, 210, 0.9013949970047825)
(0, 3, 1, 211, 0.7699928479976172)
(0, 3, 1, 212, 0.8348266902588108)
(0, 3, 1, 213, 1.2131427813155318)
(0, 3, 1, 214, 0.7584642599567338)
(0, 3, 1, 215, 0.7594449105758826)
(0, 3, 1, 216, 0.8696136688050111)
(0, 3, 1, 217, 0.7818199185887797)
(0, 3, 1, 218, 0.7944944209823726)
(0, 3, 1, 219, 1.1151581245381794)
(0, 3, 1, 220, 1.083040268160225)
(0, 3, 1, 221, 0.8298134915767691)
(0, 3, 1, 222, 0.7791486033878495)
(0, 3, 1, 223, 0.8537803896338462)
(0, 3, 1, 224, 0.8316086941373135)
(0, 3, 1, 225, 0.699876313127261)
(0, 3, 1, 226, 0.7791294795836607)
(0, 3, 1, 227, 0.7369343045848321)
(0, 3, 1, 228, 0.9496035513211519)
(0, 3, 1, 229, 0.7773725396145298)
(0, 3, 1, 230, 0.7474250297888245)
(0, 3, 1, 231, 0.6808343260957241)
(0, 3, 1, 232, 0.8364160507931615)
(0, 3, 1, 233, 0.8154277365899836)
(0, 3, 1, 234, 0.7405478845217601)
(0, 3, 1, 235, 0.8350730068518984)
(0, 3, 1, 236, 0.9363960093250954)
(0, 3, 1, 237, 0.8556879616785976)
(0, 3, 1, 238, 0.7676351512262781)
(0, 3, 1, 239, 0.8228384111153818)
(0, 3, 1, 240, 0.9272540047010726)
(0, 3, 1, 241, 0.8905738522246426)
(0, 3, 1, 242, 0.6843700670969375)
(0, 3, 1, 243, 0.656210069776003)
(0, 3, 1, 244, 0.9273384437265125)
(0, 3, 1, 245, 0.939952534767704)
(0, 3, 1, 246, 0.8322273145656541)
(0, 3, 1, 247, 0.8081276325196836)
(0, 3, 1, 248, 0.8506044369077483)
(0, 3, 1, 249, 0.988442776387568)
