(0, 0, 0, 0, 0.46721336033675737)
(0, 0, 0, 1, 0.424767525323495)
(0, 0, 0, 2, 0.3901189768480784)
(0, 0, 0, 3, 0.29594757719932424)
(0, 0, 0, 4, 0.6044560154805878)
(0, 0, 0, 5, 0.4919418747138307)
(0, 0, 0, 6, 0.9002058178799313)
(0, 0, 0, 7, 0.556379101755443)
(0, 0, 0, 8, 0.38174872743326566)
(0, 0, 0, 9, 0.3520278327135856)
(0, 0, 0, 10, 0.4661855469787153)
(0, 0, 0, 11, 0.5194193086899008)
(0, 0, 0, 12, 0.36905945006225765)
(0, 0, 0, 13, 0.4221133962832528)
(0, 0, 0, 14, 0.4211008901945698)
(0, 0, 0, 15, 0.39821673153072734)
(0, 0, 0, 16, 0.6229488285367516)
(0, 0, 0, 17, 0.4701753254833229)
(0, 0, 0, 18, 0.4764803811624715)
(0, 0, 0, 19, 0.37933916395427814)
(0, 0, 0, 20, 0.4779825545894172)
(0, 0, 0, 21, 0.4081401865369156)
(0, 0, 0, 22, 0.4849638364054615)
(0, 0, 0, 23, 0.404236258636116)
(0, 0, 0, 24, 0.3353865598063426)
(0, 0, 0, 25, 0.4832830644994348)
(0, 0, 0, 26, 0.3590866762637809)
(0, 0, 0, 27, 0.6643322419097336)
(0, 0, 0, 28, 0.4589802641485672)
(0, 0, 0, 29, 0.38314704450295056)
(0, 0, 0, 30, 0.48087350113511584)
(0, 0, 0, 31, 0.5567453514386423)
(0, 0, 0, 32, 0.5680175106222013)
(0, 0, 0, 33, 0.6970082216782983)
(0, 0, 0, 34, 0.4210324244713365)
(0, 0, 0, 35, 0.34315410878141683)
(0, 0, 0, 36, 0.5606160561026596)
(0, 0, 0, 37, 0.39445663458974484)
(0, 0, 0, 38, 0.4469248009332877)
(0, 0, 0, 39, 0.46436423770962043)
(0, 0, 0, 40, 0.4333312913636463)
(0, 0, 0, 41, 0.3709308621080998)
(0, 0, 0, 42, 0.4444198089413565)
(0, 0, 0, 43, 0.7064201697887962)
(0, 0, 0, 44, 0.500051914893802)
(0, 0, 0, 45, 0.6146819756487863)
(0, 0, 0, 46, 0.5049704671379529)
(0, 0, 0, 47, 0.39216790690652636)
(0, 0, 0, 48, 0.5615410548582543)
(0, 0, 0, 49, 0.3215580029164473)
(0, 0, 0, 50, 0.44979675288445137)
(0, 0, 0, 51, 0.4618608928126396)
(0, 0, 0, 52, 0.4523216104222466)
(0, 0, 0, 53, 0.39075529304140716)
(0, 0, 0, 54, 0.40758229917922784)
(0, 0, 0, 55, 0.3900423752941322)
(0, 0, 0, 56, 0.4373156711968011)
(0, 0, 0, 57, 0.3748911190037311)
(0, 0, 0, 58, 0.41064813295559366)
(0, 0, 0, 59, 0.460657051103806)
(0, 0, 0, 60, 0.5195251531782844)
(0, 0, 0, 61, 0.4287705701771454)
(0, 0, 0, 62, 0.45070981557884443)
(0, 0, 0, 63, 0.36843178372194046)
(0, 0, 0, 64, 0.4504791185966406)
(0, 0, 0, 65, 0.762624668418842)
(0, 0, 0, 66, 0.9265165268713805)
(0, 0, 0, 67, 0.43465371039888623)
(0, 0, 0, 68, 0.5207606776130396)
(0, 0, 0, 69, 0.43364126837495853)
(0, 0, 0, 70, 0.4386753131013412)
(0, 0, 0, 71, 0.5417424724943268)
(0, 0, 0, 72, 0.4374712438803339)
(0, 0, 0, 73, 0.5213912707336591)
(0, 0, 0, 74, 0.3415117798410604)
(0, 0, 0, 75, 0.31670934084097563)
(0, 0, 0, 76, 0.4462207589276205)
(0, 0, 0, 77, 0.4727009111644065)
(0, 0, 0, 78, 0.40379802477444304)
(0, 0, 0, 79, 0.39639184233770425)
(0, 0, 0, 80, 0.5070594531912899)
(0, 0, 0, 81, 0.3235663709913768)
(0, 0, 0, 82, 0.4619395393022671)
(0, 0, 0, 83, 0.3873482666666824)
(0, 0, 0, 84, 0.4208221190884692)
(0, 0, 0, 85, 0.4092837133940783)
(0, 0, 0, 86, 0.38554574827429144)
(0, 0, 0, 87, 0.5354093682431745)
(0, 0, 0, 88, 0.4136167329360873)
(0, 0, 0, 89, 0.5716141474869978)
(0, 0, 0, 90, 0.34442477619796114)
(0, 0, 0, 91, 0.5553422515128609)
(0, 0, 0, 92, 0.49587102868874106)
(0, 0, 0, 93, 0.36557844568725256)
(0, 0, 0, 94, 0.4446853456790969)
(0, 0, 0, 95, 0.43929182389368304)
(0, 0, 0, 96, 0.6087194064581878)
(0, 0, 0, 97, 0.4052705143473198)
(0, 0, 0, 98, 0.5045309727407122)
(0, 0, 0, 99, 0.46346806889173975)
(0, 0, 0, 100, 0.4879128437564944)
(0, 0, 0, 101, 0.6415487803150031)
(0, 0, 0, 102, 0.5746206666050908)
(0, 0, 0, 103, 0.4495358517701364)
(0, 0, 0, 104, 0.3321413384316427)
(0, 0, 0, 105, 0.6095531267525055)
(0, 0, 0, 106, 0.35947337794910084)
(0, 0, 0, 107, 0.39751804422744463)
(0, 0, 0, 108, 0.45668512379677717)
(0, 0, 0, 109, 0.5542695571710384)
(0, 0, 0, 110, 0.4069051647197275)
(0, 0, 0, 111, 0.3844493585607848)
(0, 0, 0, 112, 0.8753808824824504)
(0, 0, 0, 113, 0.37609798212003814)
(0, 0, 0, 114, 0.45017032414218844)
(0, 0, 0, 115, 0.5299308954852526)
(0, 0, 0, 116, 0.36582982991567575)
(0, 0, 0, 117, 0.3810838970261334)
(0, 0, 0, 118, 0.680258868866207)
(0, 0, 0, 119, 0.4815335214455227)
(0, 0, 0, 120, 0.4071368314846395)
(0, 0, 0, 121, 0.6003179468329622)
(0, 0, 0, 122, 0.46408148023804924)
(0, 0, 0, 123, 0.47858556955365145)
(0, 0, 0, 124, 0.4310645145749855)
(0, 0, 0, 125, 0.48982446681791836)
(0, 0, 0, 126, 0.44791623819562537)
(0, 0, 0, 127, 0.46332233899835606)
(0, 0, 0, 128, 0.40375628470558395)
(0, 0, 0, 129, 0.47996906617657503)
(0, 0, 0, 130, 0.2831264092014309)
(0, 0, 0, 131, 0.5220125290801575)
(0, 0, 0, 132, 0.37356287591524356)
(0, 0, 0, 133, 0.43579598382784873)
(0, 0, 0, 134, 0.4999131714211473)
(0, 0, 0, 135, 0.48614031250438366)
(0, 0, 0, 136, 0.38898955656275824)
(0, 0, 0, 137, 0.7505470124636813)
(0, 0, 0, 138, 0.4066686719357559)
(0, 0, 0, 139, 0.5099690057060012)
(0, 0, 0, 140, 0.42574546416838494)
(0, 0, 0, 141, 0.3867262268882388)
(0, 0, 0, 142, 0.6901588976042057)
(0, 0, 0, 143, 0.4522670556620198)
(0, 0, 0, 144, 0.42128905206387607)
(0, 0, 0, 145, 0.7267186249911302)
(0, 0, 0, 146, 0.5564318415969632)
(0, 0, 0, 147, 0.45578943592669086)
(0, 0, 0, 148, 0.4025085505619714)
(0, 0, 0, 149, 0.43847888047210254)
(0, 0, 0, 150, 0.3301370072746794)
(0, 0, 0, 151, 0.48962844473023603)
(0, 0, 0, 152, 0.5367084568107983)
(0, 0, 0, 153, 0.4275081290646264)
(0, 0, 0, 154, 0.453014069947978)
(0, 0, 0, 155, 0.45931437218265647)
(0, 0, 0, 156, 0.7101344252204443)
(0, 0, 0, 157, 0.32582197877812547)
(0, 0, 0, 158, 0.39777156167375965)
(0, 0, 0, 159, 0.5270814013285122)
(0, 0, 0, 160, 0.396144447158685)
(0, 0, 0, 161, 0.4032578760414932)
(0, 0, 0, 162, 0.5007940582977958)
(0, 0, 0, 163, 0.38501971438754157)
(0, 0, 0, 164, 0.3819579423280901)
(0, 0, 0, 165, 0.47593484936497615)
(0, 0, 0, 166, 0.40133984314132715)
(0, 0, 0, 167, 0.39591035369803457)
(0, 0, 0, 168, 0.6157118152536607)
(0, 0, 0, 169, 0.6842397324858044)
(0, 0, 0, 170, 0.39992192804192883)
(0, 0, 0, 171, 0.6207677338726466)
(0, 0, 0, 172, 0.4916056562544619)
(0, 0, 0, 173, 0.7485273090349329)
(0, 0, 0, 174, 0.37667424656204707)
(0, 0, 0, 175, 0.514948047423025)
(0, 0, 0, 176, 0.3893405835778234)
(0, 0, 0, 177, 0.658341208142267)
(0, 0, 0, 178, 0.5293595174889922)
(0, 0, 0, 179, 0.44915114838237613)
(0, 0, 0, 180, 0.5601477548919509)
(0, 0, 0, 181, 0.5416784360626177)
(0, 0, 0, 182, 0.43584144489149884)
(0, 0, 0, 183, 0.4611798614507474)
(0, 0, 0, 184, 0.5017987262815927)
(0, 0, 0, 185, 0.40822549888254694)
(0, 0, 0, 186, 0.4943581167594775)
(0, 0, 0, 187, 0.5390463079323387)
(0, 0, 0, 188, 0.3958887128492199)
(0, 0, 0, 189, 0.5020791994849426)
(0, 0, 0, 190, 0.44932057426541616)
(0, 0, 0, 191, 0.29621359849222045)
(0, 0, 0, 192, 0.6584823748566532)
(0, 0, 0, 193, 0.3376642159775578)
(0, 0, 0, 194, 0.41022065118168993)
(0, 0, 0, 195, 0.4351918216840492)
(0, 0, 0, 196, 0.3551166460078895)
(0, 0, 0, 197, 0.6290864799271717)
(0, 0, 0, 198, 0.4567589421204021)
(0, 0, 0, 199, 0.42275104884688747)
(0, 0, 0, 200, 0.5027451823343106)
(0, 0, 0, 201, 0.4688606119812481)
(0, 0, 0, 202, 0.5333430430157978)
(0, 0, 0, 203, 0.5570059131472248)
(0, 0, 0, 204, 0.4412641816471409)
(0, 0, 0, 205, 0.47349050938274106)
(0, 0, 0, 206, 0.45730684749152856)
(0, 0, 0, 207, 0.4832221148787947)
(0, 0, 0, 208, 0.4564394164440152)
(0, 0, 0, 209, 0.42903844353423176)
(0, 0, 0, 210, 0.3365148956635517)
(0, 0, 0, 211, 0.5847155687516812)
(0, 0, 0, 212, 0.8405150132172793)
(0, 0, 0, 213, 0.5370189042831286)
(0, 0, 0, 214, 0.4880407958437443)
(0, 0, 0, 215, 0.46454464683572033)
(0, 0, 0, 216, 0.4151007220616843)
(0, 0, 0, 217, 0.3883430057035565)
(0, 0, 0, 218, 0.4871876427407813)
(0, 0, 0, 219, 0.4791758029905539)
(0, 0, 0, 220, 0.3282072301019783)
(0, 0, 0, 221, 0.4492819908754257)
(0, 0, 0, 222, 0.6548327173594282)
(0, 0, 0, 223, 0.37887016013317176)
(0, 0, 0, 224, 0.3951386348103017)
(0, 0, 0, 225, 0.610926413441477)
(0, 0, 0, 226, 0.4163874348233661)
(0, 0, 0, 227, 0.3981218513715632)
(0, 0, 0, 228, 0.4140206049470657)
(0, 0, 0, 229, 0.5775430891558432)
(0, 0, 0, 230, 0.7038455598510182)
(0, 0, 0, 231, 0.4646891385187127)
(0, 0, 0, 232, 0.32502158261708286)
(0, 0, 0, 233, 0.38608287988761664)
(0, 0, 0, 234, 0.4021887387106101)
(0, 0, 0, 235, 0.4491022977549818)
(0, 0, 0, 236, 0.5111080567147004)
(0, 0, 0, 237, 0.5240073302479021)
(0, 0, 0, 238, 0.4183454472556522)
(0, 0, 0, 239, 0.5075631631560024)
(0, 0, 0, 240, 0.3842747629592156)
(0, 0, 0, 241, 0.37054751861309476)
(0, 0, 0, 242, 0.44653906586929853)
(0, 0, 0, 243, 0.5437279925534951)
(0, 0, 0, 244, 0.4333316187207816)
(0, 0, 0, 245, 0.44688642931997297)
(0, 0, 0, 246, 0.5708022872594949)
(0, 0, 0, 247, 0.6622834313188416)
(0, 0, 0, 248, 0.3996341978317488)
(0, 0, 0, 249, 0.3444622688513297)
(0, 0, 1, 0, 0.7452602318330884)
(0, 0, 1, 1, 0.7864773584798006)
(0, 0, 1, 2, 0.7159917234976918)
(0, 0, 1, 3, 0.8179050663444501)
(0, 0, 1, 4, 0.8251104863772423)
(0, 0, 1, 5, 0.7671843075624486)
(0, 0, 1, 6, 0.7597623393063591)
(0, 0, 1, 7, 0.9181314388943865)
(0, 0, 1, 8, 0.7999868203206376)
(0, 0, 1, 9, 0.7523288870656089)
(0, 0, 1, 10, 0.781781980202375)
(0, 0, 1, 11, 0.874098812818966)
(0, 0, 1, 12, 0.8094754242041876)
(0, 0, 1, 13, 0.7651277656173203)
(0, 0, 1, 14, 0.751472284578582)
(0, 0, 1, 15, 1.0530633666525357)
(0, 0, 1, 16, 0.8970195463354321)
(0, 0, 1, 17, 1.034598783831905)
(0, 0, 1, 18, 0.8736371205017307)
(0, 0, 1, 19, 0.9787005736937641)
(0, 0, 1, 20, 0.8853110002677258)
(0, 0, 1, 21, 0.758982854091775)
(0, 0, 1, 22, 0.8119895649631962)
(0, 0, 1, 23, 0.9211879091848427)
(0, 0, 1, 24, 0.8582236262454935)
(0, 0, 1, 25, 0.9269855593662479)
(0, 0, 1, 26, 1.1552385913483079)
(0, 0, 1, 27, 0.9509117055785334)
(0, 0, 1, 28, 0.808981939589325)
(0, 0, 1, 29, 1.080801890616639)
(0, 0, 1, 30, 0.9293211728228691)
(0, 0, 1, 31, 0.7556495787294005)
(0, 0, 1, 32, 0.9361799854904281)
(0, 0, 1, 33, 1.1293443992811734)
(0, 0, 1, 34, 0.8456858372398873)
(0, 0, 1, 35, 0.8402852081422798)
(0, 0, 1, 36, 0.980016280646781)
(0, 0, 1, 37, 0.7827262719854361)
(0, 0, 1, 38, 1.0226221128740702)
(0, 0, 1, 39, 0.7684944977174335)
(0, 0, 1, 40, 0.9317079379345313)
(0, 0, 1, 41, 0.9043894117005273)
(0, 0, 1, 42, 1.0666757847865131)
(0, 0, 1, 43, 0.7654331909212704)
(0, 0, 1, 44, 0.9134455129601922)
(0, 0, 1, 45, 1.0196428954012022)
(0, 0, 1, 46, 0.874694865314584)
(0, 0, 1, 47, 0.896380602021855)
(0, 0, 1, 48, 0.8500917743112911)
(0, 0, 1, 49, 0.746946932678384)
(0, 0, 1, 50, 0.8654656159096549)
(0, 0, 1, 51, 0.9257352700558367)
(0, 0, 1, 52, 0.98510045819516)
(0, 0, 1, 53, 1.102278687241746)
(0, 0, 1, 54, 0.8756222987430906)
(0, 0, 1, 55, 0.788635268230832)
(0, 0, 1, 56, 0.9210273157837847)
(0, 0, 1, 57, 0.9819957906393382)
(0, 0, 1, 58, 0.7651396983634868)
(0, 0, 1, 59, 0.9143594003549854)
(0, 0, 1, 60, 0.960091175896149)
(0, 0, 1, 61, 0.9514070460903916)
(0, 0, 1, 62, 0.8788451303827673)
(0, 0, 1, 63, 0.7559477401443139)
(0, 0, 1, 64, 0.9407745013406538)
(0, 0, 1, 65, 0.7758501173817763)
(0, 0, 1, 66, 0.871194320092066)
(0, 0, 1, 67, 0.8518390654845512)
(0, 0, 1, 68, 0.7915911447439954)
(0, 0, 1, 69, 0.8172277263567281)
(0, 0, 1, 70, 0.836857507127876)
(0, 0, 1, 71, 0.7905115538305386)
(0, 0, 1, 72, 0.7424134181174061)
(0, 0, 1, 73, 0.8723572777086259)
(0, 0, 1, 74, 0.7397330156997459)
(0, 0, 1, 75, 0.8060423098920949)
(0, 0, 1, 76, 0.7338229784077602)
(0, 0, 1, 77, 0.805893467425857)
(0, 0, 1, 78, 0.8164256141456633)
(0, 0, 1, 79, 0.9432480180112072)
(0, 0, 1, 80, 0.8321740719161399)
(0, 0, 1, 81, 1.0962669187345064)
(0, 0, 1, 82, 0.8092886059624678)
(0, 0, 1, 83, 0.9190697655290117)
(0, 0, 1, 84, 0.9616925843707033)
(0, 0, 1, 85, 0.887771711328842)
(0, 0, 1, 86, 0.8049117591225262)
(0, 0, 1, 87, 0.980391559365618)
(0, 0, 1, 88, 0.7359691205787565)
(0, 0, 1, 89, 0.8069110060840228)
(0, 0, 1, 90, 0.8864841183574794)
(0, 0, 1, 91, 0.8780492186549668)
(0, 0, 1, 92, 0.7881056553042428)
(0, 0, 1, 93, 0.7857969037413686)
(0, 0, 1, 94, 1.0889331585490958)
(0, 0, 1, 95, 1.0020772827891435)
(0, 0, 1, 96, 0.7747020987737842)
(0, 0, 1, 97, 0.7814961958688027)
(0, 0, 1, 98, 0.9100600967272259)
(0, 0, 1, 99, 0.8214591279495929)
(0, 0, 1, 100, 0.8795876614829224)
(0, 0, 1, 101, 0.8368373200604816)
(0, 0, 1, 102, 0.7904611071507397)
(0, 0, 1, 103, 0.902667663274242)
(0, 0, 1, 104, 0.8408601659707937)
(0, 0, 1, 105, 1.0782911056325646)
(0, 0, 1, 106, 0.8825741590469001)
(0, 0, 1, 107, 0.8221429639837946)
(0, 0, 1, 108, 0.853303025216918)
(0, 0, 1, 109, 0.792776176551983)
(0, 0, 1, 110, 0.9667464013277425)
(0, 0, 1, 111, 1.0799417107315805)
(0, 0, 1, 112, 0.8141993666718333)
(0, 0, 1, 113, 0.7972266947261551)
(0, 0, 1, 114, 1.0153497654941563)
(0, 0, 1, 115, 0.7410033747556616)
(0, 0, 1, 116, 0.8545003792284306)
(0, 0, 1, 117, 0.7701658862142386)
(0, 0, 1, 118, 0.8621073828780975)
(0, 0, 1, 119, 0.9044072060969242)
(0, 0, 1, 120, 0.883055847178273)
(0, 0, 1, 121, 1.1266689150803775)
(0, 0, 1, 122, 0.9440845830229835)
(0, 0, 1, 123, 0.8428874131933569)
(0, 0, 1, 124, 1.0693388762001925)
(0, 0, 1, 125, 0.9483090529020958)
(0, 0, 1, 126, 0.9392756144332214)
(0, 0, 1, 127, 0.8004709303390537)
(0, 0, 1, 128, 0.9384708014417402)
(0, 0, 1, 129, 0.9064086542856647)
(0, 0, 1, 130, 0.7924915892260964)
(0, 0, 1, 131, 1.0893333923884299)
(0, 0, 1, 132, 0.8825409211907609)
(0, 0, 1, 133, 0.8701775089779917)
(0, 0, 1, 134, 0.9248468568787555)
(0, 0, 1, 135, 0.8828297128663969)
(0, 0, 1, 136, 0.8005320805577689)
(0, 0, 1, 137, 0.9371583578591173)
(0, 0, 1, 138, 0.8679291027755215)
(0, 0, 1, 139, 0.7608536439566915)
(0, 0, 1, 140, 0.9343573312839649)
(0, 0, 1, 141, 0.8609317729311374)
(0, 0, 1, 142, 0.9012923775447903)
(0, 0, 1, 143, 0.8272159466317576)
(0, 0, 1, 144, 0.7856628896468943)
(0, 0, 1, 145, 0.7900540421947425)
(0, 0, 1, 146, 0.8195867593854858)
(0, 0, 1, 147, 0.9681967260091107)
(0, 0, 1, 148, 0.9781070764539574)
(0, 0, 1, 149, 0.7348019622570955)
(0, 0, 1, 150, 1.0213358080460133)
(0, 0, 1, 151, 1.0180173714781633)
(0, 0, 1, 152, 0.7937667712743437)
(0, 0, 1, 153, 0.9108884834077631)
(0, 0, 1, 154, 0.7719392391047339)
(0, 0, 1, 155, 0.7950180547331303)
(0, 0, 1, 156, 0.8584608164186852)
(0, 0, 1, 157, 0.9671539069706943)
(0, 0, 1, 158, 0.7408139029739322)
(0, 0, 1, 159, 1.007472057838262)
(0, 0, 1, 160, 0.9191505650643561)
(0, 0, 1, 161, 0.8895495150084993)
(0, 0, 1, 162, 0.8757807147381993)
(0, 0, 1, 163, 0.7318680149576502)
(0, 0, 1, 164, 0.8490934845053019)
(0, 0, 1, 165, 0.7888521241240153)
(0, 0, 1, 166, 0.921735656518353)
(0, 0, 1, 167, 1.213162348593154)
(0, 0, 1, 168, 0.6825112557344103)
(0, 0, 1, 169, 0.7591889730413727)
(0, 0, 1, 170, 0.8752204149330516)
(0, 0, 1, 171, 0.9517599418882916)
(0, 0, 1, 172, 0.7822123551689063)
(0, 0, 1, 173, 0.8583769679913718)
(0, 0, 1, 174, 0.8042210214720429)
(0, 0, 1, 175, 0.8958827422946258)
(0, 0, 1, 176, 0.7448650262774104)
(0, 0, 1, 177, 0.7759562644817763)
(0, 0, 1, 178, 0.9614345456003653)
(0, 0, 1, 179, 0.7486453401000197)
(0, 0, 1, 180, 0.8124824527653486)
(0, 0, 1, 181, 0.9353992662349817)
(0, 0, 1, 182, 0.8552870628590399)
(0, 0, 1, 183, 1.0221184994473838)
(0, 0, 1, 184, 0.8426599492873182)
(0, 0, 1, 185, 0.982134194156098)
(0, 0, 1, 186, 0.7419859346502329)
(0, 0, 1, 187, 0.8011764347341679)
(0, 0, 1, 188, 0.7435774917616437)
(0, 0, 1, 189, 0.7937905385025354)
(0, 0, 1, 190, 0.7707687710081691)
(0, 0, 1, 191, 0.8473199480216913)
(0, 0, 1, 192, 0.8904005782754766)
(0, 0, 1, 193, 0.8303391782504499)
(0, 0, 1, 194, 0.7742468113466106)
(0, 0, 1, 195, 0.8802194162229062)
(0, 0, 1, 196, 0.791419100263186)
(0, 0, 1, 197, 0.9100760076736962)
(0, 0, 1, 198, 0.9157145594917921)
(0, 0, 1, 199, 0.871208383694739)
(0, 0, 1, 200, 0.975651284206746)
(0, 0, 1, 201, 0.8010094643138908)
(0, 0, 1, 202, 0.8886045020285953)
(0, 0, 1, 203, 0.7704516657005369)
(0, 0, 1, 204, 0.798295568557441)
(0, 0, 1, 205, 0.9063554627851318)
(0, 0, 1, 206, 0.9139528548063901)
(0, 0, 1, 207, 0.9383471199496126)
(0, 0, 1, 208, 0.9418358983420946)
(0, 0, 1, 209, 0.849990129621302)
(0, 0, 1, 210, 0.9390035548140367)
(0, 0, 1, 211, 0.8328532401549257)
(0, 0, 1, 212, 0.8216297256337803)
(0, 0, 1, 213, 1.2223943170407396)
(0, 0, 1, 214, 0.7982361201826198)
(0, 0, 1, 215, 0.7783809159410715)
(0, 0, 1, 216, 0.9501863125600043)
(0, 0, 1, 217, 0.7793889591918698)
(0, 0, 1, 218, 0.8158706236195746)
(0, 0, 1, 219, 1.1584028402376165)
(0, 0, 1, 220, 1.1199276748720002)
(0, 0, 1, 221, 0.8277890207429144)
(0, 0, 1, 222, 0.8426882538153279)
(0, 0, 1, 223, 0.854780221248807)
(0, 0, 1, 224, 0.963759915413935)
(0, 0, 1, 225, 0.747774576957984)
(0, 0, 1, 226, 0.8450717065832622)
(0, 0, 1, 227, 0.7964485709831945)
(0, 0, 1, 228, 1.0141743577201296)
(0, 0, 1, 229, 0.8005603073826502)
(0, 0, 1, 230, 0.7511693334555078)
(0, 0, 1, 231, 0.7687654815241987)
(0, 0, 1, 232, 0.872627651746181)
(0, 0, 1, 233, 0.8513890372233124)
(0, 0, 1, 234, 0.7738600076069329)
(0, 0, 1, 235, 0.8667553648603866)
(0, 0, 1, 236, 0.9531021202724518)
(0, 0, 1, 237, 0.9088047297798456)
(0, 0, 1, 238, 0.8173377539643043)
(0, 0, 1, 239, 0.8717078901000679)
(0, 0, 1, 240, 0.9300607011161297)
(0, 0, 1, 241, 0.8812306166033131)
(0, 0, 1, 242, 0.7234801646196718)
(0, 0, 1, 243, 0.7454444604977213)
(0, 0, 1, 244, 0.9775382763140438)
(0, 0, 1, 245, 0.9453834965047124)
(0, 0, 1, 246, 0.8612185481419941)
(0, 0, 1, 247, 0.8363563763748877)
(0, 0, 1, 248, 0.8486528310419932)
(0, 0, 1, 249, 0.9617763833915361)
(0, 1, 0, 0, 0.5540344699753745)
(0, 1, 0, 1, 0.5922752040684449)
(0, 1, 0, 2, 0.5440937279630259)
(0, 1, 0, 3, 0.46979292475643936)
(0, 1, 0, 4, 0.8434385975836357)
(0, 1, 0, 5, 0.5725223052401962)
(0, 1, 0, 6, 0.9712332972783717)
(0, 1, 0, 7, 0.603967149721079)
(0, 1, 0, 8, 0.5730595376135026)
(0, 1, 0, 9, 0.6333033476742463)
(0, 1, 0, 10, 0.7180553033974879)
(0, 1, 0, 11, 0.5792785997028591)
(0, 1, 0, 12, 0.5459352444931004)
(0, 1, 0, 13, 0.5700023282299591)
(0, 1, 0, 14, 0.658651304367415)
(0, 1, 0, 15, 0.48055914433057434)
(0, 1, 0, 16, 0.7748904552501454)
(0, 1, 0, 17, 0.7114330407929134)
(0, 1, 0, 18, 0.6386563169209479)
(0, 1, 0, 19, 0.5235600233368949)
(0, 1, 0, 20, 0.648191373400473)
(0, 1, 0, 21, 0.6124639774432629)
(0, 1, 0, 22, 0.7008135787853873)
(0, 1, 0, 23, 0.4864769448608689)
(0, 1, 0, 24, 0.5555985686053561)
(0, 1, 0, 25, 0.5799893871194263)
(0, 1, 0, 26, 0.564003871904379)
(0, 1, 0, 27, 0.9069453406016874)
(0, 1, 0, 28, 0.6774837227886222)
(0, 1, 0, 29, 0.6263357810231434)
(0, 1, 0, 30, 0.8661177374173562)
(0, 1, 0, 31, 0.6974738702006016)
(0, 1, 0, 32, 0.9017912315560193)
(0, 1, 0, 33, 0.8142177242836309)
(0, 1, 0, 34, 0.6185830818604994)
(0, 1, 0, 35, 0.5493472455140515)
(0, 1, 0, 36, 0.6651766478039626)
(0, 1, 0, 37, 0.5923176874372409)
(0, 1, 0, 38, 0.6090056304695767)
(0, 1, 0, 39, 0.5660072440668678)
(0, 1, 0, 40, 0.7413396309969065)
(0, 1, 0, 41, 0.5507763694448399)
(0, 1, 0, 42, 0.5853953810328779)
(0, 1, 0, 43, 1.0902524461790248)
(0, 1, 0, 44, 0.6179438175588766)
(0, 1, 0, 45, 0.7979068908078624)
(0, 1, 0, 46, 0.6475637355004977)
(0, 1, 0, 47, 0.5374578803717897)
(0, 1, 0, 48, 0.8316295494450371)
(0, 1, 0, 49, 0.4288632107552529)
(0, 1, 0, 50, 0.7297518313116367)
(0, 1, 0, 51, 0.5792245517664991)
(0, 1, 0, 52, 0.5911801667378872)
(0, 1, 0, 53, 0.5323018875231078)
(0, 1, 0, 54, 0.5362945245874642)
(0, 1, 0, 55, 0.462840319700193)
(0, 1, 0, 56, 0.6490312112157041)
(0, 1, 0, 57, 0.5271547489120292)
(0, 1, 0, 58, 0.6787606293153706)
(0, 1, 0, 59, 0.6925479585802431)
(0, 1, 0, 60, 0.7707682863835815)
(0, 1, 0, 61, 0.600245127706193)
(0, 1, 0, 62, 0.6576132326901464)
(0, 1, 0, 63, 0.5337777355276473)
(0, 1, 0, 64, 0.5814786204519116)
(0, 1, 0, 65, 0.8642481828055568)
(0, 1, 0, 66, 1.232049911952025)
(0, 1, 0, 67, 0.6532985544613463)
(0, 1, 0, 68, 0.6234912167686173)
(0, 1, 0, 69, 0.8766505053435576)
(0, 1, 0, 70, 0.5544407465441473)
(0, 1, 0, 71, 0.7053377620932211)
(0, 1, 0, 72, 0.6211915414107526)
(0, 1, 0, 73, 0.882575454529982)
(0, 1, 0, 74, 0.5309250540769094)
(0, 1, 0, 75, 0.6100937791875479)
(0, 1, 0, 76, 0.6085425362871171)
(0, 1, 0, 77, 0.5743877945890313)
(0, 1, 0, 78, 0.5937014101953503)
(0, 1, 0, 79, 0.5222188664269235)
(0, 1, 0, 80, 0.7133982296791903)
(0, 1, 0, 81, 0.5177944863867445)
(0, 1, 0, 82, 0.603779396817697)
(0, 1, 0, 83, 0.5808371861668796)
(0, 1, 0, 84, 0.5204323261155136)
(0, 1, 0, 85, 0.7643555165070134)
(0, 1, 0, 86, 0.5391927964660924)
(0, 1, 0, 87, 0.7682328820660804)
(0, 1, 0, 88, 0.632734230179909)
(0, 1, 0, 89, 0.6605250028864899)
(0, 1, 0, 90, 0.4953582549509623)
(0, 1, 0, 91, 0.812307246446302)
(0, 1, 0, 92, 0.6258926478132297)
(0, 1, 0, 93, 0.525371659903644)
(0, 1, 0, 94, 0.5654285772209943)
(0, 1, 0, 95, 0.6020540476530771)
(0, 1, 0, 96, 0.6865112319675181)
(0, 1, 0, 97, 0.616539510410362)
(0, 1, 0, 98, 0.6515252378616129)
(0, 1, 0, 99, 0.7247842413603632)
(0, 1, 0, 100, 0.770439086804885)
(0, 1, 0, 101, 0.7730753608914511)
(0, 1, 0, 102, 0.7426883008615504)
(0, 1, 0, 103, 0.5258418294047114)
(0, 1, 0, 104, 0.6511869379246922)
(0, 1, 0, 105, 0.7095696265042549)
(0, 1, 0, 106, 0.6046301384555103)
(0, 1, 0, 107, 0.6070809803128626)
(0, 1, 0, 108, 0.6654056748805613)
(0, 1, 0, 109, 0.7062825361191682)
(0, 1, 0, 110, 0.5907394332125451)
(0, 1, 0, 111, 0.5575303655174642)
(0, 1, 0, 112, 0.8818082167723207)
(0, 1, 0, 113, 0.5065245269100018)
(0, 1, 0, 114, 0.5278891912457925)
(0, 1, 0, 115, 0.8086033829357576)
(0, 1, 0, 116, 0.574831787471848)
(0, 1, 0, 117, 0.5094308970960795)
(0, 1, 0, 118, 0.8183346600753897)
(0, 1, 0, 119, 0.699847355168763)
(0, 1, 0, 120, 0.6753571578816229)
(0, 1, 0, 121, 0.7726698160633944)
(0, 1, 0, 122, 0.5807511030286052)
(0, 1, 0, 123, 0.5499913552877841)
(0, 1, 0, 124, 0.546059583634029)
(0, 1, 0, 125, 0.6581308210853065)
(0, 1, 0, 126, 0.5953185891991988)
(0, 1, 0, 127, 0.7289896442296133)
(0, 1, 0, 128, 0.5160094675612485)
(0, 1, 0, 129, 0.5780149003512421)
(0, 1, 0, 130, 0.494355110852874)
(0, 1, 0, 131, 0.6782784370964513)
(0, 1, 0, 132, 0.5260776958024365)
(0, 1, 0, 133, 0.6708151662756328)
(0, 1, 0, 134, 0.7602872733819673)
(0, 1, 0, 135, 0.6077219318087163)
(0, 1, 0, 136, 0.6591896480988823)
(0, 1, 0, 137, 1.0004422089815825)
(0, 1, 0, 138, 0.5887986809041637)
(0, 1, 0, 139, 0.6733524152119436)
(0, 1, 0, 140, 0.4984521563682877)
(0, 1, 0, 141, 0.5563079834689184)
(0, 1, 0, 142, 0.8725696275070628)
(0, 1, 0, 143, 0.6034221244917507)
(0, 1, 0, 144, 0.5565367900157592)
(0, 1, 0, 145, 0.8258753484819965)
(0, 1, 0, 146, 0.7676199217791739)
(0, 1, 0, 147, 0.6269069150709843)
(0, 1, 0, 148, 0.5159191090824254)
(0, 1, 0, 149, 0.6766443387517747)
(0, 1, 0, 150, 0.5128190942404528)
(0, 1, 0, 151, 0.7041955619957669)
(0, 1, 0, 152, 0.6211399767090778)
(0, 1, 0, 153, 0.6979986667851705)
(0, 1, 0, 154, 0.6514579294781742)
(0, 1, 0, 155, 0.6715303344965913)
(0, 1, 0, 156, 0.7942015783077794)
(0, 1, 0, 157, 0.552483585986667)
(0, 1, 0, 158, 0.4269985593802796)
(0, 1, 0, 159, 0.7202022153862003)
(0, 1, 0, 160, 0.5611647814353694)
(0, 1, 0, 161, 0.5620698105013234)
(0, 1, 0, 162, 0.7441519381932904)
(0, 1, 0, 163, 0.5381164767459758)
(0, 1, 0, 164, 0.6517292775954626)
(0, 1, 0, 165, 0.7002420017461795)
(0, 1, 0, 166, 0.5472968014957036)
(0, 1, 0, 167, 0.5025423713568099)
(0, 1, 0, 168, 0.7456849186413471)
(0, 1, 0, 169, 0.9391764806046166)
(0, 1, 0, 170, 0.4805123351821289)
(0, 1, 0, 171, 0.6985370129110979)
(0, 1, 0, 172, 0.6890126828596037)
(0, 1, 0, 173, 1.001590000057299)
(0, 1, 0, 174, 0.4919344917476223)
(0, 1, 0, 175, 0.7002044198778268)
(0, 1, 0, 176, 0.6591965939886238)
(0, 1, 0, 177, 0.7838618216124544)
(0, 1, 0, 178, 0.6861535310809301)
(0, 1, 0, 179, 0.5781188462394583)
(0, 1, 0, 180, 0.7456522738109111)
(0, 1, 0, 181, 0.675008870472303)
(0, 1, 0, 182, 0.6697595506610773)
(0, 1, 0, 183, 0.6369066237342046)
(0, 1, 0, 184, 0.8914262422527082)
(0, 1, 0, 185, 0.6296440960559815)
(0, 1, 0, 186, 0.8792781210087477)
(0, 1, 0, 187, 0.6805159482190983)
(0, 1, 0, 188, 0.5313787676986784)
(0, 1, 0, 189, 0.569766189455987)
(0, 1, 0, 190, 0.6067697905526869)
(0, 1, 0, 191, 0.5211091476846671)
(0, 1, 0, 192, 0.7451082453025053)
(0, 1, 0, 193, 0.4743384797115367)
(0, 1, 0, 194, 0.6381121668722661)
(0, 1, 0, 195, 0.5020585750771343)
(0, 1, 0, 196, 0.4869695560682607)
(0, 1, 0, 197, 0.8104669486433398)
(0, 1, 0, 198, 0.697420669317438)
(0, 1, 0, 199, 0.5590762203219698)
(0, 1, 0, 200, 0.7216219202683417)
(0, 1, 0, 201, 0.6367961745698195)
(0, 1, 0, 202, 0.7389238832446394)
(0, 1, 0, 203, 0.6131726805537178)
(0, 1, 0, 204, 0.6449209297490314)
(0, 1, 0, 205, 0.5593092590928354)
(0, 1, 0, 206, 0.5577623530900506)
(0, 1, 0, 207, 0.5869493139645914)
(0, 1, 0, 208, 0.5949427213771277)
(0, 1, 0, 209, 0.6632157093842859)
(0, 1, 0, 210, 0.6023069539039623)
(0, 1, 0, 211, 0.6183180696983873)
(0, 1, 0, 212, 0.9660631039842668)
(0, 1, 0, 213, 0.5785181507661123)
(0, 1, 0, 214, 0.8126870820695496)
(0, 1, 0, 215, 0.6950724035034895)
(0, 1, 0, 216, 0.5401299380794021)
(0, 1, 0, 217, 0.6275164111059257)
(0, 1, 0, 218, 0.6187416526523706)
(0, 1, 0, 219, 0.5799670175313318)
(0, 1, 0, 220, 0.5614262093995133)
(0, 1, 0, 221, 0.664298739681052)
(0, 1, 0, 222, 0.8774417735257698)
(0, 1, 0, 223, 0.5443441609345216)
(0, 1, 0, 224, 0.43774824167814413)
(0, 1, 0, 225, 0.8952610495825857)
(0, 1, 0, 226, 0.5995771879779992)
(0, 1, 0, 227, 0.5427648044390806)
(0, 1, 0, 228, 0.6031476606585)
(0, 1, 0, 229, 0.7833938770545098)
(0, 1, 0, 230, 0.7622718613901097)
(0, 1, 0, 231, 0.7444277305941245)
(0, 1, 0, 232, 0.49419331016725576)
(0, 1, 0, 233, 0.5425611477244684)
(0, 1, 0, 234, 0.5133636719139268)
(0, 1, 0, 235, 0.6304510549645352)
(0, 1, 0, 236, 0.6680356983884289)
(0, 1, 0, 237, 0.7100887643468294)
(0, 1, 0, 238, 0.6015745539782725)
(0, 1, 0, 239, 0.6406252787073725)
(0, 1, 0, 240, 0.5339211565206003)
(0, 1, 0, 241, 0.5167924967930302)
(0, 1, 0, 242, 0.6690765706756276)
(0, 1, 0, 243, 0.7092204539636097)
(0, 1, 0, 244, 0.650699578983208)
(0, 1, 0, 245, 0.6732650455479544)
(0, 1, 0, 246, 0.9587001378559328)
(0, 1, 0, 247, 0.7899481794183066)
(0, 1, 0, 248, 0.49388383133885994)
(0, 1, 0, 249, 0.5044242850618713)
(0, 1, 1, 0, 0.8469385681463243)
(0, 1, 1, 1, 0.88692715012858)
(0, 1, 1, 2, 0.792782099102267)
(0, 1, 1, 3, 0.9272304595410265)
(0, 1, 1, 4, 0.9664069783017629)
(0, 1, 1, 5, 0.7953292104014952)
(0, 1, 1, 6, 0.8536811312217869)
(0, 1, 1, 7, 1.0231284420832647)
(0, 1, 1, 8, 1.021267337901615)
(0, 1, 1, 9, 0.8614790297586427)
(0, 1, 1, 10, 0.8239860455151006)
(0, 1, 1, 11, 1.0123730059173173)
(0, 1, 1, 12, 0.868337404676023)
(0, 1, 1, 13, 0.8568028882587578)
(0, 1, 1, 14, 0.8544749081968447)
(0, 1, 1, 15, 1.1772730971844405)
(0, 1, 1, 16, 0.9975945026269629)
(0, 1, 1, 17, 1.1237693204155506)
(0, 1, 1, 18, 0.9025607657507596)
(0, 1, 1, 19, 1.0817927192775216)
(0, 1, 1, 20, 1.012903216705052)
(0, 1, 1, 21, 0.8590250809704519)
(0, 1, 1, 22, 0.7796222784447634)
(0, 1, 1, 23, 1.084787087406965)
(0, 1, 1, 24, 0.9470102866452522)
(0, 1, 1, 25, 1.0404788435717105)
(0, 1, 1, 26, 1.263763993387995)
(0, 1, 1, 27, 1.1617539356262494)
(0, 1, 1, 28, 0.896568461108771)
(0, 1, 1, 29, 1.2360986141912744)
(0, 1, 1, 30, 0.9855539383476767)
(0, 1, 1, 31, 0.8639620644096081)
(0, 1, 1, 32, 1.0671713163092758)
(0, 1, 1, 33, 1.183138818984742)
(0, 1, 1, 34, 1.0510284937381213)
(0, 1, 1, 35, 0.9887443737548031)
(0, 1, 1, 36, 1.116211269124434)
(0, 1, 1, 37, 0.8845594889303001)
(0, 1, 1, 38, 1.1576363100190532)
(0, 1, 1, 39, 0.8451435939046807)
(0, 1, 1, 40, 1.039386823037292)
(0, 1, 1, 41, 0.968427273713662)
(0, 1, 1, 42, 1.1503294977292113)
(0, 1, 1, 43, 0.8282617184485217)
(0, 1, 1, 44, 1.0187594805293347)
(0, 1, 1, 45, 1.064716904333333)
(0, 1, 1, 46, 1.0021797363395064)
(0, 1, 1, 47, 0.9881145884483914)
(0, 1, 1, 48, 0.9497906756360369)
(0, 1, 1, 49, 0.8593030432172524)
(0, 1, 1, 50, 0.9580861535470214)
(0, 1, 1, 51, 1.1237622782887862)
(0, 1, 1, 52, 1.0471016608258648)
(0, 1, 1, 53, 1.2001795485884281)
(0, 1, 1, 54, 0.9977037223131666)
(0, 1, 1, 55, 0.857614375233621)
(0, 1, 1, 56, 0.9832874004317369)
(0, 1, 1, 57, 1.1466593387875783)
(0, 1, 1, 58, 0.8868054057262245)
(0, 1, 1, 59, 1.0011314992936906)
(0, 1, 1, 60, 1.1395977277317626)
(0, 1, 1, 61, 1.049600870118249)
(0, 1, 1, 62, 1.000825659677954)
(0, 1, 1, 63, 0.72311267992183)
(0, 1, 1, 64, 0.9960945231089811)
(0, 1, 1, 65, 0.9044501291328282)
(0, 1, 1, 66, 0.9296073494588295)
(0, 1, 1, 67, 0.9887023384840669)
(0, 1, 1, 68, 0.889301108393771)
(0, 1, 1, 69, 0.9234903490758518)
(0, 1, 1, 70, 0.9000349459819993)
(0, 1, 1, 71, 0.7892716789213704)
(0, 1, 1, 72, 0.7869812248025129)
(0, 1, 1, 73, 0.974027102632505)
(0, 1, 1, 74, 0.8605657148226971)
(0, 1, 1, 75, 0.9299848927688971)
(0, 1, 1, 76, 0.7979762093680232)
(0, 1, 1, 77, 0.819996629667641)
(0, 1, 1, 78, 0.891612638107368)
(0, 1, 1, 79, 1.0128604639278285)
(0, 1, 1, 80, 1.0157913937794272)
(0, 1, 1, 81, 1.1656397880409184)
(0, 1, 1, 82, 0.855771794896364)
(0, 1, 1, 83, 1.0690240785408347)
(0, 1, 1, 84, 1.0411191431724784)
(0, 1, 1, 85, 0.9500198646780037)
(0, 1, 1, 86, 0.9219930299549323)
(0, 1, 1, 87, 1.0742459422988122)
(0, 1, 1, 88, 0.7713489331099773)
(0, 1, 1, 89, 0.9108341110838146)
(0, 1, 1, 90, 1.020096493527052)
(0, 1, 1, 91, 0.96679948315604)
(0, 1, 1, 92, 0.9128946220892893)
(0, 1, 1, 93, 0.9351865009518253)
(0, 1, 1, 94, 1.10491363756347)
(0, 1, 1, 95, 1.0743330747146869)
(0, 1, 1, 96, 0.8027324453747142)
(0, 1, 1, 97, 0.8702362505913986)
(0, 1, 1, 98, 1.0333443260343405)
(0, 1, 1, 99, 0.8917940596977101)
(0, 1, 1, 100, 0.9934979524053772)
(0, 1, 1, 101, 1.0314713070926025)
(0, 1, 1, 102, 0.852479272702123)
(0, 1, 1, 103, 0.945520928645129)
(0, 1, 1, 104, 0.9534271005113436)
(0, 1, 1, 105, 1.1716726986670472)
(0, 1, 1, 106, 0.9360432687250809)
(0, 1, 1, 107, 0.8624105512690752)
(0, 1, 1, 108, 0.9665089799464532)
(0, 1, 1, 109, 0.8720242003040478)
(0, 1, 1, 110, 1.0414396756932351)
(0, 1, 1, 111, 1.1808505985647144)
(0, 1, 1, 112, 0.9087189608478535)
(0, 1, 1, 113, 0.8679113107796333)
(0, 1, 1, 114, 1.0682915328772555)
(0, 1, 1, 115, 0.7791613679635888)
(0, 1, 1, 116, 1.0247529033642437)
(0, 1, 1, 117, 0.8566254990168436)
(0, 1, 1, 118, 1.0229879873851222)
(0, 1, 1, 119, 0.9803552107824084)
(0, 1, 1, 120, 1.0624930934157395)
(0, 1, 1, 121, 1.2234628371144056)
(0, 1, 1, 122, 1.103641297092956)
(0, 1, 1, 123, 0.9010207658846163)
(0, 1, 1, 124, 1.023403225766952)
(0, 1, 1, 125, 1.0964755532083215)
(0, 1, 1, 126, 1.0414746112281403)
(0, 1, 1, 127, 0.9061358442006006)
(0, 1, 1, 128, 1.1179717590612237)
(0, 1, 1, 129, 0.8899658172627077)
(0, 1, 1, 130, 0.8705629787322307)
(0, 1, 1, 131, 1.1329882191831124)
(0, 1, 1, 132, 0.9825179548991287)
(0, 1, 1, 133, 0.9951016973414456)
(0, 1, 1, 134, 1.0419019344437586)
(0, 1, 1, 135, 0.9521063682897865)
(0, 1, 1, 136, 0.8604889809422848)
(0, 1, 1, 137, 1.0834701678285208)
(0, 1, 1, 138, 1.0038289721029683)
(0, 1, 1, 139, 0.8614447599499074)
(0, 1, 1, 140, 1.0128879845062082)
(0, 1, 1, 141, 0.940180302161978)
(0, 1, 1, 142, 0.9462409869139662)
(0, 1, 1, 143, 0.9825966748902786)
(0, 1, 1, 144, 0.8590976110841794)
(0, 1, 1, 145, 0.8258028494630871)
(0, 1, 1, 146, 0.9888664859514845)
(0, 1, 1, 147, 1.0316842821393089)
(0, 1, 1, 148, 1.0981409305604821)
(0, 1, 1, 149, 0.762379999502268)
(0, 1, 1, 150, 1.1263741277360897)
(0, 1, 1, 151, 1.0842071490207015)
(0, 1, 1, 152, 0.8965107279139467)
(0, 1, 1, 153, 0.976121932335743)
(0, 1, 1, 154, 0.9076279228981016)
(0, 1, 1, 155, 0.9019168412237397)
(0, 1, 1, 156, 0.9425056780402805)
(0, 1, 1, 157, 1.1056094015204612)
(0, 1, 1, 158, 0.843949768249743)
(0, 1, 1, 159, 1.1637212288284764)
(0, 1, 1, 160, 0.9468881421697849)
(0, 1, 1, 161, 1.0835584438032586)
(0, 1, 1, 162, 0.995251878942657)
(0, 1, 1, 163, 0.8438084491152066)
(0, 1, 1, 164, 0.9082782419505868)
(0, 1, 1, 165, 0.8834944877046637)
(0, 1, 1, 166, 1.0398008380489014)
(0, 1, 1, 167, 1.18340456660635)
(0, 1, 1, 168, 0.8065144297343366)
(0, 1, 1, 169, 0.8848154962560917)
(0, 1, 1, 170, 0.9648107482043703)
(0, 1, 1, 171, 1.0597777812067941)
(0, 1, 1, 172, 0.8819681057364958)
(0, 1, 1, 173, 0.9171483620142176)
(0, 1, 1, 174, 0.852748957141613)
(0, 1, 1, 175, 1.017387054636553)
(0, 1, 1, 176, 0.8365962212711906)
(0, 1, 1, 177, 0.7382118458967466)
(0, 1, 1, 178, 1.0414591720355153)
(0, 1, 1, 179, 0.7660786590647677)
(0, 1, 1, 180, 0.8855610470099119)
(0, 1, 1, 181, 0.9993528114605805)
(0, 1, 1, 182, 1.0069968144498465)
(0, 1, 1, 183, 1.0922360087346727)
(0, 1, 1, 184, 0.9818055159799356)
(0, 1, 1, 185, 1.0936050960205732)
(0, 1, 1, 186, 0.7612870490571852)
(0, 1, 1, 187, 0.9595400706761965)
(0, 1, 1, 188, 0.7534986257223485)
(0, 1, 1, 189, 0.9069627857829793)
(0, 1, 1, 190, 0.8939884164594334)
(0, 1, 1, 191, 0.9615209963731294)
(0, 1, 1, 192, 0.9757155290929745)
(0, 1, 1, 193, 0.872005937287997)
(0, 1, 1, 194, 0.89996902135033)
(0, 1, 1, 195, 0.964459044063731)
(0, 1, 1, 196, 0.8942621725051536)
(0, 1, 1, 197, 1.0764916319569673)
(0, 1, 1, 198, 0.8858635093081607)
(0, 1, 1, 199, 1.0257433229061845)
(0, 1, 1, 200, 1.0751251614080874)
(0, 1, 1, 201, 0.9470223084668761)
(0, 1, 1, 202, 1.0003781380793275)
(0, 1, 1, 203, 0.8369579962969156)
(0, 1, 1, 204, 0.8781930533338803)
(0, 1, 1, 205, 0.995221991627271)
(0, 1, 1, 206, 1.0484346540055336)
(0, 1, 1, 207, 1.0858225958820669)
(0, 1, 1, 208, 1.015753972754009)
(0, 1, 1, 209, 0.9371198974649145)
(0, 1, 1, 210, 1.0592587316383404)
(0, 1, 1, 211, 0.8930781211188599)
(0, 1, 1, 212, 0.9297152077377812)
(0, 1, 1, 213, 1.2770361851974237)
(0, 1, 1, 214, 0.8783745427073213)
(0, 1, 1, 215, 0.8846467313522366)
(0, 1, 1, 216, 1.192796040149814)
(0, 1, 1, 217, 0.9684090153083846)
(0, 1, 1, 218, 0.9517316193734618)
(0, 1, 1, 219, 1.3419526978845364)
(0, 1, 1, 220, 1.2954472040489242)
(0, 1, 1, 221, 0.9077191679431792)
(0, 1, 1, 222, 0.8916139405445439)
(0, 1, 1, 223, 0.9525734937366253)
(0, 1, 1, 224, 1.028816758378012)
(0, 1, 1, 225, 0.7940786183638925)
(0, 1, 1, 226, 0.8699269037766995)
(0, 1, 1, 227, 0.8583801060571806)
(0, 1, 1, 228, 1.1812017743660133)
(0, 1, 1, 229, 0.8772462170787012)
(0, 1, 1, 230, 0.840352490667437)
(0, 1, 1, 231, 0.8287723735644613)
(0, 1, 1, 232, 0.9640961183553698)
(0, 1, 1, 233, 0.9629530900035549)
(0, 1, 1, 234, 0.8508137958482669)
(0, 1, 1, 235, 0.9379830170403984)
(0, 1, 1, 236, 1.0309078087665073)
(0, 1, 1, 237, 1.019596131122683)
(0, 1, 1, 238, 0.9641358345147786)
(0, 1, 1, 239, 0.966949616390114)
(0, 1, 1, 240, 1.0626899153744063)
(0, 1, 1, 241, 1.003647182156402)
(0, 1, 1, 242, 0.8364347928839878)
(0, 1, 1, 243, 0.7838157998010793)
(0, 1, 1, 244, 1.0417652803367545)
(0, 1, 1, 245, 1.0656463618507004)
(0, 1, 1, 246, 0.9531252917572418)
(0, 1, 1, 247, 0.9401145169783431)
(0, 1, 1, 248, 0.8254673895637057)
(0, 1, 1, 249, 1.1444749341336315)
(0, 2, 0, 0, 0.6681484729758603)
(0, 2, 0, 1, 0.7585533155196539)
(0, 2, 0, 2, 0.6769313395433725)
(0, 2, 0, 3, 0.6129547403324365)
(0, 2, 0, 4, 0.9742432910314344)
(0, 2, 0, 5, 0.6232598257386535)
(0, 2, 0, 6, 1.0367028427712335)
(0, 2, 0, 7, 0.676933771706621)
(0, 2, 0, 8, 0.6700878187327299)
(0, 2, 0, 9, 0.718087959448774)
(0, 2, 0, 10, 0.7981006028198803)
(0, 2, 0, 11, 0.7694214978087409)
(0, 2, 0, 12, 0.6568077691823401)
(0, 2, 0, 13, 0.7547685864130226)
(0, 2, 0, 14, 0.7139673280013453)
(0, 2, 0, 15, 0.6048220696094606)
(0, 2, 0, 16, 0.767252982072)
(0, 2, 0, 17, 0.7742983331475438)
(0, 2, 0, 18, 0.7052416454301482)
(0, 2, 0, 19, 0.5995478643958704)
(0, 2, 0, 20, 0.8478637824802203)
(0, 2, 0, 21, 0.7131386178805986)
(0, 2, 0, 22, 0.9275150545027299)
(0, 2, 0, 23, 0.7151187917033381)
(0, 2, 0, 24, 0.7204961791077742)
(0, 2, 0, 25, 0.6774308773794783)
(0, 2, 0, 26, 0.6509597260532417)
(0, 2, 0, 27, 0.8768325906429475)
(0, 2, 0, 28, 0.6518434250860586)
(0, 2, 0, 29, 0.7490509853161569)
(0, 2, 0, 30, 1.2128109999866474)
(0, 2, 0, 31, 0.8545132114655027)
(0, 2, 0, 32, 0.8741440138741218)
(0, 2, 0, 33, 0.9502668213607341)
(0, 2, 0, 34, 0.7386250874863195)
(0, 2, 0, 35, 0.6241794235666926)
(0, 2, 0, 36, 0.8084098889836904)
(0, 2, 0, 37, 0.6997806808021807)
(0, 2, 0, 38, 0.6456060057221978)
(0, 2, 0, 39, 0.6419402860116465)
(0, 2, 0, 40, 0.9123806513168341)
(0, 2, 0, 41, 0.6241215230542262)
(0, 2, 0, 42, 0.7276882984079891)
(0, 2, 0, 43, 0.9463416956823893)
(0, 2, 0, 44, 0.5863066302165666)
(0, 2, 0, 45, 0.8044361657828175)
(0, 2, 0, 46, 0.6717431360691828)
(0, 2, 0, 47, 0.594237669196152)
(0, 2, 0, 48, 0.839083237383032)
(0, 2, 0, 49, 0.6380304564907019)
(0, 2, 0, 50, 0.6993624061503306)
(0, 2, 0, 51, 0.7376403704876485)
(0, 2, 0, 52, 0.6216069039669929)
(0, 2, 0, 53, 0.6323895056547751)
(0, 2, 0, 54, 0.7604662315429014)
(0, 2, 0, 55, 0.6538707736478935)
(0, 2, 0, 56, 0.6742164563231426)
(0, 2, 0, 57, 0.6847965001123806)
(0, 2, 0, 58, 0.8155668182325186)
(0, 2, 0, 59, 0.6886728601481905)
(0, 2, 0, 60, 0.7835679804262762)
(0, 2, 0, 61, 0.7508138423939116)
(0, 2, 0, 62, 0.539935674818526)
(0, 2, 0, 63, 0.5704721620559263)
(0, 2, 0, 64, 0.7031141546714498)
(0, 2, 0, 65, 0.9970269877686119)
(0, 2, 0, 66, 1.1812525968102854)
(0, 2, 0, 67, 0.7508799646237891)
(0, 2, 0, 68, 0.6989699289134849)
(0, 2, 0, 69, 0.7710149571274315)
(0, 2, 0, 70, 0.5671937378607173)
(0, 2, 0, 71, 0.8545905936023472)
(0, 2, 0, 72, 0.7381189036497067)
(0, 2, 0, 73, 1.030607761257708)
(0, 2, 0, 74, 0.6445263320010575)
(0, 2, 0, 75, 0.7158796248486944)
(0, 2, 0, 76, 0.6753193287169117)
(0, 2, 0, 77, 0.6693303262519807)
(0, 2, 0, 78, 0.7010792273845149)
(0, 2, 0, 79, 0.6175465414659251)
(0, 2, 0, 80, 0.8194914538020778)
(0, 2, 0, 81, 0.6000919131772144)
(0, 2, 0, 82, 0.9057221484104047)
(0, 2, 0, 83, 0.5949618352733507)
(0, 2, 0, 84, 0.5291241502010564)
(0, 2, 0, 85, 0.6199256016346073)
(0, 2, 0, 86, 0.6865782871086079)
(0, 2, 0, 87, 0.8099126588224784)
(0, 2, 0, 88, 0.686018452011838)
(0, 2, 0, 89, 0.7393166822775225)
(0, 2, 0, 90, 0.6758012567511322)
(0, 2, 0, 91, 1.0192488110633777)
(0, 2, 0, 92, 0.709951520220136)
(0, 2, 0, 93, 0.8596605358279631)
(0, 2, 0, 94, 0.5789377924407288)
(0, 2, 0, 95, 0.8066935131604422)
(0, 2, 0, 96, 0.9137890895077952)
(0, 2, 0, 97, 0.6432216826830979)
(0, 2, 0, 98, 0.7388524690791393)
(0, 2, 0, 99, 0.6927579454965822)
(0, 2, 0, 100, 0.7904034503269312)
(0, 2, 0, 101, 0.9323509986284291)
(0, 2, 0, 102, 0.9128936771578748)
(0, 2, 0, 103, 0.6607538676734301)
(0, 2, 0, 104, 0.8025090363453811)
(0, 2, 0, 105, 0.793230155572981)
(0, 2, 0, 106, 0.6892155161495495)
(0, 2, 0, 107, 0.6755750345118481)
(0, 2, 0, 108, 0.6924861632060519)
(0, 2, 0, 109, 0.8637441676206978)
(0, 2, 0, 110, 0.6346427040247775)
(0, 2, 0, 111, 0.5541310288011996)
(0, 2, 0, 112, 0.9019933120072907)
(0, 2, 0, 113, 0.6729977867675498)
(0, 2, 0, 114, 0.6802651254156962)
(0, 2, 0, 115, 0.6011326195702321)
(0, 2, 0, 116, 0.6471984964946712)
(0, 2, 0, 117, 0.6371098845262813)
(0, 2, 0, 118, 0.8692845982325325)
(0, 2, 0, 119, 0.852179872305029)
(0, 2, 0, 120, 0.8696634711578868)
(0, 2, 0, 121, 0.8038949371582839)
(0, 2, 0, 122, 0.6498475342149894)
(0, 2, 0, 123, 0.9067045094563814)
(0, 2, 0, 124, 0.5829254884736195)
(0, 2, 0, 125, 0.8307896504545782)
(0, 2, 0, 126, 0.7271168566237713)
(0, 2, 0, 127, 0.8997133970529467)
(0, 2, 0, 128, 0.754529242683418)
(0, 2, 0, 129, 0.6538356053220534)
(0, 2, 0, 130, 0.5348988051346315)
(0, 2, 0, 131, 0.7567900800711111)
(0, 2, 0, 132, 0.6829617689439341)
(0, 2, 0, 133, 0.7482793762749874)
(0, 2, 0, 134, 0.8634640210936939)
(0, 2, 0, 135, 0.749485268108264)
(0, 2, 0, 136, 0.7765234629023827)
(0, 2, 0, 137, 1.010715714453902)
(0, 2, 0, 138, 0.5899013714607122)
(0, 2, 0, 139, 0.8510668883755365)
(0, 2, 0, 140, 0.5613410517414896)
(0, 2, 0, 141, 0.7194050654780124)
(0, 2, 0, 142, 0.7822743778924156)
(0, 2, 0, 143, 0.8744586378218363)
(0, 2, 0, 144, 0.6464630199586537)
(0, 2, 0, 145, 1.0344573560919081)
(0, 2, 0, 146, 0.9689936820313416)
(0, 2, 0, 147, 0.5731291782752884)
(0, 2, 0, 148, 0.5504206934521342)
(0, 2, 0, 149, 0.61555598106333)
(0, 2, 0, 150, 0.7041526898398255)
(0, 2, 0, 151, 0.9074588236360877)
(0, 2, 0, 152, 0.7531915016226838)
(0, 2, 0, 153, 0.6795218140769322)
(0, 2, 0, 154, 0.7301952568156256)
(0, 2, 0, 155, 0.6716939957583736)
(0, 2, 0, 156, 0.8378756931844973)
(0, 2, 0, 157, 0.6467037417765451)
(0, 2, 0, 158, 0.6592506452448683)
(0, 2, 0, 159, 0.8236571614977748)
(0, 2, 0, 160, 0.6411928981074924)
(0, 2, 0, 161, 0.6651747002239852)
(0, 2, 0, 162, 0.8352875208167274)
(0, 2, 0, 163, 0.7761362017760856)
(0, 2, 0, 164, 0.7462191835995713)
(0, 2, 0, 165, 0.8144708547271331)
(0, 2, 0, 166, 0.6555905056343202)
(0, 2, 0, 167, 0.7432450393274864)
(0, 2, 0, 168, 0.8205913351773194)
(0, 2, 0, 169, 0.9260413598373681)
(0, 2, 0, 170, 0.6153664170616274)
(0, 2, 0, 171, 0.8129516614005519)
(0, 2, 0, 172, 0.6529413474221887)
(0, 2, 0, 173, 1.2208703019451275)
(0, 2, 0, 174, 0.5806890249472321)
(0, 2, 0, 175, 0.839424862317844)
(0, 2, 0, 176, 0.6570689049417858)
(0, 2, 0, 177, 0.9359192562718848)
(0, 2, 0, 178, 0.7248308053779302)
(0, 2, 0, 179, 0.6779811385477693)
(0, 2, 0, 180, 0.6892278593859195)
(0, 2, 0, 181, 0.7208697806840255)
(0, 2, 0, 182, 0.6325883442896666)
(0, 2, 0, 183, 0.6471222815877502)
(0, 2, 0, 184, 0.9360311082901811)
(0, 2, 0, 185, 0.6891925470974853)
(0, 2, 0, 186, 0.8442357791008466)
(0, 2, 0, 187, 0.9116086953599299)
(0, 2, 0, 188, 0.6230192686404464)
(0, 2, 0, 189, 0.7136086196173776)
(0, 2, 0, 190, 0.7464987440479606)
(0, 2, 0, 191, 0.6011550724703865)
(0, 2, 0, 192, 0.8252224704455644)
(0, 2, 0, 193, 0.7133514981123802)
(0, 2, 0, 194, 0.7825753499634643)
(0, 2, 0, 195, 0.7552505691793345)
(0, 2, 0, 196, 0.6998603776454388)
(0, 2, 0, 197, 1.1397708657336894)
(0, 2, 0, 198, 0.7463032624275873)
(0, 2, 0, 199, 0.6808844049773579)
(0, 2, 0, 200, 0.7122810437041278)
(0, 2, 0, 201, 0.6839160095423747)
(0, 2, 0, 202, 0.8177448059467893)
(0, 2, 0, 203, 0.8272337038225365)
(0, 2, 0, 204, 0.6447897632937829)
(0, 2, 0, 205, 0.9728945851861261)
(0, 2, 0, 206, 0.7776299807989433)
(0, 2, 0, 207, 0.7701588309769583)
(0, 2, 0, 208, 0.7173769034905475)
(0, 2, 0, 209, 0.6649482675713615)
(0, 2, 0, 210, 0.7350881036497592)
(0, 2, 0, 211, 0.7692781274120195)
(0, 2, 0, 212, 1.165266114119422)
(0, 2, 0, 213, 0.6174416877408966)
(0, 2, 0, 214, 0.9055097137802373)
(0, 2, 0, 215, 0.7324959356090762)
(0, 2, 0, 216, 0.6977340611733234)
(0, 2, 0, 217, 0.7221360288000399)
(0, 2, 0, 218, 0.6879544295394406)
(0, 2, 0, 219, 0.6889176121766021)
(0, 2, 0, 220, 0.542802455751317)
(0, 2, 0, 221, 0.8143813863745851)
(0, 2, 0, 222, 0.8999653977819199)
(0, 2, 0, 223, 0.6938757360199858)
(0, 2, 0, 224, 0.6430076328081256)
(0, 2, 0, 225, 0.9049156949342642)
(0, 2, 0, 226, 0.730050657719465)
(0, 2, 0, 227, 0.8071058500825025)
(0, 2, 0, 228, 0.6110134319840621)
(0, 2, 0, 229, 0.9082450859267587)
(0, 2, 0, 230, 0.8863767009517283)
(0, 2, 0, 231, 0.953600626623577)
(0, 2, 0, 232, 0.6464527057837518)
(0, 2, 0, 233, 0.6723360468238939)
(0, 2, 0, 234, 0.7075008236648006)
(0, 2, 0, 235, 0.6651374718689377)
(0, 2, 0, 236, 0.6781972767318986)
(0, 2, 0, 237, 0.869250553476481)
(0, 2, 0, 238, 0.6715464903219244)
(0, 2, 0, 239, 0.8019224278227362)
(0, 2, 0, 240, 0.6017529001699607)
(0, 2, 0, 241, 0.5894514644025558)
(0, 2, 0, 242, 0.6856725225928999)
(0, 2, 0, 243, 0.9002974292265011)
(0, 2, 0, 244, 0.6670994696962134)
(0, 2, 0, 245, 0.8071862717944068)
(0, 2, 0, 246, 0.9699763457276662)
(0, 2, 0, 247, 0.9571300702103231)
(0, 2, 0, 248, 0.6134195776109126)
(0, 2, 0, 249, 0.7368630916269513)
(0, 2, 1, 0, 0.8414236304102103)
(0, 2, 1, 1, 0.8562024298338329)
(0, 2, 1, 2, 0.7762726540192781)
(0, 2, 1, 3, 0.9212026037691814)
(0, 2, 1, 4, 0.9824875487622605)
(0, 2, 1, 5, 0.7843095118667112)
(0, 2, 1, 6, 0.7818984316478501)
(0, 2, 1, 7, 1.0260986576504103)
(0, 2, 1, 8, 1.0406602217059453)
(0, 2, 1, 9, 0.82186350928119)
(0, 2, 1, 10, 0.8322810624744585)
(0, 2, 1, 11, 1.0489318509048482)
(0, 2, 1, 12, 0.8663251963419151)
(0, 2, 1, 13, 0.8503329509891004)
(0, 2, 1, 14, 0.8605571359576414)
(0, 2, 1, 15, 1.1775526749156466)
(0, 2, 1, 16, 1.031631327124319)
(0, 2, 1, 17, 1.099173749004824)
(0, 2, 1, 18, 0.9517713648316788)
(0, 2, 1, 19, 1.0609158636855394)
(0, 2, 1, 20, 0.9659709123137619)
(0, 2, 1, 21, 0.869120235904486)
(0, 2, 1, 22, 0.8624093970011297)
(0, 2, 1, 23, 1.0936408490713627)
(0, 2, 1, 24, 0.9839774870702922)
(0, 2, 1, 25, 1.0531042790534937)
(0, 2, 1, 26, 1.1984337498014541)
(0, 2, 1, 27, 1.1158575955383507)
(0, 2, 1, 28, 0.9261405382204643)
(0, 2, 1, 29, 1.1999161275116421)
(0, 2, 1, 30, 0.9936779570750958)
(0, 2, 1, 31, 0.8344812676371828)
(0, 2, 1, 32, 1.015662490529124)
(0, 2, 1, 33, 1.1617746282644705)
(0, 2, 1, 34, 0.9290074707541391)
(0, 2, 1, 35, 0.978572633521698)
(0, 2, 1, 36, 1.1114508810002024)
(0, 2, 1, 37, 0.8434648981926833)
(0, 2, 1, 38, 1.1633748244508417)
(0, 2, 1, 39, 0.8650885518535338)
(0, 2, 1, 40, 1.0013145843104365)
(0, 2, 1, 41, 1.0028944929399006)
(0, 2, 1, 42, 1.215079194566809)
(0, 2, 1, 43, 0.7919733296842838)
(0, 2, 1, 44, 0.994961122625065)
(0, 2, 1, 45, 1.068756737019521)
(0, 2, 1, 46, 0.9932676619329001)
(0, 2, 1, 47, 1.0369856243036653)
(0, 2, 1, 48, 1.0205963144781165)
(0, 2, 1, 49, 0.980682101034619)
(0, 2, 1, 50, 1.108026289501939)
(0, 2, 1, 51, 1.0647415935607198)
(0, 2, 1, 52, 1.108564463964114)
(0, 2, 1, 53, 1.1794415304211288)
(0, 2, 1, 54, 0.9988770390105634)
(0, 2, 1, 55, 0.9215522565101372)
(0, 2, 1, 56, 1.0072947119381708)
(0, 2, 1, 57, 1.21250910217769)
(0, 2, 1, 58, 0.7369986252843905)
(0, 2, 1, 59, 0.9715322390053134)
(0, 2, 1, 60, 1.0766823015458873)
(0, 2, 1, 61, 1.0799624049882397)
(0, 2, 1, 62, 0.9848879242993582)
(0, 2, 1, 63, 0.7641516116843482)
(0, 2, 1, 64, 1.0428587540582117)
(0, 2, 1, 65, 0.8927396844147042)
(0, 2, 1, 66, 0.9443505178835249)
(0, 2, 1, 67, 0.9942728318726235)
(0, 2, 1, 68, 0.8809783460493502)
(0, 2, 1, 69, 0.9194996260884815)
(0, 2, 1, 70, 0.9526067424007887)
(0, 2, 1, 71, 0.8110245306649404)
(0, 2, 1, 72, 0.7797816016716957)
(0, 2, 1, 73, 0.9973867807369324)
(0, 2, 1, 74, 0.8529327587034029)
(0, 2, 1, 75, 0.873823887845456)
(0, 2, 1, 76, 0.7308982329578344)
(0, 2, 1, 77, 0.8389224789016553)
(0, 2, 1, 78, 0.9164171261043664)
(0, 2, 1, 79, 1.0041338315011357)
(0, 2, 1, 80, 0.9818548163827058)
(0, 2, 1, 81, 1.1092955530014137)
(0, 2, 1, 82, 0.8632140423446748)
(0, 2, 1, 83, 1.0046630771280078)
(0, 2, 1, 84, 1.0972150231797704)
(0, 2, 1, 85, 0.8899492249504615)
(0, 2, 1, 86, 0.9200390183513454)
(0, 2, 1, 87, 1.0348159283806677)
(0, 2, 1, 88, 0.9019909227497683)
(0, 2, 1, 89, 0.9055140324143187)
(0, 2, 1, 90, 0.9976037186162521)
(0, 2, 1, 91, 0.9698382717652522)
(0, 2, 1, 92, 0.8610776301373452)
(0, 2, 1, 93, 0.9207824185671827)
(0, 2, 1, 94, 1.2233293132270529)
(0, 2, 1, 95, 1.1227092468127515)
(0, 2, 1, 96, 0.837223189046053)
(0, 2, 1, 97, 0.8672673831903353)
(0, 2, 1, 98, 1.0370689873721397)
(0, 2, 1, 99, 0.9750843684463651)
(0, 2, 1, 100, 1.0059842990728165)
(0, 2, 1, 101, 1.1389042633053326)
(0, 2, 1, 102, 0.8832325965527109)
(0, 2, 1, 103, 1.0533170740322575)
(0, 2, 1, 104, 1.0145078265318712)
(0, 2, 1, 105, 1.1431608480920659)
(0, 2, 1, 106, 0.9182759994038583)
(0, 2, 1, 107, 0.8310735740059954)
(0, 2, 1, 108, 0.9527012459594729)
(0, 2, 1, 109, 0.871730324698018)
(0, 2, 1, 110, 1.0339618663306887)
(0, 2, 1, 111, 1.15434876352213)
(0, 2, 1, 112, 0.8544047883249909)
(0, 2, 1, 113, 0.9194077699181307)
(0, 2, 1, 114, 1.0887061607422335)
(0, 2, 1, 115, 0.7808805513179637)
(0, 2, 1, 116, 1.1253202270673388)
(0, 2, 1, 117, 0.8655622655089954)
(0, 2, 1, 118, 1.051814471845502)
(0, 2, 1, 119, 0.9458128774159898)
(0, 2, 1, 120, 1.0460983475021568)
(0, 2, 1, 121, 1.2929323938114792)
(0, 2, 1, 122, 1.0160762321968002)
(0, 2, 1, 123, 1.0079562436569534)
(0, 2, 1, 124, 1.1192123196758967)
(0, 2, 1, 125, 1.1695287630676525)
(0, 2, 1, 126, 1.0565508730483122)
(0, 2, 1, 127, 0.9197880824118368)
(0, 2, 1, 128, 1.105937542628847)
(0, 2, 1, 129, 0.9779605521445381)
(0, 2, 1, 130, 0.8817045526973647)
(0, 2, 1, 131, 1.1391288390860654)
(0, 2, 1, 132, 0.9764430475474095)
(0, 2, 1, 133, 1.0272051396933737)
(0, 2, 1, 134, 1.0007129217980992)
(0, 2, 1, 135, 0.9685647487546758)
(0, 2, 1, 136, 0.8909061914698102)
(0, 2, 1, 137, 1.0836137425665444)
(0, 2, 1, 138, 1.0475481257378174)
(0, 2, 1, 139, 0.8425674318244182)
(0, 2, 1, 140, 1.0939212454225633)
(0, 2, 1, 141, 0.9056724128326323)
(0, 2, 1, 142, 1.0193602807952327)
(0, 2, 1, 143, 0.9632821739593694)
(0, 2, 1, 144, 0.8922449893847813)
(0, 2, 1, 145, 0.8553503125408882)
(0, 2, 1, 146, 0.9839051177372886)
(0, 2, 1, 147, 1.143147337813082)
(0, 2, 1, 148, 1.0409583536062668)
(0, 2, 1, 149, 0.763031623261879)
(0, 2, 1, 150, 1.1512581431548412)
(0, 2, 1, 151, 1.079563567097296)
(0, 2, 1, 152, 0.8536256957815228)
(0, 2, 1, 153, 0.9743822085820449)
(0, 2, 1, 154, 0.9140333499569786)
(0, 2, 1, 155, 0.8954771044755697)
(0, 2, 1, 156, 0.9258210603546058)
(0, 2, 1, 157, 1.0769292339378773)
(0, 2, 1, 158, 0.771736145326937)
(0, 2, 1, 159, 1.0300627153150828)
(0, 2, 1, 160, 1.0161622118074296)
(0, 2, 1, 161, 1.1681631432120438)
(0, 2, 1, 162, 0.9904943716810543)
(0, 2, 1, 163, 0.8313332222996579)
(0, 2, 1, 164, 0.9063228189547083)
(0, 2, 1, 165, 0.9130407237000251)
(0, 2, 1, 166, 1.1189304038621704)
(0, 2, 1, 167, 1.2637304584643416)
(0, 2, 1, 168, 0.8068326977646905)
(0, 2, 1, 169, 0.9003071392849004)
(0, 2, 1, 170, 0.9895672393840351)
(0, 2, 1, 171, 1.0068112148020374)
(0, 2, 1, 172, 0.8850513777487328)
(0, 2, 1, 173, 0.9492124285248731)
(0, 2, 1, 174, 0.8424364604207266)
(0, 2, 1, 175, 0.9838875631820356)
(0, 2, 1, 176, 0.9082713711492064)
(0, 2, 1, 177, 0.7425881407529968)
(0, 2, 1, 178, 1.0505731915699026)
(0, 2, 1, 179, 0.7329835032381127)
(0, 2, 1, 180, 0.8538120248368997)
(0, 2, 1, 181, 1.0512222384371814)
(0, 2, 1, 182, 1.027222899744196)
(0, 2, 1, 183, 1.0920663567893758)
(0, 2, 1, 184, 0.9324441103239383)
(0, 2, 1, 185, 1.1144680807633338)
(0, 2, 1, 186, 0.7972456754292071)
(0, 2, 1, 187, 0.934152119321603)
(0, 2, 1, 188, 0.8186190223731713)
(0, 2, 1, 189, 0.921117971929066)
(0, 2, 1, 190, 0.843569116104481)
(0, 2, 1, 191, 0.9856256919107572)
(0, 2, 1, 192, 0.9856720964485076)
(0, 2, 1, 193, 0.8555737230818413)
(0, 2, 1, 194, 0.88440637565619)
(0, 2, 1, 195, 1.011143480123246)
(0, 2, 1, 196, 0.8771083332168209)
(0, 2, 1, 197, 1.0223086409254354)
(0, 2, 1, 198, 0.9228681585902851)
(0, 2, 1, 199, 1.0007606377579592)
(0, 2, 1, 200, 1.0833874436661124)
(0, 2, 1, 201, 0.899845257800476)
(0, 2, 1, 202, 0.9357678959776939)
(0, 2, 1, 203, 0.8672009229492109)
(0, 2, 1, 204, 0.8458636012700265)
(0, 2, 1, 205, 1.0368067213916)
(0, 2, 1, 206, 0.9741017791466458)
(0, 2, 1, 207, 0.9929294130808821)
(0, 2, 1, 208, 0.9884300075391371)
(0, 2, 1, 209, 0.9862607409212485)
(0, 2, 1, 210, 1.1090037420908232)
(0, 2, 1, 211, 0.9554037537665903)
(0, 2, 1, 212, 0.9343541440384989)
(0, 2, 1, 213, 1.2603943673555236)
(0, 2, 1, 214, 0.8943067821337535)
(0, 2, 1, 215, 0.8894666263961021)
(0, 2, 1, 216, 1.1781403096208076)
(0, 2, 1, 217, 0.9564227955304694)
(0, 2, 1, 218, 0.9834726633935751)
(0, 2, 1, 219, 1.240014983151964)
(0, 2, 1, 220, 1.19903170778953)
(0, 2, 1, 221, 0.9731051100663833)
(0, 2, 1, 222, 1.046190197006446)
(0, 2, 1, 223, 0.9238263273845853)
(0, 2, 1, 224, 1.0033247277596002)
(0, 2, 1, 225, 0.8193459702028035)
(0, 2, 1, 226, 0.9552490541717519)
(0, 2, 1, 227, 0.8794300733682278)
(0, 2, 1, 228, 1.0603573023052626)
(0, 2, 1, 229, 0.8558134654635696)
(0, 2, 1, 230, 0.895508283111425)
(0, 2, 1, 231, 0.8068397552492863)
(0, 2, 1, 232, 0.9849168087630166)
(0, 2, 1, 233, 0.8895903557687184)
(0, 2, 1, 234, 0.8342940436115476)
(0, 2, 1, 235, 0.8892256860249964)
(0, 2, 1, 236, 0.997012727421599)
(0, 2, 1, 237, 0.9783556643758134)
(0, 2, 1, 238, 0.9811194384163965)
(0, 2, 1, 239, 0.9865661630013697)
(0, 2, 1, 240, 1.1037752382133477)
(0, 2, 1, 241, 1.0439832506707896)
(0, 2, 1, 242, 0.7861216860448444)
(0, 2, 1, 243, 0.7736575805313926)
(0, 2, 1, 244, 1.0688517185059772)
(0, 2, 1, 245, 1.054966192715613)
(0, 2, 1, 246, 0.93716062508371)
(0, 2, 1, 247, 0.9499558700173731)
(0, 2, 1, 248, 0.9322439600054117)
(0, 2, 1, 249, 0.9929770649536271)
(0, 3, 0, 0, 0.6853124276712118)
(0, 3, 0, 1, 0.6489578638330055)
(0, 3, 0, 2, 0.6641746465880098)
(0, 3, 0, 3, 0.782301548979837)
(0, 3, 0, 4, 0.7994508723286209)
(0, 3, 0, 5, 0.7396742499445601)
(0, 3, 0, 6, 1.0404936588189697)
(0, 3, 0, 7, 0.74774651557724)
(0, 3, 0, 8, 0.6368852435262508)
(0, 3, 0, 9, 0.740508963487369)
(0, 3, 0, 10, 0.734765221116248)
(0, 3, 0, 11, 0.6653921901315611)
(0, 3, 0, 12, 0.7297077928770536)
(0, 3, 0, 13, 0.9077467776706506)
(0, 3, 0, 14, 0.9455466499131626)
(0, 3, 0, 15, 0.5545517708962245)
(0, 3, 0, 16, 0.8214050639242594)
(0, 3, 0, 17, 0.8615371959004513)
(0, 3, 0, 18, 0.7635618132216618)
(0, 3, 0, 19, 0.8473514662279464)
(0, 3, 0, 20, 0.8263088502564315)
(0, 3, 0, 21, 0.9615641601911058)
(0, 3, 0, 22, 0.9364442082268206)
(0, 3, 0, 23, 0.9351730449342798)
(0, 3, 0, 24, 0.9637960174408247)
(0, 3, 0, 25, 0.5375156102199887)
(0, 3, 0, 26, 0.6359826879291925)
(0, 3, 0, 27, 1.22759479308037)
(0, 3, 0, 28, 0.8873584147066063)
(0, 3, 0, 29, 0.601489444882597)
(0, 3, 0, 30, 1.1328037530825468)
(0, 3, 0, 31, 0.7848905154141913)
(0, 3, 0, 32, 1.0050951057108686)
(0, 3, 0, 33, 1.1222074962137494)
(0, 3, 0, 34, 0.7181914839844195)
(0, 3, 0, 35, 0.5189795583919002)
(0, 3, 0, 36, 0.7928700322597366)
(0, 3, 0, 37, 0.7814454576112817)
(0, 3, 0, 38, 0.8325763932767867)
(0, 3, 0, 39, 0.7143438595319452)
(0, 3, 0, 40, 0.9840738964453413)
(0, 3, 0, 41, 0.6508922522102216)
(0, 3, 0, 42, 0.7166458363037127)
(0, 3, 0, 43, 1.0210197182723761)
(0, 3, 0, 44, 0.7174146885705465)
(0, 3, 0, 45, 0.8388493513182398)
(0, 3, 0, 46, 0.772644725248726)
(0, 3, 0, 47, 0.7986070360043859)
(0, 3, 0, 48, 0.9631305134905213)
(0, 3, 0, 49, 0.7214599051265748)
(0, 3, 0, 50, 0.7660062879788558)
(0, 3, 0, 51, 0.7813497607693339)
(0, 3, 0, 52, 0.7789902962183113)
(0, 3, 0, 53, 0.707848078912389)
(0, 3, 0, 54, 0.9237455584555094)
(0, 3, 0, 55, 0.7344049871861881)
(0, 3, 0, 56, 0.7019142066811863)
(0, 3, 0, 57, 0.7918388355636345)
(0, 3, 0, 58, 0.8589412421528486)
(0, 3, 0, 59, 0.8064128153902388)
(0, 3, 0, 60, 0.9533152811779547)
(0, 3, 0, 61, 0.832225373481101)
(0, 3, 0, 62, 0.6279673279902054)
(0, 3, 0, 63, 0.6031725050466427)
(0, 3, 0, 64, 0.7877519746047471)
(0, 3, 0, 65, 1.0565894978474766)
(0, 3, 0, 66, 1.3057281475068088)
(0, 3, 0, 67, 0.6451654385642823)
(0, 3, 0, 68, 0.74070845179674)
(0, 3, 0, 69, 1.0264110799565156)
(0, 3, 0, 70, 0.7254205062205578)
(0, 3, 0, 71, 0.9627613916433012)
(0, 3, 0, 72, 0.826461160132918)
(0, 3, 0, 73, 1.0190807327513125)
(0, 3, 0, 74, 0.7150669987874022)
(0, 3, 0, 75, 0.7751519809643457)
(0, 3, 0, 76, 0.7551466149972965)
(0, 3, 0, 77, 0.7767319689836611)
(0, 3, 0, 78, 0.6563922957936648)
(0, 3, 0, 79, 0.7386082610994706)
(0, 3, 0, 80, 0.8016319884400034)
(0, 3, 0, 81, 0.7692614085630596)
(0, 3, 0, 82, 1.1243524888699434)
(0, 3, 0, 83, 0.7943325934427209)
(0, 3, 0, 84, 0.7354992761657315)
(0, 3, 0, 85, 0.7837484258781187)
(0, 3, 0, 86, 0.5947731471635045)
(0, 3, 0, 87, 0.8684639249219808)
(0, 3, 0, 88, 0.6245915441446945)
(0, 3, 0, 89, 0.8213793617073853)
(0, 3, 0, 90, 0.705103495786961)
(0, 3, 0, 91, 0.784975201845784)
(0, 3, 0, 92, 0.8518947215123709)
(0, 3, 0, 93, 0.705515112760289)
(0, 3, 0, 94, 0.6923209918734436)
(0, 3, 0, 95, 0.8784437835295625)
(0, 3, 0, 96, 0.8389089962378685)
(0, 3, 0, 97, 0.8301504208599844)
(0, 3, 0, 98, 0.9427439294145157)
(0, 3, 0, 99, 0.9763711609128)
(0, 3, 0, 100, 0.7701985739904141)
(0, 3, 0, 101, 0.9890068196718647)
(0, 3, 0, 102, 0.908963649728858)
(0, 3, 0, 103, 0.8647987339984573)
(0, 3, 0, 104, 0.8766622253006098)
(0, 3, 0, 105, 0.7542325835936838)
(0, 3, 0, 106, 0.662290913279351)
(0, 3, 0, 107, 0.6696322152320177)
(0, 3, 0, 108, 0.8709526094907002)
(0, 3, 0, 109, 0.9515339287005105)
(0, 3, 0, 110, 0.837372105660822)
(0, 3, 0, 111, 0.6575182960877406)
(0, 3, 0, 112, 1.0804415519971842)
(0, 3, 0, 113, 0.7465570110142857)
(0, 3, 0, 114, 0.6058567843100525)
(0, 3, 0, 115, 0.9695410238755892)
(0, 3, 0, 116, 0.5934498663199135)
(0, 3, 0, 117, 0.6525557925847607)
(0, 3, 0, 118, 0.9790069857806539)
(0, 3, 0, 119, 0.75978512411662)
(0, 3, 0, 120, 0.9924199110540256)
(0, 3, 0, 121, 0.9075913974815473)
(0, 3, 0, 122, 0.7146144527606353)
(0, 3, 0, 123, 0.9747802952976335)
(0, 3, 0, 124, 0.5514904134946989)
(0, 3, 0, 125, 0.8369126796023247)
(0, 3, 0, 126, 0.7126579464993943)
(0, 3, 0, 127, 0.9004113464610035)
(0, 3, 0, 128, 0.7031352813354449)
(0, 3, 0, 129, 0.5922355570513368)
(0, 3, 0, 130, 0.7918121836936193)
(0, 3, 0, 131, 0.8569182679921716)
(0, 3, 0, 132, 0.8434871748226495)
(0, 3, 0, 133, 0.7448091142254246)
(0, 3, 0, 134, 0.8694557718625218)
(0, 3, 0, 135, 0.8613463659174646)
(0, 3, 0, 136, 0.6425088700757491)
(0, 3, 0, 137, 1.0401215398030677)
(0, 3, 0, 138, 0.7027938718345504)
(0, 3, 0, 139, 0.9227741085868171)
(0, 3, 0, 140, 0.6616103855396549)
(0, 3, 0, 141, 0.8016111095095709)
(0, 3, 0, 142, 1.1558746533497832)
(0, 3, 0, 143, 0.8332997286596107)
(0, 3, 0, 144, 0.6332636076455523)
(0, 3, 0, 145, 0.943379029098753)
(0, 3, 0, 146, 0.8949715651295685)
(0, 3, 0, 147, 0.6640954966609616)
(0, 3, 0, 148, 0.6488410000522022)
(0, 3, 0, 149, 0.7415609719045304)
(0, 3, 0, 150, 0.8415747409219011)
(0, 3, 0, 151, 0.7646770605304963)
(0, 3, 0, 152, 0.8865216898628617)
(0, 3, 0, 153, 0.7854491035977299)
(0, 3, 0, 154, 0.8290191716143156)
(0, 3, 0, 155, 0.721446782596425)
(0, 3, 0, 156, 0.9499243266021169)
(0, 3, 0, 157, 0.726064520842473)
(0, 3, 0, 158, 0.6922695127328267)
(0, 3, 0, 159, 1.0553103246137654)
(0, 3, 0, 160, 0.7099343754186631)
(0, 3, 0, 161, 0.7366733311449104)
(0, 3, 0, 162, 1.030603959037381)
(0, 3, 0, 163, 0.8868118022073592)
(0, 3, 0, 164, 0.7746384531061642)
(0, 3, 0, 165, 0.8375079222495985)
(0, 3, 0, 166, 0.7556648423027063)
(0, 3, 0, 167, 0.8203499387522095)
(0, 3, 0, 168, 0.8010417883433711)
(0, 3, 0, 169, 0.9621831568554194)
(0, 3, 0, 170, 0.9002919796628112)
(0, 3, 0, 171, 0.9317175668320752)
(0, 3, 0, 172, 0.8107018276080271)
(0, 3, 0, 173, 1.1365341386878367)
(0, 3, 0, 174, 0.9644498189319869)
(0, 3, 0, 175, 0.8743702392929544)
(0, 3, 0, 176, 0.8040794122211643)
(0, 3, 0, 177, 0.7794980713787005)
(0, 3, 0, 178, 0.704880110552643)
(0, 3, 0, 179, 0.6794998703829772)
(0, 3, 0, 180, 0.7658559915671435)
(0, 3, 0, 181, 0.769767106022068)
(0, 3, 0, 182, 0.7413000367629179)
(0, 3, 0, 183, 0.7510124033171008)
(0, 3, 0, 184, 0.9422029791530858)
(0, 3, 0, 185, 0.7831587273227975)
(0, 3, 0, 186, 0.8411624490643164)
(0, 3, 0, 187, 0.965868667871029)
(0, 3, 0, 188, 0.5887001188690411)
(0, 3, 0, 189, 0.8097884585852031)
(0, 3, 0, 190, 0.7806488123941536)
(0, 3, 0, 191, 0.625841183638225)
(0, 3, 0, 192, 0.9665978427286913)
(0, 3, 0, 193, 0.6684055962205463)
(0, 3, 0, 194, 0.7315197770514171)
(0, 3, 0, 195, 0.7487375932113073)
(0, 3, 0, 196, 0.675532304804554)
(0, 3, 0, 197, 0.9959012118945768)
(0, 3, 0, 198, 0.8619893413156756)
(0, 3, 0, 199, 0.6807016684375117)
(0, 3, 0, 200, 0.7805452838200785)
(0, 3, 0, 201, 0.7724785475043979)
(0, 3, 0, 202, 0.951019713892829)
(0, 3, 0, 203, 0.9224307442948133)
(0, 3, 0, 204, 0.7302685665814211)
(0, 3, 0, 205, 0.829022913684421)
(0, 3, 0, 206, 0.6602496512484471)
(0, 3, 0, 207, 0.8242903538111642)
(0, 3, 0, 208, 0.8514598114363015)
(0, 3, 0, 209, 0.8407599705127435)
(0, 3, 0, 210, 0.7501713699613065)
(0, 3, 0, 211, 0.6252932653892034)
(0, 3, 0, 212, 1.2674304280029915)
(0, 3, 0, 213, 0.6777511332512428)
(0, 3, 0, 214, 0.929162908410408)
(0, 3, 0, 215, 0.8728615329354511)
(0, 3, 0, 216, 0.6488716950423086)
(0, 3, 0, 217, 0.836983957048667)
(0, 3, 0, 218, 0.9450167835587219)
(0, 3, 0, 219, 0.8008540180450086)
(0, 3, 0, 220, 0.5752411708862617)
(0, 3, 0, 221, 0.7933679962595163)
(0, 3, 0, 222, 0.993793257045817)
(0, 3, 0, 223, 0.6836812217237147)
(0, 3, 0, 224, 0.6013926444246908)
(0, 3, 0, 225, 0.9636714255044664)
(0, 3, 0, 226, 0.8109575552167813)
(0, 3, 0, 227, 0.8595112950565422)
(0, 3, 0, 228, 0.8031827797169885)
(0, 3, 0, 229, 0.8871737798008694)
(0, 3, 0, 230, 1.0379483147792359)
(0, 3, 0, 231, 1.0397986592930644)
(0, 3, 0, 232, 0.6522211811207613)
(0, 3, 0, 233, 0.7749075863545021)
(0, 3, 0, 234, 0.7565931234872438)
(0, 3, 0, 235, 0.8660637788102779)
(0, 3, 0, 236, 0.7993566870693259)
(0, 3, 0, 237, 0.7709117042781142)
(0, 3, 0, 238, 0.8577746025625409)
(0, 3, 0, 239, 0.770736095455806)
(0, 3, 0, 240, 0.7073885699926138)
(0, 3, 0, 241, 0.4762730198592811)
(0, 3, 0, 242, 0.804565438422429)
(0, 3, 0, 243, 1.0445092338772994)
(0, 3, 0, 244, 0.7032982500436579)
(0, 3, 0, 245, 0.7331980681626289)
(0, 3, 0, 246, 1.0109848155705101)
(0, 3, 0, 247, 0.9410700137603134)
(0, 3, 0, 248, 0.6122987860883998)
(0, 3, 0, 249, 0.7887511764189336)
(0, 3, 1, 0, 0.7764560300938322)
(0, 3, 1, 1, 0.8070891756058383)
(0, 3, 1, 2, 0.8044086354784197)
(0, 3, 1, 3, 0.8895356631386052)
(0, 3, 1, 4, 1.003648391370072)
(0, 3, 1, 5, 0.7679274164184992)
(0, 3, 1, 6, 0.8930012493064782)
(0, 3, 1, 7, 0.998281620504259)
(0, 3, 1, 8, 0.8605557419706703)
(0, 3, 1, 9, 0.7994260348956158)
(0, 3, 1, 10, 0.8001152283836124)
(0, 3, 1, 11, 0.8983353559606208)
(0, 3, 1, 12, 0.9320835944556953)
(0, 3, 1, 13, 0.8282373968388749)
(0, 3, 1, 14, 0.8429837079244441)
(0, 3, 1, 15, 1.138934250879732)
(0, 3, 1, 16, 1.0431264389043045)
(0, 3, 1, 17, 1.0928517579462003)
(0, 3, 1, 18, 0.9632286141691783)
(0, 3, 1, 19, 0.9469823924766307)
(0, 3, 1, 20, 0.9371570265573461)
(0, 3, 1, 21, 0.9094697813751002)
(0, 3, 1, 22, 0.8591143267263615)
(0, 3, 1, 23, 1.0828197776573338)
(0, 3, 1, 24, 0.9787789987223209)
(0, 3, 1, 25, 1.015562519161293)
(0, 3, 1, 26, 1.1706494881945284)
(0, 3, 1, 27, 1.122607917399855)
(0, 3, 1, 28, 0.9047690323590516)
(0, 3, 1, 29, 1.2838892838355)
(0, 3, 1, 30, 0.9918202006621942)
(0, 3, 1, 31, 0.8005622483943365)
(0, 3, 1, 32, 0.9818456333460831)
(0, 3, 1, 33, 1.185847470341505)
(0, 3, 1, 34, 1.0278121392936435)
(0, 3, 1, 35, 0.9706433110273452)
(0, 3, 1, 36, 1.1352254162602617)
(0, 3, 1, 37, 0.9689941619190111)
(0, 3, 1, 38, 1.2343859750317148)
(0, 3, 1, 39, 0.8696891187292187)
(0, 3, 1, 40, 1.0910685428581377)
(0, 3, 1, 41, 0.973831826311166)
(0, 3, 1, 42, 1.1174653031629151)
(0, 3, 1, 43, 0.7833458920279365)
(0, 3, 1, 44, 0.9183956290607298)
(0, 3, 1, 45, 1.1016055991098326)
(0, 3, 1, 46, 1.0547305593972274)
(0, 3, 1, 47, 0.9902940892366979)
(0, 3, 1, 48, 0.9557643592350591)
(0, 3, 1, 49, 0.952495619960557)
(0, 3, 1, 50, 1.0906923295679904)
(0, 3, 1, 51, 1.2080831788168862)
(0, 3, 1, 52, 1.011291281669764)
(0, 3, 1, 53, 1.1981967423535562)
(0, 3, 1, 54, 0.9731958515057376)
(0, 3, 1, 55, 0.758989418494325)
(0, 3, 1, 56, 1.028160670528906)
(0, 3, 1, 57, 1.2227282211881054)
(0, 3, 1, 58, 0.8977984332395361)
(0, 3, 1, 59, 0.9741677265016984)
(0, 3, 1, 60, 1.0217855918111876)
(0, 3, 1, 61, 0.936404279356104)
(0, 3, 1, 62, 0.9852293417667746)
(0, 3, 1, 63, 0.8079745009541471)
(0, 3, 1, 64, 0.9902649185441489)
(0, 3, 1, 65, 0.9428863077291627)
(0, 3, 1, 66, 0.9575270201092373)
(0, 3, 1, 67, 0.9351112465786764)
(0, 3, 1, 68, 0.9010173111356428)
(0, 3, 1, 69, 0.9086157982470577)
(0, 3, 1, 70, 0.8483432402847523)
(0, 3, 1, 71, 0.769928949978416)
(0, 3, 1, 72, 0.8258494898060703)
(0, 3, 1, 73, 0.9816140204170112)
(0, 3, 1, 74, 0.7994782434456388)
(0, 3, 1, 75, 0.9340476488779303)
(0, 3, 1, 76, 0.7464559008363456)
(0, 3, 1, 77, 0.8574181222944033)
(0, 3, 1, 78, 0.8097480679185557)
(0, 3, 1, 79, 0.9233227598441827)
(0, 3, 1, 80, 1.0021936687650814)
(0, 3, 1, 81, 1.114022956737933)
(0, 3, 1, 82, 0.8389466378370143)
(0, 3, 1, 83, 1.0502104419539269)
(0, 3, 1, 84, 1.0732898440640015)
(0, 3, 1, 85, 0.9393436129187216)
(0, 3, 1, 86, 0.977676974518781)
(0, 3, 1, 87, 1.1223668055779836)
(0, 3, 1, 88, 0.8600531164615709)
(0, 3, 1, 89, 0.9030423145503592)
(0, 3, 1, 90, 1.0372178429647787)
(0, 3, 1, 91, 0.9571661948633144)
(0, 3, 1, 92, 0.9876261243230665)
(0, 3, 1, 93, 0.9891005483976786)
(0, 3, 1, 94, 1.1536929989473754)
(0, 3, 1, 95, 1.1393301972186582)
(0, 3, 1, 96, 0.869382282423097)
(0, 3, 1, 97, 0.8473651887178201)
(0, 3, 1, 98, 1.1062648850398327)
(0, 3, 1, 99, 1.0079741953648453)
(0, 3, 1, 100, 0.956801861220719)
(0, 3, 1, 101, 1.0081901804574738)
(0, 3, 1, 102, 0.8132633479345988)
(0, 3, 1, 103, 0.927619816920159)
(0, 3, 1, 104, 0.9489053145604779)
(0, 3, 1, 105, 1.2235264666072467)
(0, 3, 1, 106, 0.9988050337342311)
(0, 3, 1, 107, 0.8098966897868394)
(0, 3, 1, 108, 0.9645854469546735)
(0, 3, 1, 109, 0.7807146391273255)
(0, 3, 1, 110, 1.073080554518821)
(0, 3, 1, 111, 1.1124742264786172)
(0, 3, 1, 112, 0.7786973306978803)
(0, 3, 1, 113, 0.9126498865581836)
(0, 3, 1, 114, 1.081626404518509)
(0, 3, 1, 115, 0.7580198506381401)
(0, 3, 1, 116, 1.1205387600211065)
(0, 3, 1, 117, 0.9276652342177798)
(0, 3, 1, 118, 0.9521153253969913)
(0, 3, 1, 119, 0.9725108589629059)
(0, 3, 1, 120, 1.05251137484107)
(0, 3, 1, 121, 1.1925174105569818)
(0, 3, 1, 122, 1.1509610158489003)
(0, 3, 1, 123, 1.002390880191599)
(0, 3, 1, 124, 1.2042665859556283)
(0, 3, 1, 125, 0.9941955012152673)
(0, 3, 1, 126, 1.0406843573167297)
(0, 3, 1, 127, 0.9315948248638224)
(0, 3, 1, 128, 1.1035393929180117)
(0, 3, 1, 129, 0.901210433927396)
(0, 3, 1, 130, 0.9063994092450444)
(0, 3, 1, 131, 1.1510954177349997)
(0, 3, 1, 132, 0.9672581886220599)
(0, 3, 1, 133, 1.0182012072405966)
(0, 3, 1, 134, 1.0563190737946553)
(0, 3, 1, 135, 0.9368265251315812)
(0, 3, 1, 136, 0.9175358999169259)
(0, 3, 1, 137, 1.1353019826820279)
(0, 3, 1, 138, 0.9503282821153155)
(0, 3, 1, 139, 0.7988230125531591)
(0, 3, 1, 140, 1.0489238076550316)
(0, 3, 1, 141, 0.8919956378121126)
(0, 3, 1, 142, 0.9349197891836053)
(0, 3, 1, 143, 0.9239441394959019)
(0, 3, 1, 144, 0.8021462353433239)
(0, 3, 1, 145, 0.980400158693319)
(0, 3, 1, 146, 1.0549653940542352)
(0, 3, 1, 147, 1.1318548412132603)
(0, 3, 1, 148, 1.1396485340611497)
(0, 3, 1, 149, 0.8226837963955985)
(0, 3, 1, 150, 1.017064277796247)
(0, 3, 1, 151, 1.1371874965187039)
(0, 3, 1, 152, 0.907616946548216)
(0, 3, 1, 153, 1.004559543184499)
(0, 3, 1, 154, 0.9622458099676809)
(0, 3, 1, 155, 0.9322206414442225)
(0, 3, 1, 156, 0.9687025226625091)
(0, 3, 1, 157, 1.1333011783750282)
(0, 3, 1, 158, 0.946502991663267)
(0, 3, 1, 159, 1.2102679329618018)
(0, 3, 1, 160, 0.9717990153210013)
(0, 3, 1, 161, 1.0410121844671285)
(0, 3, 1, 162, 1.008366262214282)
(0, 3, 1, 163, 0.9259078416402997)
(0, 3, 1, 164, 0.921206882158259)
(0, 3, 1, 165, 0.8800559237157564)
(0, 3, 1, 166, 1.110419189088854)
(0, 3, 1, 167, 1.2410216552271327)
(0, 3, 1, 168, 0.7985917613836154)
(0, 3, 1, 169, 0.8580724276361844)
(0, 3, 1, 170, 0.8403427233201646)
(0, 3, 1, 171, 0.8880247749377564)
(0, 3, 1, 172, 0.8280089755432269)
(0, 3, 1, 173, 0.909583389159031)
(0, 3, 1, 174, 0.8586990874394796)
(0, 3, 1, 175, 1.0553276659519253)
(0, 3, 1, 176, 0.836588757821451)
(0, 3, 1, 177, 0.8316168551029427)
(0, 3, 1, 178, 1.052891756487133)
(0, 3, 1, 179, 0.7909578248705059)
(0, 3, 1, 180, 0.8229997106208676)
(0, 3, 1, 181, 1.029528553360251)
(0, 3, 1, 182, 0.9183814839747814)
(0, 3, 1, 183, 1.0753322391065046)
(0, 3, 1, 184, 1.024299652929165)
(0, 3, 1, 185, 1.1765241257590298)
(0, 3, 1, 186, 0.7290132735323271)
(0, 3, 1, 187, 0.8204777373735336)
(0, 3, 1, 188, 0.8422218404707006)
(0, 3, 1, 189, 0.9635366984103098)
(0, 3, 1, 190, 0.7920979667013875)
(0, 3, 1, 191, 0.9538003078366187)
(0, 3, 1, 192, 0.9887051262636773)
(0, 3, 1, 193, 0.8234447575088446)
(0, 3, 1, 194, 0.8946516616487422)
(0, 3, 1, 195, 0.9218282125583284)
(0, 3, 1, 196, 0.9167451952147501)
(0, 3, 1, 197, 1.1406403109425032)
(0, 3, 1, 198, 0.891581148590491)
(0, 3, 1, 199, 1.0178648480431798)
(0, 3, 1, 200, 1.05817807017728)
(0, 3, 1, 201, 0.9891134038230738)
(0, 3, 1, 202, 0.8970294784353147)
(0, 3, 1, 203, 0.8404932950686776)
(0, 3, 1, 204, 0.8325376408817565)
(0, 3, 1, 205, 0.9949509706255835)
(0, 3, 1, 206, 0.9861821962676796)
(0, 3, 1, 207, 1.0907340890460524)
(0, 3, 1, 208, 1.0357036177049295)
(0, 3, 1, 209, 0.9382931169387368)
(0, 3, 1, 210, 1.0122710412587166)
(0, 3, 1, 211, 0.8656459597668044)
(0, 3, 1, 212, 0.9405056920108337)
(0, 3, 1, 213, 1.2427666068665353)
(0, 3, 1, 214, 0.8199778713181637)
(0, 3, 1, 215, 0.930226943146192)
(0, 3, 1, 216, 1.2789379279665525)
(0, 3, 1, 217, 1.0611891163735618)
(0, 3, 1, 218, 0.8993512186090702)
(0, 3, 1, 219, 1.2968443307119024)
(0, 3, 1, 220, 1.249591321876534)
(0, 3, 1, 221, 0.991888426933752)
(0, 3, 1, 222, 1.0171851206568931)
(0, 3, 1, 223, 1.0068048874306301)
(0, 3, 1, 224, 1.0506596445451024)
(0, 3, 1, 225, 0.8139603277220596)
(0, 3, 1, 226, 0.9006787856320863)
(0, 3, 1, 227, 0.8891932786871566)
(0, 3, 1, 228, 1.2159519598433555)
(0, 3, 1, 229, 0.89109046592564)
(0, 3, 1, 230, 0.9150696920999221)
(0, 3, 1, 231, 0.7953277827823486)
(0, 3, 1, 232, 0.9777779327348753)
(0, 3, 1, 233, 0.7988345663976821)
(0, 3, 1, 234, 0.8884028131460668)
(0, 3, 1, 235, 0.9821783765104748)
(0, 3, 1, 236, 0.9779069900672257)
(0, 3, 1, 237, 1.0819297058593136)
(0, 3, 1, 238, 0.9605459497216254)
(0, 3, 1, 239, 0.9903493790592456)
(0, 3, 1, 240, 1.1028184449919496)
(0, 3, 1, 241, 0.998919174334765)
(0, 3, 1, 242, 0.8349568216290315)
(0, 3, 1, 243, 0.7297068748040288)
(0, 3, 1, 244, 1.074919087221699)
(0, 3, 1, 245, 1.0326006765410074)
(0, 3, 1, 246, 0.8903960609215464)
(0, 3, 1, 247, 0.9376255190219539)
(0, 3, 1, 248, 0.9659586083158908)
(0, 3, 1, 249, 1.1572701478345488)
(0, 4, 0, 0, 0.8486894136562063)
(0, 4, 0, 1, 0.6741772016128775)
(0, 4, 0, 2, 0.8237354275044224)
(0, 4, 0, 3, 0.8723738504770664)
(0, 4, 0, 4, 1.0386209553529275)
(0, 4, 0, 5, 0.8230260424312353)
(0, 4, 0, 6, 1.0640205758321393)
(0, 4, 0, 7, 0.8264387938544349)
(0, 4, 0, 8, 0.5041658011466007)
(0, 4, 0, 9, 0.9262260713840482)
(0, 4, 0, 10, 0.6802629099269254)
(0, 4, 0, 11, 0.7196662296182067)
(0, 4, 0, 12, 0.8053252394853385)
(0, 4, 0, 13, 0.7275567601913406)
(0, 4, 0, 14, 0.9401599237752983)
(0, 4, 0, 15, 0.6040099803405464)
(0, 4, 0, 16, 1.0390378466228152)
(0, 4, 0, 17, 0.8673312583404895)
(0, 4, 0, 18, 0.9300931189953315)
(0, 4, 0, 19, 0.8642904801856703)
(0, 4, 0, 20, 0.6551805894079735)
(0, 4, 0, 21, 0.879574936167438)
(0, 4, 0, 22, 1.1180779523168571)
(0, 4, 0, 23, 0.876367153103397)
(0, 4, 0, 24, 0.8149751118654827)
(0, 4, 0, 25, 0.5603830468982283)
(0, 4, 0, 26, 0.7512345627269338)
(0, 4, 0, 27, 1.1350687575899288)
(0, 4, 0, 28, 0.8628457306240171)
(0, 4, 0, 29, 0.6167551641269621)
(0, 4, 0, 30, 1.1858180905396891)
(0, 4, 0, 31, 0.8860009263876197)
(0, 4, 0, 32, 1.111625019616425)
(0, 4, 0, 33, 1.080253960393307)
(0, 4, 0, 34, 0.8448228575099556)
(0, 4, 0, 35, 0.7189510870834135)
(0, 4, 0, 36, 1.0110862717353797)
(0, 4, 0, 37, 0.7274300007002309)
(0, 4, 0, 38, 0.8837817305652976)
(0, 4, 0, 39, 0.7166589063440316)
(0, 4, 0, 40, 0.817432508977402)
(0, 4, 0, 41, 0.5691069798702292)
(0, 4, 0, 42, 0.7508139200402044)
(0, 4, 0, 43, 1.0620199643438162)
(0, 4, 0, 44, 0.8083032520730152)
(0, 4, 0, 45, 0.9607603191382956)
(0, 4, 0, 46, 0.5902750905067937)
(0, 4, 0, 47, 0.8447955901355026)
(0, 4, 0, 48, 1.086060264210622)
(0, 4, 0, 49, 0.7610041766415829)
(0, 4, 0, 50, 0.8062957130140778)
(0, 4, 0, 51, 0.8652369816540895)
(0, 4, 0, 52, 0.9109161067820273)
(0, 4, 0, 53, 0.6812407808706619)
(0, 4, 0, 54, 0.8950960535123453)
(0, 4, 0, 55, 0.8815308350535023)
(0, 4, 0, 56, 0.789578536359016)
(0, 4, 0, 57, 0.9320090352819053)
(0, 4, 0, 58, 1.0771686972903796)
(0, 4, 0, 59, 0.9373005962581817)
(0, 4, 0, 60, 0.8945596660728345)
(0, 4, 0, 61, 0.8335083243405926)
(0, 4, 0, 62, 0.7745100192751195)
(0, 4, 0, 63, 0.6955597916680706)
(0, 4, 0, 64, 0.8399050134963448)
(0, 4, 0, 65, 1.0762709381482203)
(0, 4, 0, 66, 1.2054083465374468)
(0, 4, 0, 67, 0.5646873430384659)
(0, 4, 0, 68, 0.8986517198592459)
(0, 4, 0, 69, 1.0723542446224619)
(0, 4, 0, 70, 0.7974672341652602)
(0, 4, 0, 71, 1.0774611012376152)
(0, 4, 0, 72, 0.7630803558222196)
(0, 4, 0, 73, 1.0473094582828737)
(0, 4, 0, 74, 0.8181835307242575)
(0, 4, 0, 75, 0.8871472747825324)
(0, 4, 0, 76, 0.9652425381268246)
(0, 4, 0, 77, 0.7882798854211374)
(0, 4, 0, 78, 0.9966559614115967)
(0, 4, 0, 79, 0.6788170436560449)
(0, 4, 0, 80, 0.8441395200304567)
(0, 4, 0, 81, 0.7314081783292181)
(0, 4, 0, 82, 1.1193687988046395)
(0, 4, 0, 83, 0.8198523223048221)
(0, 4, 0, 84, 0.7661662611540572)
(0, 4, 0, 85, 0.5829366462118254)
(0, 4, 0, 86, 0.8381733528436343)
(0, 4, 0, 87, 0.9284623149336305)
(0, 4, 0, 88, 0.6980820523866398)
(0, 4, 0, 89, 0.8591243155238091)
(0, 4, 0, 90, 0.7325869809080957)
(0, 4, 0, 91, 0.8831959499326216)
(0, 4, 0, 92, 0.9208276297122503)
(0, 4, 0, 93, 0.9102799124924272)
(0, 4, 0, 94, 0.8387272626741437)
(0, 4, 0, 95, 0.9261314869391287)
(0, 4, 0, 96, 1.167703302196033)
(0, 4, 0, 97, 0.7906978954314152)
(0, 4, 0, 98, 0.9340676884542739)
(0, 4, 0, 99, 0.9996447783021787)
(0, 4, 0, 100, 0.6203056467681959)
(0, 4, 0, 101, 0.8847659913951994)
(0, 4, 0, 102, 0.7359043626823394)
(0, 4, 0, 103, 1.0656014473098454)
(0, 4, 0, 104, 0.9995660319882864)
(0, 4, 0, 105, 0.8556304812261875)
(0, 4, 0, 106, 0.8392571203919824)
(0, 4, 0, 107, 0.7235058958246503)
(0, 4, 0, 108, 0.7478211078575613)
(0, 4, 0, 109, 1.0301029898262175)
(0, 4, 0, 110, 0.8439188097237679)
(0, 4, 0, 111, 0.6087095056633653)
(0, 4, 0, 112, 0.8534981795017539)
(0, 4, 0, 113, 0.9447917968418444)
(0, 4, 0, 114, 0.6621026673448283)
(0, 4, 0, 115, 1.1009175981957997)
(0, 4, 0, 116, 0.6260032010976394)
(0, 4, 0, 117, 0.7293540929317978)
(0, 4, 0, 118, 1.0455839334043864)
(0, 4, 0, 119, 0.9324318734589628)
(0, 4, 0, 120, 1.0471793241042717)
(0, 4, 0, 121, 1.005629359056725)
(0, 4, 0, 122, 0.8044125413104658)
(0, 4, 0, 123, 0.9772120838067497)
(0, 4, 0, 124, 0.643833029344507)
(0, 4, 0, 125, 0.8307941814214278)
(0, 4, 0, 126, 0.9102723506367051)
(0, 4, 0, 127, 1.0466007628678997)
(0, 4, 0, 128, 0.6823086276017424)
(0, 4, 0, 129, 0.5229616089503802)
(0, 4, 0, 130, 0.7797216888532088)
(0, 4, 0, 131, 0.9666087229205576)
(0, 4, 0, 132, 1.0142236559915014)
(0, 4, 0, 133, 0.7490157993712567)
(0, 4, 0, 134, 0.9689134199037318)
(0, 4, 0, 135, 0.9804224853649347)
(0, 4, 0, 136, 0.8424551648429753)
(0, 4, 0, 137, 1.04449584478062)
(0, 4, 0, 138, 0.8797945163149483)
(0, 4, 0, 139, 1.0266711946578633)
(0, 4, 0, 140, 0.6866909941900476)
(0, 4, 0, 141, 0.7543835947595929)
(0, 4, 0, 142, 0.9722740737817562)
(0, 4, 0, 143, 0.8797314284016955)
(0, 4, 0, 144, 0.7738309862017391)
(0, 4, 0, 145, 0.8715128697468004)
(0, 4, 0, 146, 1.068851628483881)
(0, 4, 0, 147, 0.813716773212347)
(0, 4, 0, 148, 0.8612249663048467)
(0, 4, 0, 149, 0.9432375106335514)
(0, 4, 0, 150, 0.9497151813857521)
(0, 4, 0, 151, 0.9045460444324842)
(0, 4, 0, 152, 0.9520766055410141)
(0, 4, 0, 153, 0.8131920306310952)
(0, 4, 0, 154, 0.8345885310475791)
(0, 4, 0, 155, 0.9364626083259401)
(0, 4, 0, 156, 1.1687986846643288)
(0, 4, 0, 157, 0.7999157074094272)
(0, 4, 0, 158, 0.9347101666846983)
(0, 4, 0, 159, 1.0022929100109434)
(0, 4, 0, 160, 0.8107013914527673)
(0, 4, 0, 161, 0.9065261486104215)
(0, 4, 0, 162, 0.9448950500466361)
(0, 4, 0, 163, 0.9063620597120138)
(0, 4, 0, 164, 0.9950137690736068)
(0, 4, 0, 165, 0.8496053459535877)
(0, 4, 0, 166, 0.8133967120081552)
(0, 4, 0, 167, 0.9465767861222041)
(0, 4, 0, 168, 0.7668872614834344)
(0, 4, 0, 169, 0.9134047646245013)
(0, 4, 0, 170, 0.9389796547985197)
(0, 4, 0, 171, 1.0339881950047725)
(0, 4, 0, 172, 0.9059945913831035)
(0, 4, 0, 173, 1.2922961666764492)
(0, 4, 0, 174, 1.0178397525315506)
(0, 4, 0, 175, 0.8260798978766787)
(0, 4, 0, 176, 0.8808667334226398)
(0, 4, 0, 177, 0.9348676938065403)
(0, 4, 0, 178, 0.8743683700620862)
(0, 4, 0, 179, 0.6742478236574206)
(0, 4, 0, 180, 0.8945479146064186)
(0, 4, 0, 181, 0.8019227527140691)
(0, 4, 0, 182, 1.0028825549645752)
(0, 4, 0, 183, 0.7886817943383254)
(0, 4, 0, 184, 1.036091482091646)
(0, 4, 0, 185, 0.9053838504256693)
(0, 4, 0, 186, 1.1480983867439745)
(0, 4, 0, 187, 0.8757752464004418)
(0, 4, 0, 188, 0.8693659866103556)
(0, 4, 0, 189, 0.8291093644937741)
(0, 4, 0, 190, 0.9357111870150784)
(0, 4, 0, 191, 0.7464629304124577)
(0, 4, 0, 192, 1.0002993963255704)
(0, 4, 0, 193, 0.5965002362496484)
(0, 4, 0, 194, 0.8179025656773401)
(0, 4, 0, 195, 1.021650448055496)
(0, 4, 0, 196, 0.8287739864504301)
(0, 4, 0, 197, 1.2011430869536752)
(0, 4, 0, 198, 0.9799591435321958)
(0, 4, 0, 199, 0.7663687648932951)
(0, 4, 0, 200, 0.8531168506981607)
(0, 4, 0, 201, 0.8078588978288762)
(0, 4, 0, 202, 0.9098132680312399)
(0, 4, 0, 203, 1.0095512958592952)
(0, 4, 0, 204, 0.8788198581385439)
(0, 4, 0, 205, 0.9699065664638703)
(0, 4, 0, 206, 0.8383092508956492)
(0, 4, 0, 207, 0.7873830546790054)
(0, 4, 0, 208, 0.8073390643510557)
(0, 4, 0, 209, 0.9623570209816076)
(0, 4, 0, 210, 0.7845576683535919)
(0, 4, 0, 211, 0.5913228894939873)
(0, 4, 0, 212, 1.3970325333897458)
(0, 4, 0, 213, 0.8523142358236201)
(0, 4, 0, 214, 1.0526276037389883)
(0, 4, 0, 215, 0.9212220874249755)
(0, 4, 0, 216, 0.5785270466938426)
(0, 4, 0, 217, 0.7472776680420186)
(0, 4, 0, 218, 0.904319231700236)
(0, 4, 0, 219, 0.7822948175426121)
(0, 4, 0, 220, 0.7413747158934224)
(0, 4, 0, 221, 0.8521300679410294)
(0, 4, 0, 222, 0.9641812110069184)
(0, 4, 0, 223, 0.7021547900152071)
(0, 4, 0, 224, 0.6114726470529176)
(0, 4, 0, 225, 0.9566903677895119)
(0, 4, 0, 226, 1.0206387771095486)
(0, 4, 0, 227, 0.9686313758819192)
(0, 4, 0, 228, 0.8432237994426863)
(0, 4, 0, 229, 0.941195818504265)
(0, 4, 0, 230, 1.1012088867825813)
(0, 4, 0, 231, 1.1458975682722763)
(0, 4, 0, 232, 0.7798589425032922)
(0, 4, 0, 233, 0.7297352710939256)
(0, 4, 0, 234, 0.8126217311506384)
(0, 4, 0, 235, 0.711361549172474)
(0, 4, 0, 236, 0.9785363879873431)
(0, 4, 0, 237, 0.9608158909070941)
(0, 4, 0, 238, 0.9556045543430874)
(0, 4, 0, 239, 0.8207968084681488)
(0, 4, 0, 240, 0.7922329840078297)
(0, 4, 0, 241, 0.5333643880978705)
(0, 4, 0, 242, 0.9876514770431346)
(0, 4, 0, 243, 1.1383733935106193)
(0, 4, 0, 244, 0.7565573960326809)
(0, 4, 0, 245, 0.7341171348707755)
(0, 4, 0, 246, 0.9481023399919023)
(0, 4, 0, 247, 0.9578703983491024)
(0, 4, 0, 248, 0.6830781729655652)
(0, 4, 0, 249, 0.7947280189992174)
(0, 4, 1, 0, 0.8162427428144012)
(0, 4, 1, 1, 0.797019733566404)
(0, 4, 1, 2, 0.8113688962648107)
(0, 4, 1, 3, 0.8939398593905031)
(0, 4, 1, 4, 0.959748954575326)
(0, 4, 1, 5, 0.7820549963827037)
(0, 4, 1, 6, 0.9844038605353546)
(0, 4, 1, 7, 1.0716317030903977)
(0, 4, 1, 8, 1.063499916161537)
(0, 4, 1, 9, 0.9118515749809214)
(0, 4, 1, 10, 0.9228432181775981)
(0, 4, 1, 11, 1.0047421796937468)
(0, 4, 1, 12, 0.9772730366936103)
(0, 4, 1, 13, 0.8402071389356863)
(0, 4, 1, 14, 0.928178660961671)
(0, 4, 1, 15, 1.1944823725784373)
(0, 4, 1, 16, 1.0798758904799775)
(0, 4, 1, 17, 0.8852973740279659)
(0, 4, 1, 18, 0.9757499220943318)
(0, 4, 1, 19, 1.0231759733934889)
(0, 4, 1, 20, 0.9604536909535761)
(0, 4, 1, 21, 0.867029240579137)
(0, 4, 1, 22, 0.886082867897652)
(0, 4, 1, 23, 1.049791892580462)
(0, 4, 1, 24, 1.0573305739786663)
(0, 4, 1, 25, 1.0379706914083682)
(0, 4, 1, 26, 1.1664511296934597)
(0, 4, 1, 27, 0.988777181649709)
(0, 4, 1, 28, 1.025582276590635)
(0, 4, 1, 29, 1.1115621404133973)
(0, 4, 1, 30, 0.8632231197177934)
(0, 4, 1, 31, 0.8058306294551418)
(0, 4, 1, 32, 1.0364176818406314)
(0, 4, 1, 33, 1.2387239975376512)
(0, 4, 1, 34, 0.9250901570411688)
(0, 4, 1, 35, 1.0660920450653122)
(0, 4, 1, 36, 1.1475379455906665)
(0, 4, 1, 37, 0.9809304644976229)
(0, 4, 1, 38, 1.1206313680722322)
(0, 4, 1, 39, 0.9442421078730929)
(0, 4, 1, 40, 1.0221368559858448)
(0, 4, 1, 41, 0.9361177817247945)
(0, 4, 1, 42, 1.2245173027695593)
(0, 4, 1, 43, 0.8432552943439764)
(0, 4, 1, 44, 0.9668270120061951)
(0, 4, 1, 45, 1.080999671332803)
(0, 4, 1, 46, 1.0556664478917592)
(0, 4, 1, 47, 1.0515047826871473)
(0, 4, 1, 48, 1.0697105391451782)
(0, 4, 1, 49, 0.9713842802793408)
(0, 4, 1, 50, 1.0865288442098768)
(0, 4, 1, 51, 1.3201451270336861)
(0, 4, 1, 52, 1.1576330987044419)
(0, 4, 1, 53, 1.1584608463193575)
(0, 4, 1, 54, 1.0793604244105395)
(0, 4, 1, 55, 0.953453636522855)
(0, 4, 1, 56, 0.9948175356693777)
(0, 4, 1, 57, 1.0981999303261938)
(0, 4, 1, 58, 0.8665234839193466)
(0, 4, 1, 59, 1.0331254647182202)
(0, 4, 1, 60, 1.147187104376406)
(0, 4, 1, 61, 1.1492806893619307)
(0, 4, 1, 62, 1.0834359955988717)
(0, 4, 1, 63, 0.9018162227370533)
(0, 4, 1, 64, 1.0132367140659702)
(0, 4, 1, 65, 0.9333866447624579)
(0, 4, 1, 66, 1.029129396150548)
(0, 4, 1, 67, 0.9950076799003917)
(0, 4, 1, 68, 0.8869856024354691)
(0, 4, 1, 69, 0.9911246121019235)
(0, 4, 1, 70, 0.9009946598783015)
(0, 4, 1, 71, 0.7582557313140275)
(0, 4, 1, 72, 0.8927882018123037)
(0, 4, 1, 73, 0.956171151055817)
(0, 4, 1, 74, 0.8696533404532787)
(0, 4, 1, 75, 1.024442357116133)
(0, 4, 1, 76, 0.8033918664021079)
(0, 4, 1, 77, 0.891432667273875)
(0, 4, 1, 78, 0.9515760195324177)
(0, 4, 1, 79, 1.017054710894827)
(0, 4, 1, 80, 0.971600159534327)
(0, 4, 1, 81, 1.0050042249159103)
(0, 4, 1, 82, 0.7894907101515394)
(0, 4, 1, 83, 0.9794112673918396)
(0, 4, 1, 84, 1.0431280205129725)
(0, 4, 1, 85, 0.9511920245417319)
(0, 4, 1, 86, 0.9088043983315803)
(0, 4, 1, 87, 1.0681123397460779)
(0, 4, 1, 88, 0.7304906558515268)
(0, 4, 1, 89, 0.9899301121895968)
(0, 4, 1, 90, 1.070429041757582)
(0, 4, 1, 91, 0.9817138483218143)
(0, 4, 1, 92, 0.9029424865199615)
(0, 4, 1, 93, 0.9591834458535623)
(0, 4, 1, 94, 1.1942430741882002)
(0, 4, 1, 95, 1.118112008300747)
(0, 4, 1, 96, 0.9898351735390895)
(0, 4, 1, 97, 0.91148967419245)
(0, 4, 1, 98, 1.0101946897273968)
(0, 4, 1, 99, 0.9800069891459727)
(0, 4, 1, 100, 1.0421817677416234)
(0, 4, 1, 101, 1.13826390018919)
(0, 4, 1, 102, 0.8618042876180374)
(0, 4, 1, 103, 0.96675172856932)
(0, 4, 1, 104, 0.9441533279298969)
(0, 4, 1, 105, 1.1420222980969468)
(0, 4, 1, 106, 1.0595940861466553)
(0, 4, 1, 107, 0.7209238590041519)
(0, 4, 1, 108, 1.0627155916655593)
(0, 4, 1, 109, 0.8591033487641213)
(0, 4, 1, 110, 1.0520672884669302)
(0, 4, 1, 111, 1.1560681488605438)
(0, 4, 1, 112, 0.8102799828399936)
(0, 4, 1, 113, 0.8653579239944927)
(0, 4, 1, 114, 1.127324733502588)
(0, 4, 1, 115, 0.810331634712676)
(0, 4, 1, 116, 1.039701514532347)
(0, 4, 1, 117, 0.9326749346631324)
(0, 4, 1, 118, 1.060598854915171)
(0, 4, 1, 119, 1.058597166845977)
(0, 4, 1, 120, 0.9762474237920189)
(0, 4, 1, 121, 1.3246225923886519)
(0, 4, 1, 122, 1.0495606759809837)
(0, 4, 1, 123, 0.9999598359325749)
(0, 4, 1, 124, 1.271751308360249)
(0, 4, 1, 125, 1.1981069120377155)
(0, 4, 1, 126, 0.997495159636577)
(0, 4, 1, 127, 0.924033227019161)
(0, 4, 1, 128, 1.1087750427355734)
(0, 4, 1, 129, 0.8901552394315587)
(0, 4, 1, 130, 0.9150098497563537)
(0, 4, 1, 131, 1.1869333793118952)
(0, 4, 1, 132, 0.9747507344542751)
(0, 4, 1, 133, 0.9807938227284088)
(0, 4, 1, 134, 0.8714744251905315)
(0, 4, 1, 135, 0.9645453718216747)
(0, 4, 1, 136, 0.8892654239642287)
(0, 4, 1, 137, 1.0402587137391195)
(0, 4, 1, 138, 1.0361318767930905)
(0, 4, 1, 139, 0.8918697168135787)
(0, 4, 1, 140, 1.0027262442796712)
(0, 4, 1, 141, 0.7942873924700714)
(0, 4, 1, 142, 0.9315401558385698)
(0, 4, 1, 143, 1.04458330058546)
(0, 4, 1, 144, 0.8805769114702571)
(0, 4, 1, 145, 1.031354190316585)
(0, 4, 1, 146, 1.0102021996071784)
(0, 4, 1, 147, 1.1110421757407443)
(0, 4, 1, 148, 1.0872686279631965)
(0, 4, 1, 149, 0.8599098104414853)
(0, 4, 1, 150, 1.1054946654675637)
(0, 4, 1, 151, 1.0874368528394338)
(0, 4, 1, 152, 0.9651590567445926)
(0, 4, 1, 153, 1.056735751544114)
(0, 4, 1, 154, 0.9195136565417741)
(0, 4, 1, 155, 0.8672090018029203)
(0, 4, 1, 156, 1.0376796552395373)
(0, 4, 1, 157, 1.0105895783745407)
(0, 4, 1, 158, 0.9323649196748416)
(0, 4, 1, 159, 1.192931967527019)
(0, 4, 1, 160, 1.0648569920433926)
(0, 4, 1, 161, 1.1349189587147304)
(0, 4, 1, 162, 0.9476102203240263)
(0, 4, 1, 163, 0.9664301688732896)
(0, 4, 1, 164, 0.8760445831173794)
(0, 4, 1, 165, 0.9755565061721945)
(0, 4, 1, 166, 1.1583801620244827)
(0, 4, 1, 167, 1.2820795106687002)
(0, 4, 1, 168, 0.8020203926162127)
(0, 4, 1, 169, 0.9152947826094671)
(0, 4, 1, 170, 0.9591816603054635)
(0, 4, 1, 171, 1.140722082426251)
(0, 4, 1, 172, 0.9321813197782438)
(0, 4, 1, 173, 0.8815911492136601)
(0, 4, 1, 174, 0.9131288982282733)
(0, 4, 1, 175, 0.9277912752664024)
(0, 4, 1, 176, 0.8188325895990172)
(0, 4, 1, 177, 0.9631571312525583)
(0, 4, 1, 178, 1.1622761915574171)
(0, 4, 1, 179, 0.8110047409621969)
(0, 4, 1, 180, 0.7026113193150361)
(0, 4, 1, 181, 0.9902905764247925)
(0, 4, 1, 182, 1.0675086636450337)
(0, 4, 1, 183, 0.9666490113627187)
(0, 4, 1, 184, 0.9203302918814135)
(0, 4, 1, 185, 1.1336342757629299)
(0, 4, 1, 186, 0.7835480805071549)
(0, 4, 1, 187, 1.0126164220319736)
(0, 4, 1, 188, 0.7653120592283345)
(0, 4, 1, 189, 0.8425166056205062)
(0, 4, 1, 190, 0.8296941326747757)
(0, 4, 1, 191, 0.9871971750794395)
(0, 4, 1, 192, 1.0939061962705257)
(0, 4, 1, 193, 0.7457430774387571)
(0, 4, 1, 194, 1.0014338332802455)
(0, 4, 1, 195, 0.9462825091501077)
(0, 4, 1, 196, 0.8215921909723994)
(0, 4, 1, 197, 1.035647846071534)
(0, 4, 1, 198, 1.0032237881569674)
(0, 4, 1, 199, 0.9783153009107171)
(0, 4, 1, 200, 1.1470071393595211)
(0, 4, 1, 201, 0.9903476796745732)
(0, 4, 1, 202, 0.7941331325210899)
(0, 4, 1, 203, 0.842515431578434)
(0, 4, 1, 204, 0.9865282353304087)
(0, 4, 1, 205, 0.9793249482702894)
(0, 4, 1, 206, 0.982288353783415)
(0, 4, 1, 207, 1.0888458493562572)
(0, 4, 1, 208, 1.1322823058042215)
(0, 4, 1, 209, 1.029394656589829)
(0, 4, 1, 210, 1.1417340696314473)
(0, 4, 1, 211, 1.0620691949192547)
(0, 4, 1, 212, 0.9613560684302778)
(0, 4, 1, 213, 1.1850904040417862)
(0, 4, 1, 214, 0.9596942735850844)
(0, 4, 1, 215, 0.8991456754640501)
(0, 4, 1, 216, 1.1347038518253378)
(0, 4, 1, 217, 1.029320937675438)
(0, 4, 1, 218, 0.9822481873235931)
(0, 4, 1, 219, 1.22358075988875)
(0, 4, 1, 220, 1.1885823715583317)
(0, 4, 1, 221, 0.9982300217369908)
(0, 4, 1, 222, 1.0220432772723467)
(0, 4, 1, 223, 0.9680291581487848)
(0, 4, 1, 224, 0.8368927742560507)
(0, 4, 1, 225, 0.8915757672278893)
(0, 4, 1, 226, 0.8336899191886616)
(0, 4, 1, 227, 0.9821425802594591)
(0, 4, 1, 228, 1.0933037859146062)
(0, 4, 1, 229, 0.8847823050375483)
(0, 4, 1, 230, 0.9883795900492577)
(0, 4, 1, 231, 0.9078655192648146)
(0, 4, 1, 232, 0.9774865871717333)
(0, 4, 1, 233, 0.7874980381402906)
(0, 4, 1, 234, 0.8455399463678634)
(0, 4, 1, 235, 1.0038074277969962)
(0, 4, 1, 236, 0.9366608804028224)
(0, 4, 1, 237, 1.1611701921850122)
(0, 4, 1, 238, 0.9162435407392926)
(0, 4, 1, 239, 1.007080120348625)
(0, 4, 1, 240, 1.1048074590369488)
(0, 4, 1, 241, 0.999396798197265)
(0, 4, 1, 242, 0.8516771776427811)
(0, 4, 1, 243, 0.8374134199372218)
(0, 4, 1, 244, 1.0712611929927036)
(0, 4, 1, 245, 1.0889849398490763)
(0, 4, 1, 246, 0.8274834228560289)
(0, 4, 1, 247, 0.9104518380449969)
(0, 4, 1, 248, 1.0237323535334115)
(0, 4, 1, 249, 1.3128429654295095)
