['beta', 'chi', 'delta', 'kappa', 'rho', 'gamma', 'alpha', 'mu', 'phi', 'theta']
0 0 0 0.47703480547795163 0.24292347652419913
0 0 1 0.29829100515357115 0.15490157919731984
0 0 2 1.1323390019998136 0.0605808858436257
0 0 3 0.5829469509833789 0.07661689142874546
0 0 4 0.2605253561972276 0.06278423411003914
0 0 5 0.6540475914892988 0.0785199146730085
0 0 6 0.32976658202623166 0.06410259825967393
0 0 7 1.7837172266479908 1.05658651804402
0 0 8 0.20777113273201087 0.07047712875687978
0 0 9 0.7004833495276486 0.24308007095451584
0 1 0 0.5792996781504067 0.2846303560265763
0 1 1 0.33473747338842924 0.1957880245759214
0 1 2 1.4478798172862122 0.06688161817289362
0 1 3 0.727215928382138 0.11306480372558048
0 1 4 0.30706528534570415 0.08453257729105325
0 1 5 0.8919891340342172 0.12292678475588446
0 1 6 0.41544986920897725 0.05634406522947577
0 1 7 2.1066382126026735 1.2057325797053478
0 1 8 0.2490931558176436 0.10587712437358568
0 1 9 0.86533208002208 0.30729995228251966
0 2 0 0.7024993032587816 0.2673957648726536
0 2 1 0.5278773207526969 0.19513973122675102
0 2 2 1.490461808071814 0.07597745788802264
0 2 3 0.7997006657153669 0.07206982193111379
0 2 4 0.40398272112605466 0.0808312910530349
0 2 5 0.9296377230245367 0.10432165852487495
0 2 6 0.6283740768870403 0.041050363371200105
0 2 7 2.115955645946677 1.0788232333166472
0 2 8 0.41281600418969394 0.14352585430097584
0 2 9 0.9359222290567669 0.2819573024698536
0 3 0 0.7387978647660853 0.25336812418828913
0 3 1 0.3501835736443471 0.12051655748383969
0 3 2 1.557626595872711 0.10569263793150142
0 3 3 0.8729713236541192 0.06146665006869897
0 3 4 0.5190956851835331 0.07045190768612661
0 3 5 0.9583474592579506 0.11043079176942255
0 3 6 0.2778207481538548 0.10693853873764478
0 3 7 2.6041853954775007 1.5504370914804744
0 3 8 0.34305529435052895 0.07240726104839186
0 3 9 1.0043399094902146 0.2678890420707664
1 0 0 0.3681786527938917 0.21259647089216535
1 0 1 0.21028100880831668 0.11929270749838927
1 0 2 0.8634775906751866 0.05767774827892678
1 0 3 0.4870950861783612 0.08933137094702177
1 0 4 0.19527439341089642 0.026600702766187697
1 0 5 0.5476260031044581 0.04693314647031011
1 0 6 0.22171724408485122 0.06712323467627468
1 0 7 1.5458440781264495 0.9487277934324546
1 0 8 0.1388859891801267 0.024941404319362592
1 0 9 0.5492223040757283 0.19324807346361486
1 1 0 0.4386511019158972 0.26427228755752946
1 1 1 0.23040072977969328 0.08373740149626699
1 1 2 1.121934966434495 0.06998897732402277
1 1 3 0.5846643212222947 0.08650500483486397
1 1 4 0.22850300830468523 0.03867775391402267
1 1 5 0.6402475877386904 0.09144131355186659
1 1 6 0.19543680405243571 0.06555524585651104
1 1 7 1.8260789669503132 1.089212889036108
1 1 8 0.13972091448805335 0.009357215322350993
1 1 9 0.6729536406173814 0.2499780698545849
1 2 0 0.5768922921308841 0.292265862343784
1 2 1 0.3214660270111467 0.10522545404520138
1 2 2 1.4158896705093285 0.07768685737211983
1 2 3 0.7501083118079208 0.06827482265880583
1 2 4 0.31050428262634594 0.040578775329135806
1 2 5 0.8392284931302547 0.10689451970323356
1 2 6 0.28491482763295817 0.0862757513464564
1 2 7 2.007163268287518 1.099706808988314
1 2 8 0.23837038156273294 0.01631009998336356
1 2 9 0.8502174081301876 0.2879336925570503
1 3 0 0.712129919560849 0.23647609244946977
1 3 1 0.35221268833974345 0.11629179706020815
1 3 2 1.5000204052782256 0.11332443727996233
1 3 3 0.8389824637322679 0.0651801878392783
1 3 4 0.4456759832986264 0.03190377565540048
1 3 5 0.9078155722183165 0.10725133063076461
1 3 6 0.2725025503097135 0.10816541154540564
1 3 7 2.4989664416255466 1.5141785049045668
1 3 8 0.3817431872677067 0.10283629967986745
1 3 9 0.963780148199193 0.2626039299408095
2 0 0 0.33581214038831 0.20743495706368467
2 0 1 0.17413694090936013 0.08277088458681148
2 0 2 0.7845206511621055 0.057304552360550896
2 0 3 0.4522618287786977 0.07800140727100217
2 0 4 0.17940984941207688 0.024006332230175707
2 0 5 0.4889087204023377 0.03793181193082736
2 0 6 0.15894414058425313 0.05974016443217366
2 0 7 1.4702920633594947 0.9143703613755441
2 0 8 0.10806675251881477 0.016666924418449424
2 0 9 0.5037823571601788 0.1797518805904839
2 1 0 0.42819422199792234 0.25352830270695526
2 1 1 0.21498508825116777 0.08542862418642412
2 1 2 1.105751884238832 0.07577979510224353
2 1 3 0.5724227790000942 0.08817269787051303
2 1 4 0.212615852093727 0.035811666325459485
2 1 5 0.6219611234175274 0.08413565055839518
2 1 6 0.18681194229301473 0.06331706511169233
2 1 7 1.8140714666105298 1.106497268535751
2 1 8 0.13144619596502297 0.010951936424973096
2 1 9 0.6566430705202985 0.24722850996419343
2 2 0 0.5521916807867534 0.2811874769913378
2 2 1 0.3023949899194059 0.08364514569846743
2 2 2 1.3757968590698009 0.08217061061507043
2 2 3 0.7374054316301729 0.07464846364174212
2 2 4 0.2910455999023577 0.03735140805891544
2 2 5 0.8405891013337355 0.10255906685028207
2 2 6 0.23370670987984038 0.0758115634317167
2 2 7 1.9615610583152225 1.0982337497421
2 2 8 0.2092200352215973 0.027025170339785454
2 2 9 0.8293123878919336 0.288892826487034
2 3 0 0.7086984521355728 0.2368825568345126
2 3 1 0.39639064658238204 0.10339267575284697
2 3 2 1.503217494500821 0.11573258895110008
2 3 3 0.8327118697794355 0.07534287929642491
2 3 4 0.41366490346530205 0.030024094397816472
2 3 5 0.9177708280859714 0.10673593648450727
2 3 6 0.3943816771977153 0.014942558647287829
2 3 7 2.4483567361934084 1.4914651688992235
2 3 8 0.39728957499537426 0.06906546352156444
2 3 9 0.9524591787027463 0.2666396613254223
3 0 0 0.3300203624655463 0.20711279875363137
3 0 1 0.1734334484833481 0.07621827195847052
3 0 2 0.7817949598583871 0.05424695063156044
3 0 3 0.4482777394674546 0.07775230826352038
3 0 4 0.16990976418519824 0.02594143365540269
3 0 5 0.48817177686785546 0.04056343864979438
3 0 6 0.1556201877208795 0.0580392016366948
3 0 7 1.453849217173642 0.9068631561474285
3 0 8 0.10446876355827349 0.01911320929590764
3 0 9 0.49939969457423034 0.1790725714748903
3 1 0 0.4183099249386724 0.2532528628350711
3 1 1 0.20586392862746244 0.07951599039935749
3 1 2 1.0845016328814292 0.07496076669803217
3 1 3 0.5658877551582681 0.08556640937487554
3 1 4 0.20453848637173358 0.034419754757724935
3 1 5 0.6174797103316042 0.07397166833278626
3 1 6 0.17176669673183548 0.06256577425155319
3 1 7 1.7716157611906926 1.0747149811930738
3 1 8 0.12473819871846985 0.0191838462116751
3 1 9 0.64424079939956 0.24398802067662692
3 2 0 0.5450620259729183 0.27934706400575854
3 2 1 0.3013456709120541 0.0757930210071035
3 2 2 1.369243725267053 0.08461985631961122
3 2 3 0.7360434236502692 0.07541311360421163
3 2 4 0.2848928965195373 0.034337026800691554
3 2 5 0.838801421848329 0.10542450435628711
3 2 6 0.2272238298821222 0.07524214473154701
3 2 7 1.9389734646151782 1.0936286432718467
3 2 8 0.20684503510368657 0.03276280303614059
3 2 9 0.8249769027494503 0.28940037780692346
3 3 0 0.6809454211498305 0.24404834887967364
3 3 1 0.40158368870865424 0.10151419989420209
3 3 2 1.4962484068443747 0.1161770222768368
3 3 3 0.8281130551098039 0.07950174869307244
3 3 4 0.40196384175647104 0.030361351819821657
3 3 5 0.9208170121597336 0.10188431330611662
3 3 6 0.40165463058852324 0.012539079205127479
3 3 7 2.3546348429375388 1.4160403237900774
3 3 8 0.38275464533338716 0.05098201877493554
3 3 9 0.9432442799433185 0.27262476514091044
['beta', 'chi', 'delta', 'kappa', 'rho', 'gamma', 'alpha', 'mu', 'phi', 'theta']
