(0, 0, 0, 0, 0.09361260224835696)
(0, 0, 0, 1, 0.10483534581258694)
(0, 0, 0, 2, 0.057221977832324765)
(0, 0, 0, 3, 0.07537939778419644)
(0, 0, 0, 4, 0.0592598030969424)
(0, 0, 0, 5, 0.06330138404124457)
(0, 0, 0, 6, 0.10709689693857943)
(0, 0, 0, 7, 0.10264233702778258)
(0, 0, 0, 8, 0.08084440570355864)
(0, 0, 0, 9, 0.0654972514879996)
(0, 0, 0, 10, 0.06231017321016604)
(0, 0, 0, 11, 0.11593155629539974)
(0, 0, 0, 12, 0.05468884359276179)
(0, 0, 0, 13, 0.070497014265445)
(0, 0, 0, 14, 0.11271556658546761)
(0, 0, 0, 15, 0.10703589278997867)
(0, 0, 0, 16, 0.06104590455172302)
(0, 0, 0, 17, 0.08554356026233101)
(0, 0, 0, 18, 0.07147780913665702)
(0, 0, 0, 19, 0.06390260347024743)
(0, 0, 0, 20, 0.05556333929685076)
(0, 0, 0, 21, 0.05148225881080241)
(0, 0, 0, 22, 0.06798440953443907)
(0, 0, 0, 23, 0.05986978530677106)
(0, 0, 0, 24, 0.05758923252687271)
(0, 0, 0, 25, 0.0748849117775347)
(0, 0, 0, 26, 0.07274465379232739)
(0, 0, 0, 27, 0.09419474076439167)
(0, 0, 0, 28, 0.11618323019081067)
(0, 0, 0, 29, 0.07178223153102184)
(0, 0, 0, 30, 0.07864859610646327)
(0, 0, 0, 31, 0.12491781476316804)
(0, 0, 0, 32, 0.1292505579744194)
(0, 0, 0, 33, 0.07969092778510214)
(0, 0, 0, 34, 0.08946288509937261)
(0, 0, 0, 35, 0.0519636666077327)
(0, 0, 0, 36, 0.0903768484896436)
(0, 0, 0, 37, 0.0662575015662424)
(0, 0, 0, 38, 0.06022912795192002)
(0, 0, 0, 39, 0.06314302093883598)
(0, 0, 0, 40, 0.08841244225728853)
(0, 0, 0, 41, 0.08968740391157537)
(0, 0, 0, 42, 0.09675002024689996)
(0, 0, 0, 43, 0.08981095868734688)
(0, 0, 0, 44, 0.07339281644310958)
(0, 0, 0, 45, 0.09658493391990092)
(0, 0, 0, 46, 0.06063092679476522)
(0, 0, 0, 47, 0.08827463698052863)
(0, 0, 0, 48, 0.06330203442580708)
(0, 0, 0, 49, 0.06338986421448445)
(0, 0, 0, 50, 0.1268583799392979)
(0, 0, 0, 51, 0.07039154725262492)
(0, 0, 0, 52, 0.09791861859485486)
(0, 0, 0, 53, 0.08858855172989735)
(0, 0, 0, 54, 0.04188171035794301)
(0, 0, 0, 55, 0.07531454806092383)
(0, 0, 0, 56, 0.08234271693993356)
(0, 0, 0, 57, 0.0996813520353582)
(0, 0, 0, 58, 0.09396807561837085)
(0, 0, 0, 59, 0.08549867945342968)
(0, 0, 0, 60, 0.08901798007497738)
(0, 0, 0, 61, 0.09998834068091943)
(0, 0, 0, 62, 0.05350498915137689)
(0, 0, 0, 63, 0.06908154229369946)
(0, 0, 0, 64, 0.0526715316276843)
(0, 0, 0, 65, 0.14841512194459727)
(0, 0, 0, 66, 0.08143364080740807)
(0, 0, 0, 67, 0.0603253292948869)
(0, 0, 0, 68, 0.07909013460760118)
(0, 0, 0, 69, 0.06923303286570984)
(0, 0, 0, 70, 0.07569663077344704)
(0, 0, 0, 71, 0.10349921862906973)
(0, 0, 0, 72, 0.09350450351006082)
(0, 0, 0, 73, 0.09040557995158882)
(0, 0, 0, 74, 0.09378524326780233)
(0, 0, 0, 75, 0.061722348157281275)
(0, 0, 0, 76, 0.08255918539599962)
(0, 0, 0, 77, 0.08923217515606427)
(0, 0, 0, 78, 0.09992501028946756)
(0, 0, 0, 79, 0.0993477755864096)
(0, 0, 0, 80, 0.11101917363235836)
(0, 0, 0, 81, 0.07428848969639136)
(0, 0, 0, 82, 0.0675832739001441)
(0, 0, 0, 83, 0.08943387578466098)
(0, 0, 0, 84, 0.09478926687240015)
(0, 0, 0, 85, 0.07852393206905324)
(0, 0, 0, 86, 0.06752228173366137)
(0, 0, 0, 87, 0.06804551148166141)
(0, 0, 0, 88, 0.04963543759777186)
(0, 0, 0, 89, 0.07407756639953254)
(0, 0, 0, 90, 0.06751178452454847)
(0, 0, 0, 91, 0.04411011970057582)
(0, 0, 0, 92, 0.0689344375110757)
(0, 0, 0, 93, 0.060742084306091335)
(0, 0, 0, 94, 0.067478826102625)
(0, 0, 0, 95, 0.05045314849822302)
(0, 0, 0, 96, 0.07329264051577773)
(0, 0, 0, 97, 0.0987125914871068)
(0, 0, 0, 98, 0.11382279293253608)
(0, 0, 0, 99, 0.12802922639017483)
(0, 0, 0, 100, 0.12077775310682284)
(0, 0, 0, 101, 0.10353274350191735)
(0, 0, 0, 102, 0.06657041576720504)
(0, 0, 0, 103, 0.06900857671223311)
(0, 0, 0, 104, 0.0665464061059632)
(0, 0, 0, 105, 0.06708608951953383)
(0, 0, 0, 106, 0.07826080252174436)
(0, 0, 0, 107, 0.07417849467554087)
(0, 0, 0, 108, 0.14078945103267881)
(0, 0, 0, 109, 0.06535617742148969)
(0, 0, 0, 110, 0.07489981777627923)
(0, 0, 0, 111, 0.09464410350696423)
(0, 0, 0, 112, 0.06487515924241889)
(0, 0, 0, 113, 0.059447061579269)
(0, 0, 0, 114, 0.08650360178498667)
(0, 0, 0, 115, 0.04676921856419923)
(0, 0, 0, 116, 0.07250350691550243)
(0, 0, 0, 117, 0.09050326933136031)
(0, 0, 0, 118, 0.14824970535957452)
(0, 0, 0, 119, 0.1075462772933118)
(0, 0, 0, 120, 0.06612872702136377)
(0, 0, 0, 121, 0.08246290161354126)
(0, 0, 0, 122, 0.1051820096168799)
(0, 0, 0, 123, 0.05337967790723019)
(0, 0, 0, 124, 0.10069262820855109)
(0, 0, 0, 125, 0.06253152650234858)
(0, 0, 0, 126, 0.06337713912945274)
(0, 0, 0, 127, 0.05800879853589828)
(0, 0, 0, 128, 0.06077266006416716)
(0, 0, 0, 129, 0.08928827311383457)
(0, 0, 0, 130, 0.06428111415891001)
(0, 0, 0, 131, 0.07154813483660759)
(0, 0, 0, 132, 0.06536178415952507)
(0, 0, 0, 133, 0.07248432698710248)
(0, 0, 0, 134, 0.06643177162520024)
(0, 0, 0, 135, 0.08892336415063687)
(0, 0, 0, 136, 0.10541073535350201)
(0, 0, 0, 137, 0.11954911281421138)
(0, 0, 0, 138, 0.10097388397087179)
(0, 0, 0, 139, 0.07341439231302942)
(0, 0, 0, 140, 0.070283686075206)
(0, 0, 0, 141, 0.08851723728659913)
(0, 0, 0, 142, 0.06727807673926575)
(0, 0, 0, 143, 0.08975764227554331)
(0, 0, 0, 144, 0.07859460786738612)
(0, 0, 0, 145, 0.09296587015394804)
(0, 0, 0, 146, 0.09110364850966851)
(0, 0, 0, 147, 0.09015022787996366)
(0, 0, 0, 148, 0.07018922322116768)
(0, 0, 0, 149, 0.06337183481453788)
(0, 0, 0, 150, 0.07260483272338913)
(0, 0, 0, 151, 0.05931096834818487)
(0, 0, 0, 152, 0.12561060145621147)
(0, 0, 0, 153, 0.09454764059444952)
(0, 0, 0, 154, 0.055464792111698025)
(0, 0, 0, 155, 0.10494171553751684)
(0, 0, 0, 156, 0.09093028664173804)
(0, 0, 0, 157, 0.07174972712914786)
(0, 0, 0, 158, 0.07725335160472759)
(0, 0, 0, 159, 0.1125438620746925)
(0, 0, 0, 160, 0.08545255919412867)
(0, 0, 0, 161, 0.08368420541517602)
(0, 0, 0, 162, 0.08980415297253748)
(0, 0, 0, 163, 0.04813970220830386)
(0, 0, 0, 164, 0.04886575839453966)
(0, 0, 0, 165, 0.06681691866068566)
(0, 0, 0, 166, 0.09569227956522802)
(0, 0, 0, 167, 0.06879934464173922)
(0, 0, 0, 168, 0.08840716332931893)
(0, 0, 0, 169, 0.08655749564334825)
(0, 0, 0, 170, 0.0865878191211695)
(0, 0, 0, 171, 0.05788392295475263)
(0, 0, 0, 172, 0.08089709675395111)
(0, 0, 0, 173, 0.03176385984268669)
(0, 0, 0, 174, 0.060127728240320706)
(0, 0, 0, 175, 0.06841045240567702)
(0, 0, 0, 176, 0.06226930586458565)
(0, 0, 0, 177, 0.06983571735245883)
(0, 0, 0, 178, 0.0580726665028338)
(0, 0, 0, 179, 0.07787093064627632)
(0, 0, 0, 180, 0.14056153613883973)
(0, 0, 0, 181, 0.08670465144613208)
(0, 0, 0, 182, 0.06131849626522869)
(0, 0, 0, 183, 0.06754542622097762)
(0, 0, 0, 184, 0.06356541265994306)
(0, 0, 0, 185, 0.06863354616204766)
(0, 0, 0, 186, 0.05865430010230875)
(0, 0, 0, 187, 0.054705782379021815)
(0, 0, 0, 188, 0.07282911647895107)
(0, 0, 0, 189, 0.07443678318913469)
(0, 0, 0, 190, 0.06676847350389657)
(0, 0, 0, 191, 0.05824442772315684)
(0, 0, 0, 192, 0.069535844646964)
(0, 0, 0, 193, 0.04347966546711595)
(0, 0, 0, 194, 0.07225715834096866)
(0, 0, 0, 195, 0.06050909519731907)
(0, 0, 0, 196, 0.0665136358885087)
(0, 0, 0, 197, 0.05630773462957934)
(0, 0, 0, 198, 0.06651873143854937)
(0, 0, 0, 199, 0.07518468402568138)
(0, 0, 0, 200, 0.09810370894101142)
(0, 0, 0, 201, 0.09605337132409172)
(0, 0, 0, 202, 0.07393400719370095)
(0, 0, 0, 203, 0.1437436623072539)
(0, 0, 0, 204, 0.10352481592993344)
(0, 0, 0, 205, 0.07876221724697673)
(0, 0, 0, 206, 0.08817081407543076)
(0, 0, 0, 207, 0.04566804827864906)
(0, 0, 0, 208, 0.07136721040409125)
(0, 0, 0, 209, 0.07180717643163394)
(0, 0, 0, 210, 0.056205611098825166)
(0, 0, 0, 211, 0.07531414341578455)
(0, 0, 0, 212, 0.08683675359691531)
(0, 0, 0, 213, 0.07431593995184521)
(0, 0, 0, 214, 0.09690066462804858)
(0, 0, 0, 215, 0.08110641674612065)
(0, 0, 0, 216, 0.08285961268630254)
(0, 0, 0, 217, 0.06855505134010652)
(0, 0, 0, 218, 0.05110700133802937)
(0, 0, 0, 219, 0.061367986276814085)
(0, 0, 0, 220, 0.09342130179539243)
(0, 0, 0, 221, 0.07661037271283028)
(0, 0, 0, 222, 0.10692804089550297)
(0, 0, 0, 223, 0.057043881209716825)
(0, 0, 0, 224, 0.08569278336246822)
(0, 0, 0, 225, 0.050586520866676025)
(0, 0, 0, 226, 0.06406715043220534)
(0, 0, 0, 227, 0.02953367358169972)
(0, 0, 0, 228, 0.07681253096435071)
(0, 0, 0, 229, 0.09070984942653301)
(0, 0, 0, 230, 0.10995992402328449)
(0, 0, 0, 231, 0.055317130080575073)
(0, 0, 0, 232, 0.04575340847439011)
(0, 0, 0, 233, 0.0902704463333187)
(0, 0, 0, 234, 0.06350809674019191)
(0, 0, 0, 235, 0.08603975828971833)
(0, 0, 0, 236, 0.08370741527316358)
(0, 0, 0, 237, 0.08865278072475515)
(0, 0, 0, 238, 0.06120234345704649)
(0, 0, 0, 239, 0.06595584251701514)
(0, 0, 0, 240, 0.07490957121002345)
(0, 0, 0, 241, 0.054333798753605014)
(0, 0, 0, 242, 0.07812858109381844)
(0, 0, 0, 243, 0.0642453917530432)
(0, 0, 0, 244, 0.08443122688802232)
(0, 0, 0, 245, 0.060195963581358945)
(0, 0, 0, 246, 0.029210906217327293)
(0, 0, 0, 247, 0.10177828664860897)
(0, 0, 0, 248, 0.07135179998374616)
(0, 0, 0, 249, 0.08705720419662648)
(0, 0, 1, 0, 0.014753667725879764)
(0, 0, 1, 1, 0.028320168114523012)
(0, 0, 1, 2, 0.018241064555148026)
(0, 0, 1, 3, 0.017826628108801444)
(0, 0, 1, 4, 0.028598324222061298)
(0, 0, 1, 5, 0.021131123260373145)
(0, 0, 1, 6, 0.015764046746495484)
(0, 0, 1, 7, 0.012600972776902822)
(0, 0, 1, 8, 0.029173669215957945)
(0, 0, 1, 9, 0.014078902718252255)
(0, 0, 1, 10, 0.012372761756038379)
(0, 0, 1, 11, 0.02064069724580999)
(0, 0, 1, 12, 0.03856205027755915)
(0, 0, 1, 13, 0.013982501113584771)
(0, 0, 1, 14, 0.017344518208362886)
(0, 0, 1, 15, 0.0186786940197293)
(0, 0, 1, 16, 0.01641885114890719)
(0, 0, 1, 17, 0.014691197912803251)
(0, 0, 1, 18, 0.04075458396130695)
(0, 0, 1, 19, 0.022023463740502642)
(0, 0, 1, 20, 0.01919809606057379)
(0, 0, 1, 21, 0.016452399406213448)
(0, 0, 1, 22, 0.015708360616506108)
(0, 0, 1, 23, 0.022207659061315978)
(0, 0, 1, 24, 0.011360662322220034)
(0, 0, 1, 25, 0.015877505287378767)
(0, 0, 1, 26, 0.036625340774722084)
(0, 0, 1, 27, 0.011580678904647096)
(0, 0, 1, 28, 0.01307525526191887)
(0, 0, 1, 29, 0.01309128941143088)
(0, 0, 1, 30, 0.03475034556971743)
(0, 0, 1, 31, 0.01660978683651157)
(0, 0, 1, 32, 0.015276235077711867)
(0, 0, 1, 33, 0.01774246547891812)
(0, 0, 1, 34, 0.014237202435601354)
(0, 0, 1, 35, 0.025174053983048818)
(0, 0, 1, 36, 0.01669105554864318)
(0, 0, 1, 37, 0.026346488115622443)
(0, 0, 1, 38, 0.015322354471043024)
(0, 0, 1, 39, 0.015206779956322868)
(0, 0, 1, 40, 0.015160955592406839)
(0, 0, 1, 41, 0.02670164339083293)
(0, 0, 1, 42, 0.01798439914614896)
(0, 0, 1, 43, 0.015731428484049403)
(0, 0, 1, 44, 0.016391403844082175)
(0, 0, 1, 45, 0.030962462360247273)
(0, 0, 1, 46, 0.01650245585715185)
(0, 0, 1, 47, 0.012587924721695717)
(0, 0, 1, 48, 0.02154528344484076)
(0, 0, 1, 49, 0.017073362648887865)
(0, 0, 1, 50, 0.017700617963475093)
(0, 0, 1, 51, 0.029383768425985463)
(0, 0, 1, 52, 0.02638717350404777)
(0, 0, 1, 53, 0.017334839834657476)
(0, 0, 1, 54, 0.01693624711459219)
(0, 0, 1, 55, 0.014022497543770029)
(0, 0, 1, 56, 0.011820921855253698)
(0, 0, 1, 57, 0.01414290414865029)
(0, 0, 1, 58, 0.01903002392985953)
(0, 0, 1, 59, 0.016512195939032318)
(0, 0, 1, 60, 0.014457211589874367)
(0, 0, 1, 61, 0.023657239746186404)
(0, 0, 1, 62, 0.02472790418458026)
(0, 0, 1, 63, 0.013961591091152912)
(0, 0, 1, 64, 0.01531769190952448)
(0, 0, 1, 65, 0.02343935873924497)
(0, 0, 1, 66, 0.021582245776460018)
(0, 0, 1, 67, 0.01799968651951376)
(0, 0, 1, 68, 0.015486192800754944)
(0, 0, 1, 69, 0.011671110499514404)
(0, 0, 1, 70, 0.020125104551071)
(0, 0, 1, 71, 0.02700365401550027)
(0, 0, 1, 72, 0.017221813519780155)
(0, 0, 1, 73, 0.06922982184838801)
(0, 0, 1, 74, 0.014845062832287611)
(0, 0, 1, 75, 0.018132173645015622)
(0, 0, 1, 76, 0.011728526841347162)
(0, 0, 1, 77, 0.01994840568219107)
(0, 0, 1, 78, 0.014866433023695703)
(0, 0, 1, 79, 0.02829823981733599)
(0, 0, 1, 80, 0.023001599615152243)
(0, 0, 1, 81, 0.016987263765451843)
(0, 0, 1, 82, 0.016554678820413782)
(0, 0, 1, 83, 0.022907646173591728)
(0, 0, 1, 84, 0.033840142965267384)
(0, 0, 1, 85, 0.029204279234401623)
(0, 0, 1, 86, 0.015773353949095115)
(0, 0, 1, 87, 0.013994930654959402)
(0, 0, 1, 88, 0.019251382666505074)
(0, 0, 1, 89, 0.019383309301963074)
(0, 0, 1, 90, 0.016183250580530863)
(0, 0, 1, 91, 0.01991408306214738)
(0, 0, 1, 92, 0.01454171408803282)
(0, 0, 1, 93, 0.03330269878212502)
(0, 0, 1, 94, 0.013360081825345036)
(0, 0, 1, 95, 0.01602698678101337)
(0, 0, 1, 96, 0.0179583155784215)
(0, 0, 1, 97, 0.030480037812224074)
(0, 0, 1, 98, 0.0179192166414951)
(0, 0, 1, 99, 0.01732697072828614)
(0, 0, 1, 100, 0.016780530203079905)
(0, 0, 1, 101, 0.014530804468621246)
(0, 0, 1, 102, 0.015110804238808104)
(0, 0, 1, 103, 0.015648388397745842)
(0, 0, 1, 104, 0.027121568234344955)
(0, 0, 1, 105, 0.04259680769416151)
(0, 0, 1, 106, 0.017658378438761738)
(0, 0, 1, 107, 0.012757606893164117)
(0, 0, 1, 108, 0.027603692250362)
(0, 0, 1, 109, 0.014056140731008762)
(0, 0, 1, 110, 0.018663528804683503)
(0, 0, 1, 111, 0.023670919806769632)
(0, 0, 1, 112, 0.02023557348103581)
(0, 0, 1, 113, 0.013455784146659515)
(0, 0, 1, 114, 0.012989204344798605)
(0, 0, 1, 115, 0.030333936023374832)
(0, 0, 1, 116, 0.013001168278025525)
(0, 0, 1, 117, 0.023140935282475895)
(0, 0, 1, 118, 0.016895393762062397)
(0, 0, 1, 119, 0.011695511083079287)
(0, 0, 1, 120, 0.018859703106755887)
(0, 0, 1, 121, 0.013337331980677158)
(0, 0, 1, 122, 0.06074433412754875)
(0, 0, 1, 123, 0.016965098966808128)
(0, 0, 1, 124, 0.018139186844246053)
(0, 0, 1, 125, 0.013651261743197968)
(0, 0, 1, 126, 0.013219969647117828)
(0, 0, 1, 127, 0.016744316973840982)
(0, 0, 1, 128, 0.012339567223798276)
(0, 0, 1, 129, 0.014828931680193384)
(0, 0, 1, 130, 0.021251991337888666)
(0, 0, 1, 131, 0.01680664726074525)
(0, 0, 1, 132, 0.020584846630862474)
(0, 0, 1, 133, 0.01582206444296466)
(0, 0, 1, 134, 0.01608318579844636)
(0, 0, 1, 135, 0.01597697753222602)
(0, 0, 1, 136, 0.023236607741383204)
(0, 0, 1, 137, 0.014115656822995816)
(0, 0, 1, 138, 0.01724299140359235)
(0, 0, 1, 139, 0.01643491806049095)
(0, 0, 1, 140, 0.018119625701087154)
(0, 0, 1, 141, 0.02336758447297661)
(0, 0, 1, 142, 0.029172192128361352)
(0, 0, 1, 143, 0.015898281262757392)
(0, 0, 1, 144, 0.01578006706414397)
(0, 0, 1, 145, 0.016307310346608688)
(0, 0, 1, 146, 0.022347376763943085)
(0, 0, 1, 147, 0.017252616355665287)
(0, 0, 1, 148, 0.014905866757841675)
(0, 0, 1, 149, 0.015724525817964338)
(0, 0, 1, 150, 0.011517629241636991)
(0, 0, 1, 151, 0.018064703957373956)
(0, 0, 1, 152, 0.015622363445766762)
(0, 0, 1, 153, 0.01429136781177617)
(0, 0, 1, 154, 0.014263426273387796)
(0, 0, 1, 155, 0.018825227144226298)
(0, 0, 1, 156, 0.02568083532493672)
(0, 0, 1, 157, 0.014256757624761912)
(0, 0, 1, 158, 0.015574076679518491)
(0, 0, 1, 159, 0.023512444588461065)
(0, 0, 1, 160, 0.02807770581747346)
(0, 0, 1, 161, 0.01580114838696793)
(0, 0, 1, 162, 0.02482391834157316)
(0, 0, 1, 163, 0.024256794273080442)
(0, 0, 1, 164, 0.020881584275276577)
(0, 0, 1, 165, 0.016728912959658886)
(0, 0, 1, 166, 0.019133762556504525)
(0, 0, 1, 167, 0.024744040914861116)
(0, 0, 1, 168, 0.017172970184018848)
(0, 0, 1, 169, 0.0333865179611848)
(0, 0, 1, 170, 0.012528351877056601)
(0, 0, 1, 171, 0.01230460413615433)
(0, 0, 1, 172, 0.025322165297760414)
(0, 0, 1, 173, 0.017105400476941413)
(0, 0, 1, 174, 0.01373503961900354)
(0, 0, 1, 175, 0.014600966902736616)
(0, 0, 1, 176, 0.034050797538573103)
(0, 0, 1, 177, 0.014307889958845977)
(0, 0, 1, 178, 0.014702193530534395)
(0, 0, 1, 179, 0.011615021903406736)
(0, 0, 1, 180, 0.013589190505159448)
(0, 0, 1, 181, 0.026449729906016895)
(0, 0, 1, 182, 0.014035711691810056)
(0, 0, 1, 183, 0.06908764490409866)
(0, 0, 1, 184, 0.03181815387923437)
(0, 0, 1, 185, 0.017170847301758604)
(0, 0, 1, 186, 0.02144366952711922)
(0, 0, 1, 187, 0.026286489177406475)
(0, 0, 1, 188, 0.018301822320492777)
(0, 0, 1, 189, 0.022188374377784533)
(0, 0, 1, 190, 0.06793627409254416)
(0, 0, 1, 191, 0.027719920653176328)
(0, 0, 1, 192, 0.0240660039987324)
(0, 0, 1, 193, 0.021825532461211283)
(0, 0, 1, 194, 0.017771296707501747)
(0, 0, 1, 195, 0.014777743987048118)
(0, 0, 1, 196, 0.015142953013520064)
(0, 0, 1, 197, 0.0217103759258203)
(0, 0, 1, 198, 0.017368786360546444)
(0, 0, 1, 199, 0.023447188176777184)
(0, 0, 1, 200, 0.02164126028601834)
(0, 0, 1, 201, 0.03240944856842292)
(0, 0, 1, 202, 0.013734534061604603)
(0, 0, 1, 203, 0.013508234430468792)
(0, 0, 1, 204, 0.014686222941261479)
(0, 0, 1, 205, 0.023168185064416997)
(0, 0, 1, 206, 0.01599396065437612)
(0, 0, 1, 207, 0.025331570993653876)
(0, 0, 1, 208, 0.024607644100338003)
(0, 0, 1, 209, 0.02137245350262348)
(0, 0, 1, 210, 0.014154499230402306)
(0, 0, 1, 211, 0.012379886209806137)
(0, 0, 1, 212, 0.02056616413846212)
(0, 0, 1, 213, 0.018914086466008378)
(0, 0, 1, 214, 0.022865352327218452)
(0, 0, 1, 215, 0.011325797000183498)
(0, 0, 1, 216, 0.021510797732057933)
(0, 0, 1, 217, 0.01748359192917192)
(0, 0, 1, 218, 0.03450271429997069)
(0, 0, 1, 219, 0.01867066012410467)
(0, 0, 1, 220, 0.011160055567997366)
(0, 0, 1, 221, 0.014660716684496972)
(0, 0, 1, 222, 0.013270360637737288)
(0, 0, 1, 223, 0.01995571169629605)
(0, 0, 1, 224, 0.016097268350870084)
(0, 0, 1, 225, 0.011336601632121456)
(0, 0, 1, 226, 0.01649894481057303)
(0, 0, 1, 227, 0.022522209645411087)
(0, 0, 1, 228, 0.018876069917857244)
(0, 0, 1, 229, 0.024080427753788568)
(0, 0, 1, 230, 0.01953403906767745)
(0, 0, 1, 231, 0.014684877509327047)
(0, 0, 1, 232, 0.015361547065565605)
(0, 0, 1, 233, 0.01734295709879094)
(0, 0, 1, 234, 0.017520781950827666)
(0, 0, 1, 235, 0.018558770496841)
(0, 0, 1, 236, 0.015845490040825274)
(0, 0, 1, 237, 0.015552612659079559)
(0, 0, 1, 238, 0.014783166331322279)
(0, 0, 1, 239, 0.02665980559494303)
(0, 0, 1, 240, 0.015211395524620855)
(0, 0, 1, 241, 0.017608298094185654)
(0, 0, 1, 242, 0.016180878829920847)
(0, 0, 1, 243, 0.015100495055346169)
(0, 0, 1, 244, 0.012792745789228975)
(0, 0, 1, 245, 0.017420360851766334)
(0, 0, 1, 246, 0.01365434772360793)
(0, 0, 1, 247, 0.040950163509303396)
(0, 0, 1, 248, 0.017444698169359067)
(0, 0, 1, 249, 0.012566581732801166)
(0, 1, 0, 0, 0.1528193547255627)
(0, 1, 0, 1, 0.174134303222581)
(0, 1, 0, 2, 0.1585320642220056)
(0, 1, 0, 3, 0.07903146992156125)
(0, 1, 0, 4, 0.1812859762201935)
(0, 1, 0, 5, 0.20084918624343087)
(0, 1, 0, 6, 0.43130171660974576)
(0, 1, 0, 7, 0.24026939729146923)
(0, 1, 0, 8, 0.16927493395287388)
(0, 1, 0, 9, 0.10316847488163199)
(0, 1, 0, 10, 0.1768239856342755)
(0, 1, 0, 11, 0.22983374573246168)
(0, 1, 0, 12, 0.11074301463526122)
(0, 1, 0, 13, 0.1667148813707316)
(0, 1, 0, 14, 0.2004320466065367)
(0, 1, 0, 15, 0.16902037794809438)
(0, 1, 0, 16, 0.23383787756254706)
(0, 1, 0, 17, 0.20466792537052228)
(0, 1, 0, 18, 0.12976704896046107)
(0, 1, 0, 19, 0.16113604954834856)
(0, 1, 0, 20, 0.09124639763972087)
(0, 1, 0, 21, 0.16016773002826842)
(0, 1, 0, 22, 0.17243769733157152)
(0, 1, 0, 23, 0.1236692579737215)
(0, 1, 0, 24, 0.11992864386880181)
(0, 1, 0, 25, 0.2273008971815388)
(0, 1, 0, 26, 0.13736207524073962)
(0, 1, 0, 27, 0.2877413695062597)
(0, 1, 0, 28, 0.19209890426499782)
(0, 1, 0, 29, 0.19285855696563797)
(0, 1, 0, 30, 0.1000497692316452)
(0, 1, 0, 31, 0.3101015429492385)
(0, 1, 0, 32, 0.3496751569490939)
(0, 1, 0, 33, 0.20349296690115004)
(0, 1, 0, 34, 0.16157421527921972)
(0, 1, 0, 35, 0.13185910042297236)
(0, 1, 0, 36, 0.21673304270615584)
(0, 1, 0, 37, 0.11959216925220219)
(0, 1, 0, 38, 0.1720108435857166)
(0, 1, 0, 39, 0.2208963720338873)
(0, 1, 0, 40, 0.16607551947446067)
(0, 1, 0, 41, 0.1713420802658436)
(0, 1, 0, 42, 0.19467986868788956)
(0, 1, 0, 43, 0.1630048092072343)
(0, 1, 0, 44, 0.23303472525409827)
(0, 1, 0, 45, 0.32122332917330243)
(0, 1, 0, 46, 0.27811595815730494)
(0, 1, 0, 47, 0.12829834159630465)
(0, 1, 0, 48, 0.15365448551153016)
(0, 1, 0, 49, 0.10409023221463436)
(0, 1, 0, 50, 0.20439469596296303)
(0, 1, 0, 51, 0.11081163958980583)
(0, 1, 0, 52, 0.20770426531779934)
(0, 1, 0, 53, 0.15069577742536466)
(0, 1, 0, 54, 0.1114462172849234)
(0, 1, 0, 55, 0.15895170061135022)
(0, 1, 0, 56, 0.21365884417818615)
(0, 1, 0, 57, 0.16636314226007554)
(0, 1, 0, 58, 0.1328518750865453)
(0, 1, 0, 59, 0.23824854478744636)
(0, 1, 0, 60, 0.19962284764859808)
(0, 1, 0, 61, 0.18317076471574353)
(0, 1, 0, 62, 0.15615011826025912)
(0, 1, 0, 63, 0.14782673534276825)
(0, 1, 0, 64, 0.15875764507820703)
(0, 1, 0, 65, 0.46895102623903717)
(0, 1, 0, 66, 0.27513502582997706)
(0, 1, 0, 67, 0.1685672922639825)
(0, 1, 0, 68, 0.23450376834489703)
(0, 1, 0, 69, 0.1298195553856566)
(0, 1, 0, 70, 0.1919318912504093)
(0, 1, 0, 71, 0.18587987542787615)
(0, 1, 0, 72, 0.23051137833519658)
(0, 1, 0, 73, 0.16864370123159392)
(0, 1, 0, 74, 0.11036792443928418)
(0, 1, 0, 75, 0.10767404866231904)
(0, 1, 0, 76, 0.16636325059876442)
(0, 1, 0, 77, 0.21826921824599177)
(0, 1, 0, 78, 0.230454228248442)
(0, 1, 0, 79, 0.20004883865361986)
(0, 1, 0, 80, 0.1666867905320342)
(0, 1, 0, 81, 0.12452524588446004)
(0, 1, 0, 82, 0.1513527442861842)
(0, 1, 0, 83, 0.12726143017054836)
(0, 1, 0, 84, 0.18390357133098512)
(0, 1, 0, 85, 0.12097112436390922)
(0, 1, 0, 86, 0.15287510215309885)
(0, 1, 0, 87, 0.17583773230824085)
(0, 1, 0, 88, 0.14799279542382426)
(0, 1, 0, 89, 0.3455140646352644)
(0, 1, 0, 90, 0.11626800317080804)
(0, 1, 0, 91, 0.17827304923964551)
(0, 1, 0, 92, 0.1402007966007083)
(0, 1, 0, 93, 0.11482173553553057)
(0, 1, 0, 94, 0.17503198695040037)
(0, 1, 0, 95, 0.15985190211902697)
(0, 1, 0, 96, 0.1694065795368896)
(0, 1, 0, 97, 0.15326602366496225)
(0, 1, 0, 98, 0.25231153356393327)
(0, 1, 0, 99, 0.23397016413789345)
(0, 1, 0, 100, 0.17916174384702147)
(0, 1, 0, 101, 0.3469892749089325)
(0, 1, 0, 102, 0.17696937463427667)
(0, 1, 0, 103, 0.17977758593697182)
(0, 1, 0, 104, 0.09409695962693178)
(0, 1, 0, 105, 0.32366695351632074)
(0, 1, 0, 106, 0.15635264074161195)
(0, 1, 0, 107, 0.117681312161949)
(0, 1, 0, 108, 0.16793282016889458)
(0, 1, 0, 109, 0.22006972286134702)
(0, 1, 0, 110, 0.13186192403750338)
(0, 1, 0, 111, 0.15078182627549053)
(0, 1, 0, 112, 0.16040013905744804)
(0, 1, 0, 113, 0.15180972911002202)
(0, 1, 0, 114, 0.17336146077557543)
(0, 1, 0, 115, 0.15463816904015298)
(0, 1, 0, 116, 0.14370836950450164)
(0, 1, 0, 117, 0.15128004041287138)
(0, 1, 0, 118, 0.20031222515435695)
(0, 1, 0, 119, 0.20675686785491426)
(0, 1, 0, 120, 0.166091213964351)
(0, 1, 0, 121, 0.25194647279412646)
(0, 1, 0, 122, 0.18121346613027767)
(0, 1, 0, 123, 0.1720256246040617)
(0, 1, 0, 124, 0.17061126836937568)
(0, 1, 0, 125, 0.17509621823998306)
(0, 1, 0, 126, 0.21946766690272115)
(0, 1, 0, 127, 0.1288847065657708)
(0, 1, 0, 128, 0.1687806888236586)
(0, 1, 0, 129, 0.23816420189928428)
(0, 1, 0, 130, 0.09600194111110356)
(0, 1, 0, 131, 0.12824324210300736)
(0, 1, 0, 132, 0.13788580858272925)
(0, 1, 0, 133, 0.18824611840102246)
(0, 1, 0, 134, 0.12370440251882676)
(0, 1, 0, 135, 0.18998941845350478)
(0, 1, 0, 136, 0.1444348204722256)
(0, 1, 0, 137, 0.28606137612857396)
(0, 1, 0, 138, 0.15531865817678384)
(0, 1, 0, 139, 0.2095804900953562)
(0, 1, 0, 140, 0.15082579038398772)
(0, 1, 0, 141, 0.1537101814842356)
(0, 1, 0, 142, 0.14864332477660872)
(0, 1, 0, 143, 0.19153999969471344)
(0, 1, 0, 144, 0.16980717259482003)
(0, 1, 0, 145, 0.18054309828413173)
(0, 1, 0, 146, 0.2897312231218368)
(0, 1, 0, 147, 0.1766744541561221)
(0, 1, 0, 148, 0.14627822573105728)
(0, 1, 0, 149, 0.08926964508980396)
(0, 1, 0, 150, 0.14753293985324648)
(0, 1, 0, 151, 0.1607461741400293)
(0, 1, 0, 152, 0.23587915936452522)
(0, 1, 0, 153, 0.15814705262432457)
(0, 1, 0, 154, 0.15507154196950865)
(0, 1, 0, 155, 0.22232623851023628)
(0, 1, 0, 156, 0.2942099135051045)
(0, 1, 0, 157, 0.13923619199881554)
(0, 1, 0, 158, 0.1416008035537706)
(0, 1, 0, 159, 0.2642852986966525)
(0, 1, 0, 160, 0.1957137135306189)
(0, 1, 0, 161, 0.14056200414772688)
(0, 1, 0, 162, 0.2287874897633113)
(0, 1, 0, 163, 0.15475562013672367)
(0, 1, 0, 164, 0.16114277892768133)
(0, 1, 0, 165, 0.13641838772327902)
(0, 1, 0, 166, 0.15348789267530824)
(0, 1, 0, 167, 0.1654045656868231)
(0, 1, 0, 168, 0.4079644458930678)
(0, 1, 0, 169, 0.19696008530679995)
(0, 1, 0, 170, 0.1450599417014283)
(0, 1, 0, 171, 0.20694889350096432)
(0, 1, 0, 172, 0.12411429175905767)
(0, 1, 0, 173, 0.12345463899979961)
(0, 1, 0, 174, 0.15002008949864906)
(0, 1, 0, 175, 0.2446623327205497)
(0, 1, 0, 176, 0.11215851861836579)
(0, 1, 0, 177, 0.07791212438079176)
(0, 1, 0, 178, 0.17982917128146186)
(0, 1, 0, 179, 0.21417837707153264)
(0, 1, 0, 180, 0.25692647696346516)
(0, 1, 0, 181, 0.1277676562993101)
(0, 1, 0, 182, 0.10815666375068426)
(0, 1, 0, 183, 0.1426502439082506)
(0, 1, 0, 184, 0.14385896009341914)
(0, 1, 0, 185, 0.08413658812683925)
(0, 1, 0, 186, 0.16831606181592937)
(0, 1, 0, 187, 0.11447880100999669)
(0, 1, 0, 188, 0.11486834726896404)
(0, 1, 0, 189, 0.20617948446233564)
(0, 1, 0, 190, 0.17370282038599738)
(0, 1, 0, 191, 0.08870717672783034)
(0, 1, 0, 192, 0.3012835400127359)
(0, 1, 0, 193, 0.14234424245793617)
(0, 1, 0, 194, 0.14648304944101753)
(0, 1, 0, 195, 0.17448837502296727)
(0, 1, 0, 196, 0.12549606072094602)
(0, 1, 0, 197, 0.20704805929104608)
(0, 1, 0, 198, 0.1580929090103435)
(0, 1, 0, 199, 0.16896773667392898)
(0, 1, 0, 200, 0.28578484990754444)
(0, 1, 0, 201, 0.17197449580382113)
(0, 1, 0, 202, 0.2910596633478162)
(0, 1, 0, 203, 0.2932659706932259)
(0, 1, 0, 204, 0.21312877873683314)
(0, 1, 0, 205, 0.12948854519389147)
(0, 1, 0, 206, 0.22195761812092316)
(0, 1, 0, 207, 0.15917454929317007)
(0, 1, 0, 208, 0.16832304368928963)
(0, 1, 0, 209, 0.13758173221248526)
(0, 1, 0, 210, 0.1271797296879845)
(0, 1, 0, 211, 0.1994668960568488)
(0, 1, 0, 212, 0.15182676328518777)
(0, 1, 0, 213, 0.2661050476113589)
(0, 1, 0, 214, 0.19952129587370748)
(0, 1, 0, 215, 0.21643070500897896)
(0, 1, 0, 216, 0.18806918984188126)
(0, 1, 0, 217, 0.14141178950381517)
(0, 1, 0, 218, 0.19648364709026597)
(0, 1, 0, 219, 0.13758975125056477)
(0, 1, 0, 220, 0.12136184652668103)
(0, 1, 0, 221, 0.15312435583034997)
(0, 1, 0, 222, 0.3463387011771703)
(0, 1, 0, 223, 0.16514079310581845)
(0, 1, 0, 224, 0.14150840908480344)
(0, 1, 0, 225, 0.12968042671307237)
(0, 1, 0, 226, 0.19796026673206052)
(0, 1, 0, 227, 0.14671877247965628)
(0, 1, 0, 228, 0.15116794755707055)
(0, 1, 0, 229, 0.304574672855245)
(0, 1, 0, 230, 0.24307625705585248)
(0, 1, 0, 231, 0.18267661822756137)
(0, 1, 0, 232, 0.1200222153469064)
(0, 1, 0, 233, 0.16330676803737396)
(0, 1, 0, 234, 0.13715834754335374)
(0, 1, 0, 235, 0.21160920871860753)
(0, 1, 0, 236, 0.21275886302676528)
(0, 1, 0, 237, 0.17595459223462045)
(0, 1, 0, 238, 0.13301861059819262)
(0, 1, 0, 239, 0.2435814994482974)
(0, 1, 0, 240, 0.13831143522537592)
(0, 1, 0, 241, 0.13403160928278665)
(0, 1, 0, 242, 0.1542545646672382)
(0, 1, 0, 243, 0.2433338657534957)
(0, 1, 0, 244, 0.1798887023714305)
(0, 1, 0, 245, 0.15465887115307267)
(0, 1, 0, 246, 0.16515944872308255)
(0, 1, 0, 247, 0.2918415783084408)
(0, 1, 0, 248, 0.1528709596255546)
(0, 1, 0, 249, 0.08035969674674322)
(0, 1, 1, 0, 0.14159448094332608)
(0, 1, 1, 1, 0.1842018722311187)
(0, 1, 1, 2, 0.13103346865847365)
(0, 1, 1, 3, 0.19294063481695478)
(0, 1, 1, 4, 0.19604310138921285)
(0, 1, 1, 5, 0.18309310549863894)
(0, 1, 1, 6, 0.13303938064543297)
(0, 1, 1, 7, 0.14406811615148116)
(0, 1, 1, 8, 0.14485942553331022)
(0, 1, 1, 9, 0.16099766228439535)
(0, 1, 1, 10, 0.17806079815773945)
(0, 1, 1, 11, 0.13110426582433474)
(0, 1, 1, 12, 0.17012862570314524)
(0, 1, 1, 13, 0.16484321872404342)
(0, 1, 1, 14, 0.15996673951321347)
(0, 1, 1, 15, 0.16240662376289278)
(0, 1, 1, 16, 0.15908693536917712)
(0, 1, 1, 17, 0.14831610741742887)
(0, 1, 1, 18, 0.18094052763677426)
(0, 1, 1, 19, 0.14556442501784916)
(0, 1, 1, 20, 0.14093811720586563)
(0, 1, 1, 21, 0.15415715005876107)
(0, 1, 1, 22, 0.1508559884849402)
(0, 1, 1, 23, 0.17608806124952542)
(0, 1, 1, 24, 0.15154335343239123)
(0, 1, 1, 25, 0.1269499444602875)
(0, 1, 1, 26, 0.20451688920417585)
(0, 1, 1, 27, 0.12612722848085828)
(0, 1, 1, 28, 0.16520153562566472)
(0, 1, 1, 29, 0.20531104870666245)
(0, 1, 1, 30, 0.1515044868427578)
(0, 1, 1, 31, 0.19483830526013757)
(0, 1, 1, 32, 0.12315976585463666)
(0, 1, 1, 33, 0.20826646120184067)
(0, 1, 1, 34, 0.1465157118394661)
(0, 1, 1, 35, 0.15028873555485361)
(0, 1, 1, 36, 0.17336510066946845)
(0, 1, 1, 37, 0.1624859782959329)
(0, 1, 1, 38, 0.12632940628617637)
(0, 1, 1, 39, 0.1469415824706996)
(0, 1, 1, 40, 0.1910558305937697)
(0, 1, 1, 41, 0.1794321084864663)
(0, 1, 1, 42, 0.15557161496785266)
(0, 1, 1, 43, 0.15155011055870943)
(0, 1, 1, 44, 0.17464301279750682)
(0, 1, 1, 45, 0.14708629118262723)
(0, 1, 1, 46, 0.17388148704935166)
(0, 1, 1, 47, 0.1539546754041906)
(0, 1, 1, 48, 0.19993625873705603)
(0, 1, 1, 49, 0.15013425953275752)
(0, 1, 1, 50, 0.16398287636889652)
(0, 1, 1, 51, 0.17951139355600415)
(0, 1, 1, 52, 0.13506492036818027)
(0, 1, 1, 53, 0.18154805102508456)
(0, 1, 1, 54, 0.1362063936272637)
(0, 1, 1, 55, 0.1904065471727705)
(0, 1, 1, 56, 0.1325704507446834)
(0, 1, 1, 57, 0.12521525060878702)
(0, 1, 1, 58, 0.18084046985305255)
(0, 1, 1, 59, 0.14281834133087004)
(0, 1, 1, 60, 0.15586464880965437)
(0, 1, 1, 61, 0.18217246159398065)
(0, 1, 1, 62, 0.1420543456893303)
(0, 1, 1, 63, 0.15998739765376657)
(0, 1, 1, 64, 0.17020760810148117)
(0, 1, 1, 65, 0.1671458471110343)
(0, 1, 1, 66, 0.16488676131948227)
(0, 1, 1, 67, 0.12979896668148602)
(0, 1, 1, 68, 0.1969573715232773)
(0, 1, 1, 69, 0.16310521683725454)
(0, 1, 1, 70, 0.1306027522448399)
(0, 1, 1, 71, 0.1909793720071481)
(0, 1, 1, 72, 0.14656985889729368)
(0, 1, 1, 73, 0.24741683868290498)
(0, 1, 1, 74, 0.1466424484733249)
(0, 1, 1, 75, 0.15000563557284569)
(0, 1, 1, 76, 0.15379619919990206)
(0, 1, 1, 77, 0.16210754379337972)
(0, 1, 1, 78, 0.13042169092646325)
(0, 1, 1, 79, 0.1346630252133065)
(0, 1, 1, 80, 0.1552206262333413)
(0, 1, 1, 81, 0.1302364430460695)
(0, 1, 1, 82, 0.17316757531054375)
(0, 1, 1, 83, 0.14627410899570983)
(0, 1, 1, 84, 0.17171794924633654)
(0, 1, 1, 85, 0.16506359286677297)
(0, 1, 1, 86, 0.1520183048947403)
(0, 1, 1, 87, 0.1472765430524281)
(0, 1, 1, 88, 0.13368722680453077)
(0, 1, 1, 89, 0.20172147005297839)
(0, 1, 1, 90, 0.14222323708924642)
(0, 1, 1, 91, 0.19536984999008528)
(0, 1, 1, 92, 0.16087393518864085)
(0, 1, 1, 93, 0.1847387864180879)
(0, 1, 1, 94, 0.13356095287685396)
(0, 1, 1, 95, 0.11702911960736438)
(0, 1, 1, 96, 0.18636163890276233)
(0, 1, 1, 97, 0.18771930906729847)
(0, 1, 1, 98, 0.18851581059661285)
(0, 1, 1, 99, 0.1482135830576881)
(0, 1, 1, 100, 0.1447051894993076)
(0, 1, 1, 101, 0.14052220934992937)
(0, 1, 1, 102, 0.14488625523767584)
(0, 1, 1, 103, 0.16481048051791353)
(0, 1, 1, 104, 0.15111531534399023)
(0, 1, 1, 105, 0.2181633276826017)
(0, 1, 1, 106, 0.11196654402410414)
(0, 1, 1, 107, 0.11995518211450631)
(0, 1, 1, 108, 0.1647712530840617)
(0, 1, 1, 109, 0.1620384994532814)
(0, 1, 1, 110, 0.14139868624458307)
(0, 1, 1, 111, 0.14897225637918493)
(0, 1, 1, 112, 0.14246696867442135)
(0, 1, 1, 113, 0.11953579390788055)
(0, 1, 1, 114, 0.18423486182698368)
(0, 1, 1, 115, 0.17583596651300235)
(0, 1, 1, 116, 0.19308688534718543)
(0, 1, 1, 117, 0.13753136614939712)
(0, 1, 1, 118, 0.13784566947270396)
(0, 1, 1, 119, 0.14320268643589038)
(0, 1, 1, 120, 0.2025264406131422)
(0, 1, 1, 121, 0.15244206919112802)
(0, 1, 1, 122, 0.17921949513271182)
(0, 1, 1, 123, 0.17108932376263264)
(0, 1, 1, 124, 0.12590771029157125)
(0, 1, 1, 125, 0.13192401911461019)
(0, 1, 1, 126, 0.12459632702491197)
(0, 1, 1, 127, 0.19190531883583783)
(0, 1, 1, 128, 0.13293407441559407)
(0, 1, 1, 129, 0.12574697497325862)
(0, 1, 1, 130, 0.15683817876781353)
(0, 1, 1, 131, 0.17250217796117223)
(0, 1, 1, 132, 0.1285380982413281)
(0, 1, 1, 133, 0.13283981915221027)
(0, 1, 1, 134, 0.1282931858374271)
(0, 1, 1, 135, 0.12669368075037496)
(0, 1, 1, 136, 0.13455059323168242)
(0, 1, 1, 137, 0.12844475181165618)
(0, 1, 1, 138, 0.16487572631221986)
(0, 1, 1, 139, 0.12294523301976787)
(0, 1, 1, 140, 0.12527881269506252)
(0, 1, 1, 141, 0.18983136337014694)
(0, 1, 1, 142, 0.18643943327087129)
(0, 1, 1, 143, 0.13962021554610995)
(0, 1, 1, 144, 0.14095466007980612)
(0, 1, 1, 145, 0.15225732266011177)
(0, 1, 1, 146, 0.15909699769459607)
(0, 1, 1, 147, 0.12255672192167254)
(0, 1, 1, 148, 0.1418295073495515)
(0, 1, 1, 149, 0.1644239016717164)
(0, 1, 1, 150, 0.12871166422603228)
(0, 1, 1, 151, 0.1450116949601907)
(0, 1, 1, 152, 0.13036287094809326)
(0, 1, 1, 153, 0.20814042091847418)
(0, 1, 1, 154, 0.12568550143134785)
(0, 1, 1, 155, 0.12209490028750712)
(0, 1, 1, 156, 0.13720694917113543)
(0, 1, 1, 157, 0.1463854727966652)
(0, 1, 1, 158, 0.14102980121539505)
(0, 1, 1, 159, 0.15662411977095203)
(0, 1, 1, 160, 0.2172276940430358)
(0, 1, 1, 161, 0.13822624671162298)
(0, 1, 1, 162, 0.1673625710448458)
(0, 1, 1, 163, 0.18087360644738854)
(0, 1, 1, 164, 0.1365428479952446)
(0, 1, 1, 165, 0.1556815013787796)
(0, 1, 1, 166, 0.14332447813421945)
(0, 1, 1, 167, 0.13942419758308122)
(0, 1, 1, 168, 0.18249269291256404)
(0, 1, 1, 169, 0.13792526364298044)
(0, 1, 1, 170, 0.14154599482228492)
(0, 1, 1, 171, 0.2264191893805826)
(0, 1, 1, 172, 0.13155181586641582)
(0, 1, 1, 173, 0.1274284968711993)
(0, 1, 1, 174, 0.13854172063710316)
(0, 1, 1, 175, 0.14180172251101417)
(0, 1, 1, 176, 0.15315975149165575)
(0, 1, 1, 177, 0.15357687410829077)
(0, 1, 1, 178, 0.12768204629905294)
(0, 1, 1, 179, 0.1469372566189076)
(0, 1, 1, 180, 0.1304690916220201)
(0, 1, 1, 181, 0.10694446188826685)
(0, 1, 1, 182, 0.18134486751967926)
(0, 1, 1, 183, 0.2627504377530512)
(0, 1, 1, 184, 0.1653629946624455)
(0, 1, 1, 185, 0.17705869491503143)
(0, 1, 1, 186, 0.15946712655481704)
(0, 1, 1, 187, 0.17215392621152895)
(0, 1, 1, 188, 0.1537894454077673)
(0, 1, 1, 189, 0.15123997973321973)
(0, 1, 1, 190, 0.22296035534848266)
(0, 1, 1, 191, 0.17672381982012594)
(0, 1, 1, 192, 0.1451999743891829)
(0, 1, 1, 193, 0.19731396249143693)
(0, 1, 1, 194, 0.16063015693237662)
(0, 1, 1, 195, 0.1395548521581484)
(0, 1, 1, 196, 0.12032614382650465)
(0, 1, 1, 197, 0.16426584176074055)
(0, 1, 1, 198, 0.17604736549198718)
(0, 1, 1, 199, 0.16575036070177854)
(0, 1, 1, 200, 0.15754844419472538)
(0, 1, 1, 201, 0.19131824008549492)
(0, 1, 1, 202, 0.14781388800526252)
(0, 1, 1, 203, 0.1405092947931962)
(0, 1, 1, 204, 0.11971709387146338)
(0, 1, 1, 205, 0.1418150069414346)
(0, 1, 1, 206, 0.18446001341693002)
(0, 1, 1, 207, 0.1691515701128165)
(0, 1, 1, 208, 0.20200913312949392)
(0, 1, 1, 209, 0.1605463686460211)
(0, 1, 1, 210, 0.12345851980256675)
(0, 1, 1, 211, 0.13651587753609526)
(0, 1, 1, 212, 0.1834002968900979)
(0, 1, 1, 213, 0.14301152186280516)
(0, 1, 1, 214, 0.18810198741505543)
(0, 1, 1, 215, 0.12873115754663417)
(0, 1, 1, 216, 0.1389738447208227)
(0, 1, 1, 217, 0.1976712392903691)
(0, 1, 1, 218, 0.1427465051672616)
(0, 1, 1, 219, 0.222124371088455)
(0, 1, 1, 220, 0.16030895603496473)
(0, 1, 1, 221, 0.13499781221696494)
(0, 1, 1, 222, 0.1706372998103381)
(0, 1, 1, 223, 0.22751894088585992)
(0, 1, 1, 224, 0.14160872279395267)
(0, 1, 1, 225, 0.1256375305085062)
(0, 1, 1, 226, 0.13548476674380114)
(0, 1, 1, 227, 0.16010422920956127)
(0, 1, 1, 228, 0.11726125091903482)
(0, 1, 1, 229, 0.1477024870821151)
(0, 1, 1, 230, 0.18215228142443718)
(0, 1, 1, 231, 0.12401312095318755)
(0, 1, 1, 232, 0.162760909005341)
(0, 1, 1, 233, 0.1427044660731237)
(0, 1, 1, 234, 0.1718806366704456)
(0, 1, 1, 235, 0.16645592820653102)
(0, 1, 1, 236, 0.19870111396555343)
(0, 1, 1, 237, 0.1264295474344752)
(0, 1, 1, 238, 0.12962056602215338)
(0, 1, 1, 239, 0.21541532981519243)
(0, 1, 1, 240, 0.13536758196088833)
(0, 1, 1, 241, 0.2281648704984346)
(0, 1, 1, 242, 0.16386090844802917)
(0, 1, 1, 243, 0.12075619247094968)
(0, 1, 1, 244, 0.19814356403576094)
(0, 1, 1, 245, 0.23193388225552608)
(0, 1, 1, 246, 0.1137247153394226)
(0, 1, 1, 247, 0.20520184124549543)
(0, 1, 1, 248, 0.1275161362921755)
(0, 1, 1, 249, 0.12807620381815152)
(0, 2, 0, 0, 0.29377926465106236)
(0, 2, 0, 1, 0.3391637329310205)
(0, 2, 0, 2, 0.29239348724929803)
(0, 2, 0, 3, 0.23350517406801607)
(0, 2, 0, 4, 0.42676484192216224)
(0, 2, 0, 5, 0.3058112827777601)
(0, 2, 0, 6, 0.6280793650528246)
(0, 2, 0, 7, 0.40644569248288903)
(0, 2, 0, 8, 0.44028728448750115)
(0, 2, 0, 9, 0.23919262256998206)
(0, 2, 0, 10, 0.3007168241001787)
(0, 2, 0, 11, 0.3132222424970454)
(0, 2, 0, 12, 0.38640272598539055)
(0, 2, 0, 13, 0.1689872413252711)
(0, 2, 0, 14, 0.32771135449046823)
(0, 2, 0, 15, 0.27834895136795934)
(0, 2, 0, 16, 0.46094966076439836)
(0, 2, 0, 17, 0.4966121091321355)
(0, 2, 0, 18, 0.3049914314961815)
(0, 2, 0, 19, 0.2553472161813542)
(0, 2, 0, 20, 0.3445754274221757)
(0, 2, 0, 21, 0.29375180889939195)
(0, 2, 0, 22, 0.2106761244748729)
(0, 2, 0, 23, 0.22085410219166043)
(0, 2, 0, 24, 0.3194070161844886)
(0, 2, 0, 25, 0.36999759140121)
(0, 2, 0, 26, 0.2877526151773358)
(0, 2, 0, 27, 0.6152142399566438)
(0, 2, 0, 28, 0.4533342963664907)
(0, 2, 0, 29, 0.3772736990800247)
(0, 2, 0, 30, 0.35018497216026717)
(0, 2, 0, 31, 0.4945061099228451)
(0, 2, 0, 32, 0.6374579678280444)
(0, 2, 0, 33, 0.39641626594122165)
(0, 2, 0, 34, 0.3635333610869089)
(0, 2, 0, 35, 0.27623988356261386)
(0, 2, 0, 36, 0.26880022426922273)
(0, 2, 0, 37, 0.256213496428716)
(0, 2, 0, 38, 0.24285891221941594)
(0, 2, 0, 39, 0.30123737042339)
(0, 2, 0, 40, 0.25198396263299466)
(0, 2, 0, 41, 0.30985263927636464)
(0, 2, 0, 42, 0.34405972597515544)
(0, 2, 0, 43, 0.34262646940801433)
(0, 2, 0, 44, 0.28509716248895733)
(0, 2, 0, 45, 0.40454557862154766)
(0, 2, 0, 46, 0.5010540171423026)
(0, 2, 0, 47, 0.32306631086939847)
(0, 2, 0, 48, 0.27249497714523435)
(0, 2, 0, 49, 0.16763051865697573)
(0, 2, 0, 50, 0.5645597570518691)
(0, 2, 0, 51, 0.3070935532143514)
(0, 2, 0, 52, 0.38545991729961576)
(0, 2, 0, 53, 0.3503424275807134)
(0, 2, 0, 54, 0.2559496560296561)
(0, 2, 0, 55, 0.20706215170464268)
(0, 2, 0, 56, 0.47332507160789133)
(0, 2, 0, 57, 0.2336310997864312)
(0, 2, 0, 58, 0.248724740224341)
(0, 2, 0, 59, 0.5237305145256886)
(0, 2, 0, 60, 0.553999496217244)
(0, 2, 0, 61, 0.2822695480002508)
(0, 2, 0, 62, 0.25774305639214773)
(0, 2, 0, 63, 0.2732924497944688)
(0, 2, 0, 64, 0.2889414297338929)
(0, 2, 0, 65, 0.7511792971452275)
(0, 2, 0, 66, 0.4822275199178961)
(0, 2, 0, 67, 0.3131633739104966)
(0, 2, 0, 68, 0.41086602433880104)
(0, 2, 0, 69, 0.3323937518408989)
(0, 2, 0, 70, 0.3016560342083203)
(0, 2, 0, 71, 0.2682667627321226)
(0, 2, 0, 72, 0.39473454434478794)
(0, 2, 0, 73, 0.42480206128241815)
(0, 2, 0, 74, 0.2572313298786644)
(0, 2, 0, 75, 0.3341249047164217)
(0, 2, 0, 76, 0.2337990217305311)
(0, 2, 0, 77, 0.3283236999893191)
(0, 2, 0, 78, 0.35885530081142525)
(0, 2, 0, 79, 0.27368654361173805)
(0, 2, 0, 80, 0.4164978302314003)
(0, 2, 0, 81, 0.30025636629979413)
(0, 2, 0, 82, 0.22908442543313143)
(0, 2, 0, 83, 0.33267644133016233)
(0, 2, 0, 84, 0.2360063930269753)
(0, 2, 0, 85, 0.45376749987763554)
(0, 2, 0, 86, 0.2522211548478245)
(0, 2, 0, 87, 0.3548225874189593)
(0, 2, 0, 88, 0.35548700593610133)
(0, 2, 0, 89, 0.6179137482302063)
(0, 2, 0, 90, 0.30910383455466545)
(0, 2, 0, 91, 0.19575396957479163)
(0, 2, 0, 92, 0.3088495272021279)
(0, 2, 0, 93, 0.31999491155234916)
(0, 2, 0, 94, 0.3125922059837901)
(0, 2, 0, 95, 0.2536155910225606)
(0, 2, 0, 96, 0.3049413626691509)
(0, 2, 0, 97, 0.4041728882908551)
(0, 2, 0, 98, 0.46935467875706904)
(0, 2, 0, 99, 0.3555312976425924)
(0, 2, 0, 100, 0.4794864062249865)
(0, 2, 0, 101, 0.5743603652574071)
(0, 2, 0, 102, 0.34146451312986525)
(0, 2, 0, 103, 0.34209156235328847)
(0, 2, 0, 104, 0.3182216231079179)
(0, 2, 0, 105, 0.42711668675791314)
(0, 2, 0, 106, 0.2892887735879808)
(0, 2, 0, 107, 0.3737216773392626)
(0, 2, 0, 108, 0.276065863170966)
(0, 2, 0, 109, 0.36474383719207654)
(0, 2, 0, 110, 0.31932056574404954)
(0, 2, 0, 111, 0.30739570622879897)
(0, 2, 0, 112, 0.403461221013649)
(0, 2, 0, 113, 0.28150997074753975)
(0, 2, 0, 114, 0.2823407490682839)
(0, 2, 0, 115, 0.20279100181352125)
(0, 2, 0, 116, 0.2787299386089017)
(0, 2, 0, 117, 0.2807793439692617)
(0, 2, 0, 118, 0.4233364985912663)
(0, 2, 0, 119, 0.38603640678238493)
(0, 2, 0, 120, 0.4256324869081745)
(0, 2, 0, 121, 0.4461381962807582)
(0, 2, 0, 122, 0.31835564516673354)
(0, 2, 0, 123, 0.24239774952608173)
(0, 2, 0, 124, 0.34610112922975744)
(0, 2, 0, 125, 0.24541515622198504)
(0, 2, 0, 126, 0.44212764647145947)
(0, 2, 0, 127, 0.3352920372094397)
(0, 2, 0, 128, 0.34530452527400923)
(0, 2, 0, 129, 0.3775850246331485)
(0, 2, 0, 130, 0.2920772101881369)
(0, 2, 0, 131, 0.29726650744561217)
(0, 2, 0, 132, 0.24925254857371493)
(0, 2, 0, 133, 0.45602663004594185)
(0, 2, 0, 134, 0.32813992050423535)
(0, 2, 0, 135, 0.30353424363402093)
(0, 2, 0, 136, 0.4132885719006147)
(0, 2, 0, 137, 0.4436037339603366)
(0, 2, 0, 138, 0.32325552873456603)
(0, 2, 0, 139, 0.36457554013535814)
(0, 2, 0, 140, 0.23104928190800159)
(0, 2, 0, 141, 0.30114145328921704)
(0, 2, 0, 142, 0.359001806477541)
(0, 2, 0, 143, 0.31102269442306624)
(0, 2, 0, 144, 0.31187656139362235)
(0, 2, 0, 145, 0.3373997013683861)
(0, 2, 0, 146, 0.4746858144002725)
(0, 2, 0, 147, 0.42419606208762844)
(0, 2, 0, 148, 0.26668557042496305)
(0, 2, 0, 149, 0.26253265612952376)
(0, 2, 0, 150, 0.2824977728032724)
(0, 2, 0, 151, 0.3647878931338674)
(0, 2, 0, 152, 0.3493475059082279)
(0, 2, 0, 153, 0.4275791780984801)
(0, 2, 0, 154, 0.27310757873941455)
(0, 2, 0, 155, 0.4728180879355405)
(0, 2, 0, 156, 0.5239542997250267)
(0, 2, 0, 157, 0.2807908145552436)
(0, 2, 0, 158, 0.20958240703796244)
(0, 2, 0, 159, 0.47660032181701156)
(0, 2, 0, 160, 0.35572581987287605)
(0, 2, 0, 161, 0.24424574101579857)
(0, 2, 0, 162, 0.5345896765065925)
(0, 2, 0, 163, 0.2838904331340994)
(0, 2, 0, 164, 0.3363988543117957)
(0, 2, 0, 165, 0.2647493526177746)
(0, 2, 0, 166, 0.24001123042821487)
(0, 2, 0, 167, 0.16186600095248005)
(0, 2, 0, 168, 0.4742982474301495)
(0, 2, 0, 169, 0.32127781792031085)
(0, 2, 0, 170, 0.23967560177703906)
(0, 2, 0, 171, 0.3331421320937782)
(0, 2, 0, 172, 0.28259399574550853)
(0, 2, 0, 173, 0.21368244194411523)
(0, 2, 0, 174, 0.24318983775308348)
(0, 2, 0, 175, 0.49869043680669134)
(0, 2, 0, 176, 0.3177211127497944)
(0, 2, 0, 177, 0.28918268816987547)
(0, 2, 0, 178, 0.2927331578406308)
(0, 2, 0, 179, 0.31014699935583967)
(0, 2, 0, 180, 0.5132294414741146)
(0, 2, 0, 181, 0.3528496251045452)
(0, 2, 0, 182, 0.3088353639095581)
(0, 2, 0, 183, 0.2548465276234222)
(0, 2, 0, 184, 0.28931837509266367)
(0, 2, 0, 185, 0.2473598366764641)
(0, 2, 0, 186, 0.3862737742596181)
(0, 2, 0, 187, 0.17574674215728833)
(0, 2, 0, 188, 0.27866520290390545)
(0, 2, 0, 189, 0.2951227377111339)
(0, 2, 0, 190, 0.27826982730758526)
(0, 2, 0, 191, 0.34096544328786044)
(0, 2, 0, 192, 0.44471941574926005)
(0, 2, 0, 193, 0.22834483286490528)
(0, 2, 0, 194, 0.39956029317538627)
(0, 2, 0, 195, 0.3220850519984774)
(0, 2, 0, 196, 0.2735952784678345)
(0, 2, 0, 197, 0.32271767997277445)
(0, 2, 0, 198, 0.3223309935267366)
(0, 2, 0, 199, 0.2831261900689272)
(0, 2, 0, 200, 0.586706009151107)
(0, 2, 0, 201, 0.2835459432492042)
(0, 2, 0, 202, 0.39938684161939814)
(0, 2, 0, 203, 0.3873898302202355)
(0, 2, 0, 204, 0.46508639758215636)
(0, 2, 0, 205, 0.3118911273686124)
(0, 2, 0, 206, 0.27810659743)
(0, 2, 0, 207, 0.3402803928876519)
(0, 2, 0, 208, 0.33716641705489453)
(0, 2, 0, 209, 0.2638431065905172)
(0, 2, 0, 210, 0.3021652710862766)
(0, 2, 0, 211, 0.2293823582618375)
(0, 2, 0, 212, 0.2527518696125151)
(0, 2, 0, 213, 0.3556087390988637)
(0, 2, 0, 214, 0.5792241703412563)
(0, 2, 0, 215, 0.4923828796606291)
(0, 2, 0, 216, 0.3427442366544959)
(0, 2, 0, 217, 0.38309081357037167)
(0, 2, 0, 218, 0.26231380469346954)
(0, 2, 0, 219, 0.32686085952816074)
(0, 2, 0, 220, 0.3446516588372061)
(0, 2, 0, 221, 0.24451500875035834)
(0, 2, 0, 222, 0.5840589074252087)
(0, 2, 0, 223, 0.24013008973094935)
(0, 2, 0, 224, 0.2135497258377493)
(0, 2, 0, 225, 0.31780450964177565)
(0, 2, 0, 226, 0.2850134517712983)
(0, 2, 0, 227, 0.25393794296626004)
(0, 2, 0, 228, 0.3231160104242907)
(0, 2, 0, 229, 0.45828576018286876)
(0, 2, 0, 230, 0.4377466229144892)
(0, 2, 0, 231, 0.41587522804601834)
(0, 2, 0, 232, 0.2639286735742228)
(0, 2, 0, 233, 0.2266278450402659)
(0, 2, 0, 234, 0.25466284972714837)
(0, 2, 0, 235, 0.41088510205272544)
(0, 2, 0, 236, 0.31345105961280395)
(0, 2, 0, 237, 0.4164793679031132)
(0, 2, 0, 238, 0.24875817489498644)
(0, 2, 0, 239, 0.3945344058286666)
(0, 2, 0, 240, 0.3296823309229752)
(0, 2, 0, 241, 0.2351176250372781)
(0, 2, 0, 242, 0.4398702165052445)
(0, 2, 0, 243, 0.4357704165982007)
(0, 2, 0, 244, 0.42559533519510834)
(0, 2, 0, 245, 0.4254562606734216)
(0, 2, 0, 246, 0.26842366424957254)
(0, 2, 0, 247, 0.4180988574943143)
(0, 2, 0, 248, 0.20741081214357265)
(0, 2, 0, 249, 0.25002478483372104)
(0, 2, 1, 0, 0.16266798627088844)
(0, 2, 1, 1, 0.49366253895100715)
(0, 2, 1, 2, 0.2716188161073995)
(0, 2, 1, 3, 0.6112505032609636)
(0, 2, 1, 4, 0.7385573426510637)
(0, 2, 1, 5, 0.4946810804838013)
(0, 2, 1, 6, 0.6698763225968676)
(0, 2, 1, 7, 0.901486995884132)
(0, 2, 1, 8, 0.43184236175807195)
(0, 2, 1, 9, 0.4860526714198656)
(0, 2, 1, 10, 0.8260925620890595)
(0, 2, 1, 11, 0.6625178781634739)
(0, 2, 1, 12, 0.6948312844884222)
(0, 2, 1, 13, 0.6646020018102813)
(0, 2, 1, 14, 0.8832589656041747)
(0, 2, 1, 15, 0.8091131771767078)
(0, 2, 1, 16, 0.9896145551831401)
(0, 2, 1, 17, 0.16370774243431804)
(0, 2, 1, 18, 0.2856663353032529)
(0, 2, 1, 19, 0.25462566936675657)
(0, 2, 1, 20, 0.6452688683403527)
(0, 2, 1, 21, 0.2802736657335294)
(0, 2, 1, 22, 0.19703605568830046)
(0, 2, 1, 23, 0.855679264650665)
(0, 2, 1, 24, 0.6791321226308714)
(0, 2, 1, 25, 0.2907173104972245)
(0, 2, 1, 26, 0.5677418227770751)
(0, 2, 1, 27, 0.39979956377122244)
(0, 2, 1, 28, 0.47615568307081313)
(0, 2, 1, 29, 0.4506201099534736)
(0, 2, 1, 30, 0.5602868167525722)
(0, 2, 1, 31, 0.5078865450060374)
(0, 2, 1, 32, 0.28349335486797644)
(0, 2, 1, 33, 0.4523018589265932)
(0, 2, 1, 34, 0.7487476499727408)
(0, 2, 1, 35, 0.4376471553756018)
(0, 2, 1, 36, 0.3500366724102808)
(0, 2, 1, 37, 0.9070107530805208)
(0, 2, 1, 38, 0.2907777421555474)
(0, 2, 1, 39, 0.9523478861838397)
(0, 2, 1, 40, 0.8444894020644682)
(0, 2, 1, 41, 0.8058016481309778)
(0, 2, 1, 42, 0.3958153972745446)
(0, 2, 1, 43, 0.3167133896810149)
(0, 2, 1, 44, 0.7387625917156706)
(0, 2, 1, 45, 0.6920596876783118)
(0, 2, 1, 46, 0.2586159537302875)
(0, 2, 1, 47, 0.661309076578286)
(0, 2, 1, 48, 0.46980949362853375)
(0, 2, 1, 49, 0.20622224143300577)
(0, 2, 1, 50, 0.2796920389971834)
(0, 2, 1, 51, 0.6676108960622632)
(0, 2, 1, 52, 0.9241388184121908)
(0, 2, 1, 53, 0.3002363657809141)
(0, 2, 1, 54, 0.29900624715303314)
(0, 2, 1, 55, 0.5790733499791219)
(0, 2, 1, 56, 0.4099918204926304)
(0, 2, 1, 57, 0.8164674928858555)
(0, 2, 1, 58, 0.8724763074391763)
(0, 2, 1, 59, 0.9392956168087042)
(0, 2, 1, 60, 0.4719802667915878)
(0, 2, 1, 61, 0.6791036807577039)
(0, 2, 1, 62, 0.7908666681333262)
(0, 2, 1, 63, 0.4483402922304694)
(0, 2, 1, 64, 0.7042254823368626)
(0, 2, 1, 65, 0.35994219397164673)
(0, 2, 1, 66, 0.8640756148600127)
(0, 2, 1, 67, 0.23220929472208263)
(0, 2, 1, 68, 0.9787146360178987)
(0, 2, 1, 69, 0.8956870833573521)
(0, 2, 1, 70, 0.42077926064188204)
(0, 2, 1, 71, 0.33223351692212083)
(0, 2, 1, 72, 0.4605186634439336)
(0, 2, 1, 73, 0.7376779278392658)
(0, 2, 1, 74, 0.7204609022861945)
(0, 2, 1, 75, 0.951998235597693)
(0, 2, 1, 76, 0.22818329280689353)
(0, 2, 1, 77, 0.6401939569793258)
(0, 2, 1, 78, 0.3577701318549028)
(0, 2, 1, 79, 0.7677362595656806)
(0, 2, 1, 80, 0.18191541465387168)
(0, 2, 1, 81, 0.43380259781459557)
(0, 2, 1, 82, 0.4456408263380032)
(0, 2, 1, 83, 0.5816084721452425)
(0, 2, 1, 84, 0.5094006179448376)
(0, 2, 1, 85, 0.3404167088146818)
(0, 2, 1, 86, 0.9507429500664512)
(0, 2, 1, 87, 0.20334613772865745)
(0, 2, 1, 88, 0.5981790407326042)
(0, 2, 1, 89, 0.46111728202760516)
(0, 2, 1, 90, 0.5382170750652394)
(0, 2, 1, 91, 0.48889876354292866)
(0, 2, 1, 92, 0.8068406674585082)
(0, 2, 1, 93, 0.8835265596519745)
(0, 2, 1, 94, 0.17092283104440956)
(0, 2, 1, 95, 0.9492879236382414)
(0, 2, 1, 96, 0.540896750397708)
(0, 2, 1, 97, 0.35857096768824903)
(0, 2, 1, 98, 0.7105832452544965)
(0, 2, 1, 99, 0.5018235649114492)
(0, 2, 1, 100, 0.5976363564200561)
(0, 2, 1, 101, 0.20262091954147773)
(0, 2, 1, 102, 0.8098972374983109)
(0, 2, 1, 103, 0.9970034289895426)
(0, 2, 1, 104, 0.9045402596752011)
(0, 2, 1, 105, 0.4850226157100776)
(0, 2, 1, 106, 0.7330127856869382)
(0, 2, 1, 107, 0.39821004410739663)
(0, 2, 1, 108, 0.5296101734029134)
(0, 2, 1, 109, 0.9634159983385764)
(0, 2, 1, 110, 0.8790819913581024)
(0, 2, 1, 111, 0.8368007065077641)
(0, 2, 1, 112, 0.981382709147169)
(0, 2, 1, 113, 0.5377524765207525)
(0, 2, 1, 114, 0.9700346620697674)
(0, 2, 1, 115, 0.42101699518420505)
(0, 2, 1, 116, 0.443177030979397)
(0, 2, 1, 117, 0.7875671082181583)
(0, 2, 1, 118, 0.7033374712629668)
(0, 2, 1, 119, 0.722777549629317)
(0, 2, 1, 120, 0.9230975351142305)
(0, 2, 1, 121, 0.6014433366308848)
(0, 2, 1, 122, 0.8163074383045337)
(0, 2, 1, 123, 0.9128325455772094)
(0, 2, 1, 124, 0.6956409752821304)
(0, 2, 1, 125, 0.25905807271551107)
(0, 2, 1, 126, 0.17052053849409388)
(0, 2, 1, 127, 0.5438162785955442)
(0, 2, 1, 128, 0.2994228940270684)
(0, 2, 1, 129, 0.6268255541099795)
(0, 2, 1, 130, 0.33479920071173025)
(0, 2, 1, 131, 0.7523818295388159)
(0, 2, 1, 132, 0.8748771779358796)
(0, 2, 1, 133, 0.7997401558278796)
(0, 2, 1, 134, 0.5986053524071173)
(0, 2, 1, 135, 0.2877780555148016)
(0, 2, 1, 136, 0.7748037854726292)
(0, 2, 1, 137, 0.6363464242437822)
(0, 2, 1, 138, 0.546263012717039)
(0, 2, 1, 139, 0.31459907236201834)
(0, 2, 1, 140, 0.7690712369569718)
(0, 2, 1, 141, 0.9247378639227145)
(0, 2, 1, 142, 0.4144239247231484)
(0, 2, 1, 143, 0.9537237780953575)
(0, 2, 1, 144, 0.8744038733302081)
(0, 2, 1, 145, 0.2338930576321065)
(0, 2, 1, 146, 0.18911062569012388)
(0, 2, 1, 147, 0.34133566306153307)
(0, 2, 1, 148, 0.6989632575331431)
(0, 2, 1, 149, 0.3892296194468426)
(0, 2, 1, 150, 0.5445060331758187)
(0, 2, 1, 151, 0.7093357680235275)
(0, 2, 1, 152, 0.8942377688174367)
(0, 2, 1, 153, 0.5660433164533485)
(0, 2, 1, 154, 0.6666534276287416)
(0, 2, 1, 155, 0.7111890078137809)
(0, 2, 1, 156, 0.2424764046557356)
(0, 2, 1, 157, 0.9517128645069913)
(0, 2, 1, 158, 0.8808152628871301)
(0, 2, 1, 159, 0.7513981772667353)
(0, 2, 1, 160, 0.9882717310215344)
(0, 2, 1, 161, 0.9137169058544931)
(0, 2, 1, 162, 0.8919762543423353)
(0, 2, 1, 163, 0.6348675796612419)
(0, 2, 1, 164, 0.22978617003568305)
(0, 2, 1, 165, 0.40370882014496645)
(0, 2, 1, 166, 0.7443601869519432)
(0, 2, 1, 167, 0.445572547162512)
(0, 2, 1, 168, 0.6695529467855204)
(0, 2, 1, 169, 0.474318406106528)
(0, 2, 1, 170, 0.6349034412450113)
(0, 2, 1, 171, 0.5853703575026813)
(0, 2, 1, 172, 0.27364473474282236)
(0, 2, 1, 173, 0.8147502757692092)
(0, 2, 1, 174, 0.1789868397489451)
(0, 2, 1, 175, 0.9731943628959381)
(0, 2, 1, 176, 0.6373032327852752)
(0, 2, 1, 177, 0.891245933990895)
(0, 2, 1, 178, 0.559759627384992)
(0, 2, 1, 179, 0.19123161596155824)
(0, 2, 1, 180, 0.9891481056548065)
(0, 2, 1, 181, 0.45895226615182183)
(0, 2, 1, 182, 0.6160924050127252)
(0, 2, 1, 183, 0.7651821507372432)
(0, 2, 1, 184, 0.7889464416610036)
(0, 2, 1, 185, 0.46760273903050253)
(0, 2, 1, 186, 0.6613891415278407)
(0, 2, 1, 187, 0.5296024825400238)
(0, 2, 1, 188, 0.45137404852666074)
(0, 2, 1, 189, 0.9369216604348182)
(0, 2, 1, 190, 0.6717221211177473)
(0, 2, 1, 191, 0.3243967452325076)
(0, 2, 1, 192, 0.8225390866085438)
(0, 2, 1, 193, 0.4208283065221737)
(0, 2, 1, 194, 0.697478055071158)
(0, 2, 1, 195, 0.16461364245903376)
(0, 2, 1, 196, 0.4352607024055628)
(0, 2, 1, 197, 0.6258642684053335)
(0, 2, 1, 198, 0.47404790714867817)
(0, 2, 1, 199, 0.2806929284918915)
(0, 2, 1, 200, 0.4750785422425157)
(0, 2, 1, 201, 0.8875754564353098)
(0, 2, 1, 202, 0.8648409194210507)
(0, 2, 1, 203, 0.7214855441896819)
(0, 2, 1, 204, 0.7499555517430307)
(0, 2, 1, 205, 0.5325820412155535)
(0, 2, 1, 206, 1.0304879894002954)
(0, 2, 1, 207, 0.5446144373751695)
(0, 2, 1, 208, 0.8592171612322713)
(0, 2, 1, 209, 0.24486280898122476)
(0, 2, 1, 210, 0.40350267205551904)
(0, 2, 1, 211, 0.1721491960431851)
(0, 2, 1, 212, 0.4965935908179152)
(0, 2, 1, 213, 0.761561571157701)
(0, 2, 1, 214, 0.9485024028380283)
(0, 2, 1, 215, 0.40260313291981686)
(0, 2, 1, 216, 0.8652615843344624)
(0, 2, 1, 217, 0.5824032179300068)
(0, 2, 1, 218, 0.4088788665894731)
(0, 2, 1, 219, 0.7619621305050315)
(0, 2, 1, 220, 0.9769846467098747)
(0, 2, 1, 221, 0.6799930975546243)
(0, 2, 1, 222, 0.966459800187322)
(0, 2, 1, 223, 0.7882786317080703)
(0, 2, 1, 224, 0.7787030112495071)
(0, 2, 1, 225, 0.8203891377487951)
(0, 2, 1, 226, 0.8566409109329376)
(0, 2, 1, 227, 0.5574034828410512)
(0, 2, 1, 228, 0.7606838789407138)
(0, 2, 1, 229, 0.7861355684116006)
(0, 2, 1, 230, 0.22164515976989055)
(0, 2, 1, 231, 0.8560386116090382)
(0, 2, 1, 232, 0.7751292819494825)
(0, 2, 1, 233, 0.2682090823644292)
(0, 2, 1, 234, 0.24029481814583697)
(0, 2, 1, 235, 0.6734138004641761)
(0, 2, 1, 236, 0.7371183838466832)
(0, 2, 1, 237, 0.9343694148395346)
(0, 2, 1, 238, 0.8274243936182073)
(0, 2, 1, 239, 0.7629811456793621)
(0, 2, 1, 240, 0.6821065274465704)
(0, 2, 1, 241, 0.7352880389979588)
(0, 2, 1, 242, 0.9768637697254738)
(0, 2, 1, 243, 0.2503210734938533)
(0, 2, 1, 244, 0.8331868174292812)
(0, 2, 1, 245, 1.006208413108911)
(0, 2, 1, 246, 0.17223762646002105)
(0, 2, 1, 247, 0.8772782914540721)
(0, 2, 1, 248, 0.7510465986800375)
(0, 2, 1, 249, 0.16375379872417092)
(0, 3, 0, 0, 0.42640045311087815)
(0, 3, 0, 1, 0.6545518470472157)
(0, 3, 0, 2, 0.34807297594283293)
(0, 3, 0, 3, 0.4276121185613491)
(0, 3, 0, 4, 0.4186577233159095)
(0, 3, 0, 5, 0.43705552645972784)
(0, 3, 0, 6, 0.6995737876664454)
(0, 3, 0, 7, 0.42903557344402143)
(0, 3, 0, 8, 0.5305862402733118)
(0, 3, 0, 9, 0.651262607806871)
(0, 3, 0, 10, 0.5022131670774581)
(0, 3, 0, 11, 0.5600541556671409)
(0, 3, 0, 12, 0.4791191742324039)
(0, 3, 0, 13, 0.6077158474959349)
(0, 3, 0, 14, 0.6483972781240468)
(0, 3, 0, 15, 0.5005023314770023)
(0, 3, 0, 16, 0.488618436032731)
(0, 3, 0, 17, 0.636491666636848)
(0, 3, 0, 18, 0.4615334149812107)
(0, 3, 0, 19, 0.24799106107584284)
(0, 3, 0, 20, 0.3161941071984817)
(0, 3, 0, 21, 0.702486597805709)
(0, 3, 0, 22, 0.5273979889779122)
(0, 3, 0, 23, 0.5349375029732927)
(0, 3, 0, 24, 0.6606455767957655)
(0, 3, 0, 25, 0.3936641136633299)
(0, 3, 0, 26, 0.5015691541547201)
(0, 3, 0, 27, 0.6415493338794439)
(0, 3, 0, 28, 0.4122404988775716)
(0, 3, 0, 29, 0.5206337229034844)
(0, 3, 0, 30, 0.5585741604926686)
(0, 3, 0, 31, 0.6910957268180279)
(0, 3, 0, 32, 0.5711381243042248)
(0, 3, 0, 33, 0.4190115636931609)
(0, 3, 0, 34, 0.5519278435869215)
(0, 3, 0, 35, 0.4064525257030953)
(0, 3, 0, 36, 0.35730596321892977)
(0, 3, 0, 37, 0.27489565722869536)
(0, 3, 0, 38, 0.4918219736919101)
(0, 3, 0, 39, 0.43222906722977833)
(0, 3, 0, 40, 0.6770972279338182)
(0, 3, 0, 41, 0.3292977473074418)
(0, 3, 0, 42, 0.5694945874588299)
(0, 3, 0, 43, 0.6608656230804782)
(0, 3, 0, 44, 0.42834998490888876)
(0, 3, 0, 45, 0.6572440540052659)
(0, 3, 0, 46, 0.5481544598766303)
(0, 3, 0, 47, 0.33195593285585734)
(0, 3, 0, 48, 0.551451777273882)
(0, 3, 0, 49, 0.3143114408227962)
(0, 3, 0, 50, 0.7251055428383932)
(0, 3, 0, 51, 0.36963914023158884)
(0, 3, 0, 52, 0.38447826499644344)
(0, 3, 0, 53, 0.44320303460082683)
(0, 3, 0, 54, 0.536051325284693)
(0, 3, 0, 55, 0.455147244471431)
(0, 3, 0, 56, 0.5192741445672977)
(0, 3, 0, 57, 0.4477987111556258)
(0, 3, 0, 58, 0.7642037690940849)
(0, 3, 0, 59, 0.5445009040026247)
(0, 3, 0, 60, 0.5537136460034647)
(0, 3, 0, 61, 0.4857734286019494)
(0, 3, 0, 62, 0.29082238850175446)
(0, 3, 0, 63, 0.3028249830582473)
(0, 3, 0, 64, 0.5140028224693133)
(0, 3, 0, 65, 1.0253228876320526)
(0, 3, 0, 66, 0.5227240791355929)
(0, 3, 0, 67, 0.4959382522753082)
(0, 3, 0, 68, 0.6009002683631622)
(0, 3, 0, 69, 0.3935285112374829)
(0, 3, 0, 70, 0.4553581923605446)
(0, 3, 0, 71, 0.4822360606617831)
(0, 3, 0, 72, 0.5011167034196374)
(0, 3, 0, 73, 0.7464288997263865)
(0, 3, 0, 74, 0.3956977178867521)
(0, 3, 0, 75, 0.5173908925174484)
(0, 3, 0, 76, 0.682768321545269)
(0, 3, 0, 77, 0.4585150450187643)
(0, 3, 0, 78, 0.44431521682387826)
(0, 3, 0, 79, 0.3746297330956196)
(0, 3, 0, 80, 0.46803535443630107)
(0, 3, 0, 81, 0.4104240162869909)
(0, 3, 0, 82, 0.5533341238530438)
(0, 3, 0, 83, 0.3793966327103671)
(0, 3, 0, 84, 0.2641495484092967)
(0, 3, 0, 85, 0.3981858143426063)
(0, 3, 0, 86, 0.4278468197714127)
(0, 3, 0, 87, 0.5208670771572544)
(0, 3, 0, 88, 0.4561785924843449)
(0, 3, 0, 89, 0.6247486856368268)
(0, 3, 0, 90, 0.5219958149273314)
(0, 3, 0, 91, 0.4464776946743075)
(0, 3, 0, 92, 0.4905710516372477)
(0, 3, 0, 93, 0.5421551623292287)
(0, 3, 0, 94, 0.4975911586184796)
(0, 3, 0, 95, 0.565977956706809)
(0, 3, 0, 96, 0.5409614756152892)
(0, 3, 0, 97, 0.4694979026023873)
(0, 3, 0, 98, 0.6542721144659854)
(0, 3, 0, 99, 0.4841823127453449)
(0, 3, 0, 100, 0.5912988498122008)
(0, 3, 0, 101, 0.7261287492663281)
(0, 3, 0, 102, 0.49178532979203626)
(0, 3, 0, 103, 0.6665873170772467)
(0, 3, 0, 104, 0.476243973610195)
(0, 3, 0, 105, 0.5843590714587291)
(0, 3, 0, 106, 0.3762561869859752)
(0, 3, 0, 107, 0.4680227135943364)
(0, 3, 0, 108, 0.457366631220425)
(0, 3, 0, 109, 0.5445432922073082)
(0, 3, 0, 110, 0.4652774952093316)
(0, 3, 0, 111, 0.33376253448221477)
(0, 3, 0, 112, 0.3536562184003362)
(0, 3, 0, 113, 0.5133750753007279)
(0, 3, 0, 114, 0.36148252771116585)
(0, 3, 0, 115, 0.5049705437177138)
(0, 3, 0, 116, 0.4540847300004985)
(0, 3, 0, 117, 0.44650614778323033)
(0, 3, 0, 118, 0.46839306776679124)
(0, 3, 0, 119, 0.7353241983946393)
(0, 3, 0, 120, 0.7658354146281932)
(0, 3, 0, 121, 0.6845052313788434)
(0, 3, 0, 122, 0.4695652984641934)
(0, 3, 0, 123, 0.681420783042701)
(0, 3, 0, 124, 0.4566584347889217)
(0, 3, 0, 125, 0.33241438985576505)
(0, 3, 0, 126, 0.4727130476764996)
(0, 3, 0, 127, 0.793090224760371)
(0, 3, 0, 128, 0.5097480345113863)
(0, 3, 0, 129, 0.46688437015360185)
(0, 3, 0, 130, 0.40328583853203764)
(0, 3, 0, 131, 0.4410099290504966)
(0, 3, 0, 132, 0.357430937215655)
(0, 3, 0, 133, 0.582152035116675)
(0, 3, 0, 134, 0.5860313952545355)
(0, 3, 0, 135, 0.4967992490703633)
(0, 3, 0, 136, 0.5756388325169196)
(0, 3, 0, 137, 0.44487615744247805)
(0, 3, 0, 138, 0.3770889019409921)
(0, 3, 0, 139, 0.45592525958259933)
(0, 3, 0, 140, 0.3066102809397959)
(0, 3, 0, 141, 0.5325655080994441)
(0, 3, 0, 142, 0.38485085366054056)
(0, 3, 0, 143, 0.711252462132798)
(0, 3, 0, 144, 0.45193358421186425)
(0, 3, 0, 145, 0.5235977702642356)
(0, 3, 0, 146, 0.5020830204781455)
(0, 3, 0, 147, 0.4588137343446406)
(0, 3, 0, 148, 0.37786951062873736)
(0, 3, 0, 149, 0.3321832104667365)
(0, 3, 0, 150, 0.28489804976762895)
(0, 3, 0, 151, 0.45738300909210156)
(0, 3, 0, 152, 0.7681384148790146)
(0, 3, 0, 153, 0.46480986403943675)
(0, 3, 0, 154, 0.47083988725182624)
(0, 3, 0, 155, 0.5200819407993411)
(0, 3, 0, 156, 0.7308242531196836)
(0, 3, 0, 157, 0.49896363734231997)
(0, 3, 0, 158, 0.23852215905120155)
(0, 3, 0, 159, 0.6437240647295871)
(0, 3, 0, 160, 0.4914777687697413)
(0, 3, 0, 161, 0.4130098747072111)
(0, 3, 0, 162, 0.5541326581497167)
(0, 3, 0, 163, 0.6365409690861897)
(0, 3, 0, 164, 0.5380671073740207)
(0, 3, 0, 165, 0.36281892008342886)
(0, 3, 0, 166, 0.42877440561492053)
(0, 3, 0, 167, 0.5758708970279388)
(0, 3, 0, 168, 0.5532533764846576)
(0, 3, 0, 169, 0.4234584340225894)
(0, 3, 0, 170, 0.4814216949206858)
(0, 3, 0, 171, 0.5216323026962487)
(0, 3, 0, 172, 0.36203618323193165)
(0, 3, 0, 173, 0.18216901645720873)
(0, 3, 0, 174, 0.31370011382403235)
(0, 3, 0, 175, 0.8317708527527958)
(0, 3, 0, 176, 0.5669831557256612)
(0, 3, 0, 177, 0.5074134325897474)
(0, 3, 0, 178, 0.7284961600572422)
(0, 3, 0, 179, 0.4633279921743833)
(0, 3, 0, 180, 0.5898936458868022)
(0, 3, 0, 181, 0.3377283245595266)
(0, 3, 0, 182, 0.3865184734785788)
(0, 3, 0, 183, 0.3772636444465739)
(0, 3, 0, 184, 0.3468324764718425)
(0, 3, 0, 185, 0.5119033747726813)
(0, 3, 0, 186, 0.5580107240064861)
(0, 3, 0, 187, 0.45928130745266726)
(0, 3, 0, 188, 0.39452592883189086)
(0, 3, 0, 189, 0.4932325005425018)
(0, 3, 0, 190, 0.24743195215820485)
(0, 3, 0, 191, 0.4233705371787307)
(0, 3, 0, 192, 0.4401097075054148)
(0, 3, 0, 193, 0.6122884548510967)
(0, 3, 0, 194, 0.6426303254067862)
(0, 3, 0, 195, 0.5603485868516315)
(0, 3, 0, 196, 0.6985662665569455)
(0, 3, 0, 197, 0.6419508754932098)
(0, 3, 0, 198, 0.5161814251489667)
(0, 3, 0, 199, 0.49635968411344966)
(0, 3, 0, 200, 0.617349554576556)
(0, 3, 0, 201, 0.2661860708023791)
(0, 3, 0, 202, 0.6214713478699421)
(0, 3, 0, 203, 0.6545823192939279)
(0, 3, 0, 204, 0.48288378140797045)
(0, 3, 0, 205, 0.942328077547133)
(0, 3, 0, 206, 0.5555811130946534)
(0, 3, 0, 207, 0.31351883979377604)
(0, 3, 0, 208, 0.462010590713274)
(0, 3, 0, 209, 0.4814931514460684)
(0, 3, 0, 210, 0.5908014812702186)
(0, 3, 0, 211, 0.37792049183816656)
(0, 3, 0, 212, 0.5062302785237046)
(0, 3, 0, 213, 0.42085008973512866)
(0, 3, 0, 214, 0.8446960277032565)
(0, 3, 0, 215, 0.5117483161241073)
(0, 3, 0, 216, 0.5413519493530423)
(0, 3, 0, 217, 0.5042008869947999)
(0, 3, 0, 218, 0.40261879630068215)
(0, 3, 0, 219, 0.402465311193966)
(0, 3, 0, 220, 0.27846734758486447)
(0, 3, 0, 221, 0.3514634470369616)
(0, 3, 0, 222, 0.8038404778157247)
(0, 3, 0, 223, 0.6016113216170873)
(0, 3, 0, 224, 0.4793715652307747)
(0, 3, 0, 225, 0.3181515365208919)
(0, 3, 0, 226, 0.44025357176970537)
(0, 3, 0, 227, 0.6028661388180184)
(0, 3, 0, 228, 0.31736424084261244)
(0, 3, 0, 229, 0.8262104958995756)
(0, 3, 0, 230, 0.5834100344201416)
(0, 3, 0, 231, 0.6335309490042015)
(0, 3, 0, 232, 0.3877682629533707)
(0, 3, 0, 233, 0.3668949452255085)
(0, 3, 0, 234, 0.4862239976118673)
(0, 3, 0, 235, 0.5487354953581033)
(0, 3, 0, 236, 0.607699071895572)
(0, 3, 0, 237, 0.3658858788496592)
(0, 3, 0, 238, 0.4786710332750418)
(0, 3, 0, 239, 0.6720397388381056)
(0, 3, 0, 240, 0.3369127435665326)
(0, 3, 0, 241, 0.36977267203743297)
(0, 3, 0, 242, 0.523297136032112)
(0, 3, 0, 243, 0.8380104848166765)
(0, 3, 0, 244, 0.4745516088217323)
(0, 3, 0, 245, 0.505542447821034)
(0, 3, 0, 246, 0.34889354917111015)
(0, 3, 0, 247, 0.546200933740774)
(0, 3, 0, 248, 0.3913020894894543)
(0, 3, 0, 249, 0.5089083240025644)
(0, 3, 1, 0, 1.3603253684292322)
(0, 3, 1, 1, 1.1052802919242704)
(0, 3, 1, 2, 1.4714306584329557)
(0, 3, 1, 3, 1.4074738861116682)
(0, 3, 1, 4, 1.3739612641719008)
(0, 3, 1, 5, 1.406008885918571)
(0, 3, 1, 6, 1.3753311158025627)
(0, 3, 1, 7, 1.2717568150621505)
(0, 3, 1, 8, 1.1749989458971348)
(0, 3, 1, 9, 1.213992694800871)
(0, 3, 1, 10, 1.5863897219800194)
(0, 3, 1, 11, 1.3914123975024577)
(0, 3, 1, 12, 1.2028253463773988)
(0, 3, 1, 13, 1.5478821806203917)
(0, 3, 1, 14, 1.2714008364031066)
(0, 3, 1, 15, 1.2942973202708805)
(0, 3, 1, 16, 1.482343239810668)
(0, 3, 1, 17, 1.349450637044031)
(0, 3, 1, 18, 1.3097554860118577)
(0, 3, 1, 19, 1.2140227946861664)
(0, 3, 1, 20, 1.4908117448343636)
(0, 3, 1, 21, 1.2342389127176778)
(0, 3, 1, 22, 1.316828311678572)
(0, 3, 1, 23, 1.3193975303150982)
(0, 3, 1, 24, 1.2470333890232737)
(0, 3, 1, 25, 1.4071456557419464)
(0, 3, 1, 26, 1.3733108560583625)
(0, 3, 1, 27, 1.1976874379117766)
(0, 3, 1, 28, 1.1958556923306305)
(0, 3, 1, 29, 1.0324108910102525)
(0, 3, 1, 30, 1.120769615313248)
(0, 3, 1, 31, 1.4036021995745172)
(0, 3, 1, 32, 1.4712629327627713)
(0, 3, 1, 33, 1.0573016107780038)
(0, 3, 1, 34, 1.230474088565832)
(0, 3, 1, 35, 1.1751041644509352)
(0, 3, 1, 36, 1.0495328077989563)
(0, 3, 1, 37, 1.2124101677754324)
(0, 3, 1, 38, 1.476512552974758)
(0, 3, 1, 39, 1.2675446636097274)
(0, 3, 1, 40, 1.523049972843462)
(0, 3, 1, 41, 1.214371192686535)
(0, 3, 1, 42, 1.357344680945387)
(0, 3, 1, 43, 1.20445894016929)
(0, 3, 1, 44, 1.368880762974052)
(0, 3, 1, 45, 1.1882719110542725)
(0, 3, 1, 46, 1.2565260522645816)
(0, 3, 1, 47, 1.2369942190046503)
(0, 3, 1, 48, 1.3394357084515673)
(0, 3, 1, 49, 1.2857334790798085)
(0, 3, 1, 50, 1.280240070689982)
(0, 3, 1, 51, 1.2207056330328772)
(0, 3, 1, 52, 1.1314292712861405)
(0, 3, 1, 53, 1.344738688390151)
(0, 3, 1, 54, 1.4368775016410649)
(0, 3, 1, 55, 1.400340084202375)
(0, 3, 1, 56, 1.3878284029239067)
(0, 3, 1, 57, 1.469140132854473)
(0, 3, 1, 58, 1.533592655600083)
(0, 3, 1, 59, 1.3140839376623479)
(0, 3, 1, 60, 1.2263530064806962)
(0, 3, 1, 61, 1.366034075464609)
(0, 3, 1, 62, 1.1922957606316673)
(0, 3, 1, 63, 1.2066081720650277)
(0, 3, 1, 64, 1.1553577722894026)
(0, 3, 1, 65, 1.26342391335483)
(0, 3, 1, 66, 1.4284176526153114)
(0, 3, 1, 67, 1.430875946267563)
(0, 3, 1, 68, 1.494327222966182)
(0, 3, 1, 69, 1.512650648259544)
(0, 3, 1, 70, 1.4419811521907167)
(0, 3, 1, 71, 1.0691348627889419)
(0, 3, 1, 72, 1.3030534212791838)
(0, 3, 1, 73, 1.245219684286425)
(0, 3, 1, 74, 1.5558486778070733)
(0, 3, 1, 75, 1.3448901912523878)
(0, 3, 1, 76, 1.3516069357243077)
(0, 3, 1, 77, 1.252583657390194)
(0, 3, 1, 78, 1.3905396631743194)
(0, 3, 1, 79, 1.2058358338734059)
(0, 3, 1, 80, 1.2945008590195788)
(0, 3, 1, 81, 1.3546246357251372)
(0, 3, 1, 82, 1.3497153655068201)
(0, 3, 1, 83, 1.4600363339070077)
(0, 3, 1, 84, 1.3570428305972762)
(0, 3, 1, 85, 1.0845872464425852)
(0, 3, 1, 86, 1.3171763633478808)
(0, 3, 1, 87, 1.336976763002695)
(0, 3, 1, 88, 1.0040586839811858)
(0, 3, 1, 89, 1.138501777963265)
(0, 3, 1, 90, 1.4793990605690357)
(0, 3, 1, 91, 1.3998149803437858)
(0, 3, 1, 92, 1.4462087432942246)
(0, 3, 1, 93, 1.4330921365148819)
(0, 3, 1, 94, 1.406506384024226)
(0, 3, 1, 95, 1.154765836396915)
(0, 3, 1, 96, 1.468891145304861)
(0, 3, 1, 97, 1.3275016825453019)
(0, 3, 1, 98, 1.0107286438575955)
(0, 3, 1, 99, 1.4320335729949925)
(0, 3, 1, 100, 1.3055172591022626)
(0, 3, 1, 101, 1.4005836935363836)
(0, 3, 1, 102, 1.288311139843732)
(0, 3, 1, 103, 1.3687095355019538)
(0, 3, 1, 104, 1.5299254985972013)
(0, 3, 1, 105, 1.0406753082428084)
(0, 3, 1, 106, 1.0775799932598933)
(0, 3, 1, 107, 1.4817197950710033)
(0, 3, 1, 108, 1.2651981235572525)
(0, 3, 1, 109, 1.408761496056569)
(0, 3, 1, 110, 1.4663125585794685)
(0, 3, 1, 111, 1.5258021504927268)
(0, 3, 1, 112, 1.3193972193320693)
(0, 3, 1, 113, 1.1920808062948054)
(0, 3, 1, 114, 1.4701922048706397)
(0, 3, 1, 115, 1.045729187569748)
(0, 3, 1, 116, 1.353368993974319)
(0, 3, 1, 117, 1.443553474962608)
(0, 3, 1, 118, 1.4661120264817353)
(0, 3, 1, 119, 1.2454548777046004)
(0, 3, 1, 120, 1.5943912035959755)
(0, 3, 1, 121, 1.4902332012577553)
(0, 3, 1, 122, 1.2215326424001267)
(0, 3, 1, 123, 1.2192698174110763)
(0, 3, 1, 124, 0.962460744058473)
(0, 3, 1, 125, 1.429794570373103)
(0, 3, 1, 126, 1.451851271277307)
(0, 3, 1, 127, 1.3974199126795779)
(0, 3, 1, 128, 1.4156765330066057)
(0, 3, 1, 129, 1.0828505523511198)
(0, 3, 1, 130, 1.0763019262991025)
(0, 3, 1, 131, 1.2135564683416629)
(0, 3, 1, 132, 1.2533750725237536)
(0, 3, 1, 133, 1.2694274968261847)
(0, 3, 1, 134, 1.090173157869936)
(0, 3, 1, 135, 1.5630327157449397)
(0, 3, 1, 136, 1.1564042645325519)
(0, 3, 1, 137, 0.7251791993538058)
(0, 3, 1, 138, 1.1252060314621202)
(0, 3, 1, 139, 1.447668886236633)
(0, 3, 1, 140, 1.0574028025245261)
(0, 3, 1, 141, 1.4269835626915317)
(0, 3, 1, 142, 1.3604620066796234)
(0, 3, 1, 143, 1.309382453402292)
(0, 3, 1, 144, 1.2948721993296275)
(0, 3, 1, 145, 1.2689891857377122)
(0, 3, 1, 146, 1.2575795945189774)
(0, 3, 1, 147, 1.3985206184479066)
(0, 3, 1, 148, 1.2770766452141908)
(0, 3, 1, 149, 1.0480331388312893)
(0, 3, 1, 150, 1.1246736370209334)
(0, 3, 1, 151, 1.2917941705776619)
(0, 3, 1, 152, 1.2669188349793188)
(0, 3, 1, 153, 1.2958895679683575)
(0, 3, 1, 154, 1.1304439351331648)
(0, 3, 1, 155, 1.2926878211779957)
(0, 3, 1, 156, 1.4903293435688114)
(0, 3, 1, 157, 1.429112505927475)
(0, 3, 1, 158, 1.2525388860688893)
(0, 3, 1, 159, 1.2576177311505563)
(0, 3, 1, 160, 1.5048136702940913)
(0, 3, 1, 161, 1.2574167536280483)
(0, 3, 1, 162, 1.2438448038842764)
(0, 3, 1, 163, 1.2096277980058092)
(0, 3, 1, 164, 1.4391885963041489)
(0, 3, 1, 165, 1.2527276414010842)
(0, 3, 1, 166, 1.4582917489805736)
(0, 3, 1, 167, 1.4426950929197335)
(0, 3, 1, 168, 1.3783951680380262)
(0, 3, 1, 169, 1.2980483138233547)
(0, 3, 1, 170, 1.3004494766820238)
(0, 3, 1, 171, 1.064022068607987)
(0, 3, 1, 172, 1.439157628648126)
(0, 3, 1, 173, 1.398232143559748)
(0, 3, 1, 174, 1.3139883371385723)
(0, 3, 1, 175, 1.2508949867889954)
(0, 3, 1, 176, 1.0656492068282888)
(0, 3, 1, 177, 1.3167688761683674)
(0, 3, 1, 178, 1.2883586367461088)
(0, 3, 1, 179, 1.2703880186005196)
(0, 3, 1, 180, 1.2367911341180864)
(0, 3, 1, 181, 1.6489576938865125)
(0, 3, 1, 182, 1.4011502681678605)
(0, 3, 1, 183, 1.6005684005436394)
(0, 3, 1, 184, 1.1082099195873014)
(0, 3, 1, 185, 1.3989057710148756)
(0, 3, 1, 186, 1.3846805095858838)
(0, 3, 1, 187, 1.2952050767961902)
(0, 3, 1, 188, 1.368612116016632)
(0, 3, 1, 189, 1.218049040472499)
(0, 3, 1, 190, 1.4944877146999462)
(0, 3, 1, 191, 1.3594175022694028)
(0, 3, 1, 192, 1.0958236028415056)
(0, 3, 1, 193, 1.1727869620257738)
(0, 3, 1, 194, 1.549898195348382)
(0, 3, 1, 195, 1.4433736981222063)
(0, 3, 1, 196, 1.2994818798546268)
(0, 3, 1, 197, 1.2722686559011276)
(0, 3, 1, 198, 1.2290679635708337)
(0, 3, 1, 199, 1.3204586725196967)
(0, 3, 1, 200, 1.3043566556828097)
(0, 3, 1, 201, 1.3587691464534883)
(0, 3, 1, 202, 1.429036468596544)
(0, 3, 1, 203, 1.274297958047813)
(0, 3, 1, 204, 0.9833012010923364)
(0, 3, 1, 205, 1.4380782722799514)
(0, 3, 1, 206, 1.4468810547648956)
(0, 3, 1, 207, 1.2097775185335378)
(0, 3, 1, 208, 1.4759631587561863)
(0, 3, 1, 209, 1.3158181351350104)
(0, 3, 1, 210, 1.1642543719489098)
(0, 3, 1, 211, 1.2941407874338682)
(0, 3, 1, 212, 1.3821254294753764)
(0, 3, 1, 213, 1.4295369118743448)
(0, 3, 1, 214, 1.5239393486198858)
(0, 3, 1, 215, 1.3873164825025281)
(0, 3, 1, 216, 1.2624415450538602)
(0, 3, 1, 217, 1.0122769444024877)
(0, 3, 1, 218, 1.409025976858185)
(0, 3, 1, 219, 1.0434251713840808)
(0, 3, 1, 220, 1.406744393409172)
(0, 3, 1, 221, 1.3103394174159453)
(0, 3, 1, 222, 1.4008587569396673)
(0, 3, 1, 223, 1.144703073221974)
(0, 3, 1, 224, 1.2922461014935616)
(0, 3, 1, 225, 1.5085694004486288)
(0, 3, 1, 226, 1.4279879452727764)
(0, 3, 1, 227, 1.3017158158591378)
(0, 3, 1, 228, 1.1834443161001367)
(0, 3, 1, 229, 1.2997628383332667)
(0, 3, 1, 230, 1.3190619127247496)
(0, 3, 1, 231, 1.2352438841850981)
(0, 3, 1, 232, 1.2721458567586035)
(0, 3, 1, 233, 1.066265346605127)
(0, 3, 1, 234, 1.2639227926833705)
(0, 3, 1, 235, 1.2333461186531467)
(0, 3, 1, 236, 1.168464654405457)
(0, 3, 1, 237, 1.0944172309786708)
(0, 3, 1, 238, 1.413155874721639)
(0, 3, 1, 239, 1.1438179031144486)
(0, 3, 1, 240, 1.4690751901207135)
(0, 3, 1, 241, 1.0834023894250273)
(0, 3, 1, 242, 1.5111801829573948)
(0, 3, 1, 243, 1.5523309081042997)
(0, 3, 1, 244, 1.6665327182861318)
(0, 3, 1, 245, 1.0190458419534834)
(0, 3, 1, 246, 1.5730367474542377)
(0, 3, 1, 247, 1.1517067259845999)
(0, 3, 1, 248, 1.3974601211612463)
(0, 3, 1, 249, 1.28419815274866)
(0, 4, 0, 0, 0.5098057859710274)
(0, 4, 0, 1, 0.45762231372741524)
(0, 4, 0, 2, 0.3575501828318485)
(0, 4, 0, 3, 0.5714304542554335)
(0, 4, 0, 4, 0.599123520595413)
(0, 4, 0, 5, 0.5532039441098633)
(0, 4, 0, 6, 1.1533156669059605)
(0, 4, 0, 7, 0.7027094116114749)
(0, 4, 0, 8, 0.36231325067837983)
(0, 4, 0, 9, 0.6876868213356025)
(0, 4, 0, 10, 0.44378150026938934)
(0, 4, 0, 11, 0.4234614556208295)
(0, 4, 0, 12, 0.5998428597085654)
(0, 4, 0, 13, 0.744196516029992)
(0, 4, 0, 14, 0.989600262968075)
(0, 4, 0, 15, 0.30409385484441387)
(0, 4, 0, 16, 0.6127847087029274)
(0, 4, 0, 17, 0.7069832881916399)
(0, 4, 0, 18, 0.9780523963245329)
(0, 4, 0, 19, 0.5401208147032398)
(0, 4, 0, 20, 0.5241471415225215)
(0, 4, 0, 21, 0.6888481435137305)
(0, 4, 0, 22, 0.6149437283295629)
(0, 4, 0, 23, 0.8010156506131715)
(0, 4, 0, 24, 0.5688128439683147)
(0, 4, 0, 25, 0.2579637280298986)
(0, 4, 0, 26, 0.371595884939308)
(0, 4, 0, 27, 1.2707188623792847)
(0, 4, 0, 28, 0.8374568018932507)
(0, 4, 0, 29, 0.7903276994350018)
(0, 4, 0, 30, 0.7506550788902996)
(0, 4, 0, 31, 0.5171707109850051)
(0, 4, 0, 32, 0.800161841300484)
(0, 4, 0, 33, 0.49819111209030525)
(0, 4, 0, 34, 0.38028053338734247)
(0, 4, 0, 35, 0.18385428875043122)
(0, 4, 0, 36, 0.3139037324393708)
(0, 4, 0, 37, 0.39731025523881)
(0, 4, 0, 38, 0.39862451315882275)
(0, 4, 0, 39, 0.48121334800673204)
(0, 4, 0, 40, 0.985826706027226)
(0, 4, 0, 41, 0.3733162171380992)
(0, 4, 0, 42, 0.5625691222896877)
(0, 4, 0, 43, 0.6742250060948964)
(0, 4, 0, 44, 0.42722827128141017)
(0, 4, 0, 45, 0.7695607898772455)
(0, 4, 0, 46, 0.6667333533720862)
(0, 4, 0, 47, 0.45590366592585346)
(0, 4, 0, 48, 0.4863455300955297)
(0, 4, 0, 49, 0.5975812547860304)
(0, 4, 0, 50, 0.8056114091494826)
(0, 4, 0, 51, 0.746039887196657)
(0, 4, 0, 52, 0.7043238236807555)
(0, 4, 0, 53, 0.6409665112918583)
(0, 4, 0, 54, 0.7993752665723752)
(0, 4, 0, 55, 0.6044976381271053)
(0, 4, 0, 56, 0.47728415595818413)
(0, 4, 0, 57, 0.6914748892926387)
(0, 4, 0, 58, 0.6695706168676591)
(0, 4, 0, 59, 0.7557575628707541)
(0, 4, 0, 60, 0.8821015486478878)
(0, 4, 0, 61, 0.5677870411347793)
(0, 4, 0, 62, 0.2899491942527907)
(0, 4, 0, 63, 0.406152280944733)
(0, 4, 0, 64, 0.5872036323427917)
(0, 4, 0, 65, 1.0260267542719506)
(0, 4, 0, 66, 0.7127745072845364)
(0, 4, 0, 67, 0.34278701634991504)
(0, 4, 0, 68, 0.6044907735377368)
(0, 4, 0, 69, 0.7765379063471214)
(0, 4, 0, 70, 0.5081143986686013)
(0, 4, 0, 71, 0.7621576267446951)
(0, 4, 0, 72, 0.6749508731807095)
(0, 4, 0, 73, 0.5255750454945518)
(0, 4, 0, 74, 0.4298285042190882)
(0, 4, 0, 75, 0.6153407070488445)
(0, 4, 0, 76, 0.8616095295730508)
(0, 4, 0, 77, 0.8592740284959194)
(0, 4, 0, 78, 0.4421769899304913)
(0, 4, 0, 79, 0.7865322421216063)
(0, 4, 0, 80, 0.8191932180942121)
(0, 4, 0, 81, 0.6966928498521924)
(0, 4, 0, 82, 1.3889582620380985)
(0, 4, 0, 83, 0.6477023437881765)
(0, 4, 0, 84, 0.5961963449893781)
(0, 4, 0, 85, 0.6107293154308252)
(0, 4, 0, 86, 0.3697471063129687)
(0, 4, 0, 87, 0.572383665144738)
(0, 4, 0, 88, 0.2800929559461156)
(0, 4, 0, 89, 0.6210158337120169)
(0, 4, 0, 90, 0.5371080093904995)
(0, 4, 0, 91, 0.39250658460611154)
(0, 4, 0, 92, 0.5414373185626005)
(0, 4, 0, 93, 0.5500158333779755)
(0, 4, 0, 94, 0.5044094023907231)
(0, 4, 0, 95, 0.3993435794452933)
(0, 4, 0, 96, 0.549974150531073)
(0, 4, 0, 97, 0.7000748195643194)
(0, 4, 0, 98, 1.0874352195900878)
(0, 4, 0, 99, 0.6121390631339129)
(0, 4, 0, 100, 0.5470623131572114)
(0, 4, 0, 101, 0.7408500161939433)
(0, 4, 0, 102, 0.3917430053056637)
(0, 4, 0, 103, 0.3252694174368929)
(0, 4, 0, 104, 0.5751917976294354)
(0, 4, 0, 105, 0.6187019544320945)
(0, 4, 0, 106, 0.48749768775122704)
(0, 4, 0, 107, 0.46816148843410055)
(0, 4, 0, 108, 0.44528860417973265)
(0, 4, 0, 109, 0.5872608104446093)
(0, 4, 0, 110, 0.8060518151592349)
(0, 4, 0, 111, 0.49869470518345776)
(0, 4, 0, 112, 0.5934582095123634)
(0, 4, 0, 113, 0.7207547686062196)
(0, 4, 0, 114, 0.3650721374771384)
(0, 4, 0, 115, 0.5347656641924992)
(0, 4, 0, 116, 0.39884285868284347)
(0, 4, 0, 117, 0.46035422693370465)
(0, 4, 0, 118, 0.7177752860475692)
(0, 4, 0, 119, 0.5497569644613647)
(0, 4, 0, 120, 1.0394606364611734)
(0, 4, 0, 121, 0.8516749204143088)
(0, 4, 0, 122, 0.5622867548953504)
(0, 4, 0, 123, 0.9109064419173696)
(0, 4, 0, 124, 0.34750024987093786)
(0, 4, 0, 125, 0.3208653856523696)
(0, 4, 0, 126, 0.5151728251593611)
(0, 4, 0, 127, 0.47572131714535404)
(0, 4, 0, 128, 0.5687585474629413)
(0, 4, 0, 129, 0.44225271775657604)
(0, 4, 0, 130, 0.7220721889702094)
(0, 4, 0, 131, 0.5933082264478275)
(0, 4, 0, 132, 0.6911102794863977)
(0, 4, 0, 133, 0.5479544284520912)
(0, 4, 0, 134, 0.5528091463923748)
(0, 4, 0, 135, 0.6933945568602226)
(0, 4, 0, 136, 0.4472214199685832)
(0, 4, 0, 137, 0.8523313254901563)
(0, 4, 0, 138, 0.4887614589321673)
(0, 4, 0, 139, 0.8088033409825032)
(0, 4, 0, 140, 0.4438561625742391)
(0, 4, 0, 141, 0.7266158779441795)
(0, 4, 0, 142, 0.844149766526419)
(0, 4, 0, 143, 0.6071898168595005)
(0, 4, 0, 144, 0.44414426913291793)
(0, 4, 0, 145, 0.4922713277671005)
(0, 4, 0, 146, 0.6018477851704479)
(0, 4, 0, 147, 0.4797691958529411)
(0, 4, 0, 148, 0.46080183894370447)
(0, 4, 0, 149, 0.38659523778508736)
(0, 4, 0, 150, 0.8698938718478464)
(0, 4, 0, 151, 0.31916217947340914)
(0, 4, 0, 152, 0.5976531100172499)
(0, 4, 0, 153, 0.7122887443577146)
(0, 4, 0, 154, 0.5333109922558319)
(0, 4, 0, 155, 0.5678602451622164)
(0, 4, 0, 156, 0.7180565190353345)
(0, 4, 0, 157, 0.4396376138520232)
(0, 4, 0, 158, 0.3102818538233702)
(0, 4, 0, 159, 0.6159070776969612)
(0, 4, 0, 160, 0.5682440351413561)
(0, 4, 0, 161, 0.750276500504091)
(0, 4, 0, 162, 0.8914046105370795)
(0, 4, 0, 163, 0.7902135991032742)
(0, 4, 0, 164, 0.6983719370088286)
(0, 4, 0, 165, 0.36799028445155185)
(0, 4, 0, 166, 0.5478558911826984)
(0, 4, 0, 167, 0.7381099808862054)
(0, 4, 0, 168, 0.828871387584686)
(0, 4, 0, 169, 0.49776070942969225)
(0, 4, 0, 170, 0.9888705935962082)
(0, 4, 0, 171, 0.5229812917234073)
(0, 4, 0, 172, 0.7402248640396302)
(0, 4, 0, 173, 0.6273401397442224)
(0, 4, 0, 174, 0.74496305903007)
(0, 4, 0, 175, 0.8760734191543643)
(0, 4, 0, 176, 0.4175589667135755)
(0, 4, 0, 177, 0.42426789677700394)
(0, 4, 0, 178, 0.5083676858553798)
(0, 4, 0, 179, 0.35042226073885213)
(0, 4, 0, 180, 0.7347699730270426)
(0, 4, 0, 181, 0.5997195885011725)
(0, 4, 0, 182, 0.34856506153500505)
(0, 4, 0, 183, 0.7056296154981658)
(0, 4, 0, 184, 0.3856748867259102)
(0, 4, 0, 185, 0.6007129410268374)
(0, 4, 0, 186, 0.5215629979226523)
(0, 4, 0, 187, 0.7559008184221964)
(0, 4, 0, 188, 0.28027659126527604)
(0, 4, 0, 189, 0.4034852845810796)
(0, 4, 0, 190, 0.5490244875787531)
(0, 4, 0, 191, 0.6282591786884204)
(0, 4, 0, 192, 0.643856973558113)
(0, 4, 0, 193, 0.4700640403646646)
(0, 4, 0, 194, 0.5901643303976056)
(0, 4, 0, 195, 0.6159022660741855)
(0, 4, 0, 196, 0.4445477003743854)
(0, 4, 0, 197, 0.7439768096087792)
(0, 4, 0, 198, 0.7556851428732396)
(0, 4, 0, 199, 0.38483350951964485)
(0, 4, 0, 200, 0.8437867440617125)
(0, 4, 0, 201, 0.4924464899170226)
(0, 4, 0, 202, 1.0282746306341404)
(0, 4, 0, 203, 0.7557391438399587)
(0, 4, 0, 204, 0.6214194148994827)
(0, 4, 0, 205, 0.5418611083425853)
(0, 4, 0, 206, 0.3973589577349036)
(0, 4, 0, 207, 0.48405340174108386)
(0, 4, 0, 208, 0.8944128457137474)
(0, 4, 0, 209, 0.570531281055572)
(0, 4, 0, 210, 0.36637957923465864)
(0, 4, 0, 211, 0.27091952559472027)
(0, 4, 0, 212, 0.6379842662703094)
(0, 4, 0, 213, 0.6349204163801073)
(0, 4, 0, 214, 1.1525548141023065)
(0, 4, 0, 215, 0.8570801074254898)
(0, 4, 0, 216, 0.4622215119211459)
(0, 4, 0, 217, 0.8927789246518474)
(0, 4, 0, 218, 0.747641007546363)
(0, 4, 0, 219, 0.47431728571950754)
(0, 4, 0, 220, 0.41609825932495736)
(0, 4, 0, 221, 0.6213668511918632)
(0, 4, 0, 222, 0.8937200841005464)
(0, 4, 0, 223, 0.5076986625051023)
(0, 4, 0, 224, 0.45622923557454337)
(0, 4, 0, 225, 0.6106416124132467)
(0, 4, 0, 226, 0.6791322796949887)
(0, 4, 0, 227, 0.632501290356045)
(0, 4, 0, 228, 0.41944166907520736)
(0, 4, 0, 229, 0.8791271690274923)
(0, 4, 0, 230, 0.8816967979952635)
(0, 4, 0, 231, 0.8456048895593298)
(0, 4, 0, 232, 0.5034282320168814)
(0, 4, 0, 233, 0.6184002092778391)
(0, 4, 0, 234, 0.6041227674895505)
(0, 4, 0, 235, 0.8549645171927645)
(0, 4, 0, 236, 0.33522066830969616)
(0, 4, 0, 237, 0.4655238300929719)
(0, 4, 0, 238, 0.7005681796430707)
(0, 4, 0, 239, 0.9620279305616403)
(0, 4, 0, 240, 0.47754712632918594)
(0, 4, 0, 241, 0.14986373798621064)
(0, 4, 0, 242, 0.5971894223878824)
(0, 4, 0, 243, 1.1120748960528979)
(0, 4, 0, 244, 0.6122416937203309)
(0, 4, 0, 245, 0.6838214581226716)
(0, 4, 0, 246, 0.2965333320343969)
(0, 4, 0, 247, 0.7496054392264035)
(0, 4, 0, 248, 0.32475912687524705)
(0, 4, 0, 249, 0.6870137500951934)
(0, 4, 1, 0, 1.882961160170421)
(0, 4, 1, 1, 1.4250936526032907)
(0, 4, 1, 2, 2.218772636939311)
(0, 4, 1, 3, 1.7423691657285807)
(0, 4, 1, 4, 1.6998520933689834)
(0, 4, 1, 5, 2.1638069147073677)
(0, 4, 1, 6, 1.4390585031312548)
(0, 4, 1, 7, 1.2369280687400903)
(0, 4, 1, 8, 1.4034104197744035)
(0, 4, 1, 9, 1.416378077147574)
(0, 4, 1, 10, 1.6052062166413597)
(0, 4, 1, 11, 1.8245476854476999)
(0, 4, 1, 12, 1.3454910366388018)
(0, 4, 1, 13, 1.4797777711780846)
(0, 4, 1, 14, 1.2561532880418471)
(0, 4, 1, 15, 1.3352576754459777)
(0, 4, 1, 16, 1.577463937927769)
(0, 4, 1, 17, 2.1785305692354937)
(0, 4, 1, 18, 1.7466666727436753)
(0, 4, 1, 19, 2.105531732391306)
(0, 4, 1, 20, 1.4795854838581022)
(0, 4, 1, 21, 2.028655338894189)
(0, 4, 1, 22, 1.8320910251306108)
(0, 4, 1, 23, 1.6637547703537912)
(0, 4, 1, 24, 1.346944778848478)
(0, 4, 1, 25, 1.9798734673024148)
(0, 4, 1, 26, 1.4970763742616051)
(0, 4, 1, 27, 1.9668036464074445)
(0, 4, 1, 28, 1.467483010337501)
(0, 4, 1, 29, 1.5643080553050313)
(0, 4, 1, 30, 1.3169054630648127)
(0, 4, 1, 31, 2.1605749961585823)
(0, 4, 1, 32, 2.2433090983204096)
(0, 4, 1, 33, 1.8601247731660548)
(0, 4, 1, 34, 1.3140002946593752)
(0, 4, 1, 35, 2.038333314021442)
(0, 4, 1, 36, 1.9978072703262824)
(0, 4, 1, 37, 1.2112191680590665)
(0, 4, 1, 38, 2.2395551683266928)
(0, 4, 1, 39, 1.2295556230273708)
(0, 4, 1, 40, 1.662905347828586)
(0, 4, 1, 41, 1.2909272672004175)
(0, 4, 1, 42, 2.13785706387595)
(0, 4, 1, 43, 1.5668358161239668)
(0, 4, 1, 44, 1.6901544943471685)
(0, 4, 1, 45, 1.2960766354777071)
(0, 4, 1, 46, 2.038449185371802)
(0, 4, 1, 47, 1.3843691094606598)
(0, 4, 1, 48, 2.0356573357740073)
(0, 4, 1, 49, 2.082585737625797)
(0, 4, 1, 50, 1.6727241780761872)
(0, 4, 1, 51, 1.3069700335173005)
(0, 4, 1, 52, 1.3081309331683466)
(0, 4, 1, 53, 1.9324965196623594)
(0, 4, 1, 54, 2.2264435139796985)
(0, 4, 1, 55, 1.7073026446842652)
(0, 4, 1, 56, 1.5870319892009441)
(0, 4, 1, 57, 1.6386067662892347)
(0, 4, 1, 58, 1.6143182985251299)
(0, 4, 1, 59, 1.2158019410781298)
(0, 4, 1, 60, 1.481118480204984)
(0, 4, 1, 61, 1.529177664524513)
(0, 4, 1, 62, 1.3750448512294822)
(0, 4, 1, 63, 1.4481799647851084)
(0, 4, 1, 64, 1.3478186294931043)
(0, 4, 1, 65, 1.4837659863274766)
(0, 4, 1, 66, 1.6235539683181934)
(0, 4, 1, 67, 2.1755377869317543)
(0, 4, 1, 68, 1.6116969547652005)
(0, 4, 1, 69, 1.582908091524497)
(0, 4, 1, 70, 1.6163748377975196)
(0, 4, 1, 71, 2.0226379695704213)
(0, 4, 1, 72, 1.5139036671349881)
(0, 4, 1, 73, 1.296255457077997)
(0, 4, 1, 74, 1.5537868462066866)
(0, 4, 1, 75, 1.2477926674895412)
(0, 4, 1, 76, 1.9740226830819965)
(0, 4, 1, 77, 1.4146632931233538)
(0, 4, 1, 78, 1.6638755581943538)
(0, 4, 1, 79, 1.6771834170618116)
(0, 4, 1, 80, 2.039766031778885)
(0, 4, 1, 81, 2.3059469012777596)
(0, 4, 1, 82, 2.0924812867344342)
(0, 4, 1, 83, 2.0827853332071347)
(0, 4, 1, 84, 1.4693189618734683)
(0, 4, 1, 85, 1.8024440811510802)
(0, 4, 1, 86, 1.2997468689052425)
(0, 4, 1, 87, 1.942036037674177)
(0, 4, 1, 88, 1.376773708766921)
(0, 4, 1, 89, 1.8291061488891922)
(0, 4, 1, 90, 1.4501894811904457)
(0, 4, 1, 91, 1.8111673332383247)
(0, 4, 1, 92, 1.61716310670878)
(0, 4, 1, 93, 1.589082394396233)
(0, 4, 1, 94, 2.035468000874598)
(0, 4, 1, 95, 1.284576715166831)
(0, 4, 1, 96, 1.656093229180315)
(0, 4, 1, 97, 1.645131665339442)
(0, 4, 1, 98, 1.5225732169393587)
(0, 4, 1, 99, 2.0093715183872276)
(0, 4, 1, 100, 1.4607126168606173)
(0, 4, 1, 101, 1.9729906034443723)
(0, 4, 1, 102, 1.272172023831496)
(0, 4, 1, 103, 1.6370871047490028)
(0, 4, 1, 104, 1.618433803704849)
(0, 4, 1, 105, 1.5616522011713443)
(0, 4, 1, 106, 1.6236597609462877)
(0, 4, 1, 107, 2.3814250556003045)
(0, 4, 1, 108, 1.4332269629458343)
(0, 4, 1, 109, 1.6134771992863084)
(0, 4, 1, 110, 1.6003829697789416)
(0, 4, 1, 111, 1.6775371195557511)
(0, 4, 1, 112, 1.2204991547793058)
(0, 4, 1, 113, 2.0255804414215217)
(0, 4, 1, 114, 1.6179817639507503)
(0, 4, 1, 115, 1.5596017883946622)
(0, 4, 1, 116, 1.7890939675601691)
(0, 4, 1, 117, 1.7623930730685955)
(0, 4, 1, 118, 2.1779999380098607)
(0, 4, 1, 119, 1.3118644650208713)
(0, 4, 1, 120, 1.6935911072216736)
(0, 4, 1, 121, 1.6161080453912267)
(0, 4, 1, 122, 1.3292709562099667)
(0, 4, 1, 123, 1.2541339954097448)
(0, 4, 1, 124, 1.7375765805480068)
(0, 4, 1, 125, 1.7394334427213187)
(0, 4, 1, 126, 2.0728148587672757)
(0, 4, 1, 127, 1.7021135496563093)
(0, 4, 1, 128, 1.6826419309414458)
(0, 4, 1, 129, 1.30622596483406)
(0, 4, 1, 130, 1.7072973478444544)
(0, 4, 1, 131, 1.2767265368905105)
(0, 4, 1, 132, 1.6374038943618627)
(0, 4, 1, 133, 1.3075426625363007)
(0, 4, 1, 134, 1.3513821872744043)
(0, 4, 1, 135, 2.260193546703368)
(0, 4, 1, 136, 1.2861561128778936)
(0, 4, 1, 137, 1.2876395692083622)
(0, 4, 1, 138, 1.9948092369630714)
(0, 4, 1, 139, 1.777524148706675)
(0, 4, 1, 140, 1.7511861117030267)
(0, 4, 1, 141, 1.6567676929404889)
(0, 4, 1, 142, 1.945274772913226)
(0, 4, 1, 143, 1.2436051164808755)
(0, 4, 1, 144, 1.294765091423507)
(0, 4, 1, 145, 1.680214866494666)
(0, 4, 1, 146, 2.092888173737266)
(0, 4, 1, 147, 1.8357312639909822)
(0, 4, 1, 148, 1.3364260363823064)
(0, 4, 1, 149, 1.6147282377282912)
(0, 4, 1, 150, 1.8873275790488895)
(0, 4, 1, 151, 1.7028182656077324)
(0, 4, 1, 152, 1.3383732459292446)
(0, 4, 1, 153, 1.340707887834402)
(0, 4, 1, 154, 1.3384613067480104)
(0, 4, 1, 155, 1.670539702544804)
(0, 4, 1, 156, 1.8643917630056288)
(0, 4, 1, 157, 1.6085409603542322)
(0, 4, 1, 158, 1.2732174599024078)
(0, 4, 1, 159, 1.7259906766029205)
(0, 4, 1, 160, 1.6069808407671202)
(0, 4, 1, 161, 1.620649395191142)
(0, 4, 1, 162, 1.2366648589237716)
(0, 4, 1, 163, 1.331417566719543)
(0, 4, 1, 164, 2.1072950508324673)
(0, 4, 1, 165, 1.50821691847702)
(0, 4, 1, 166, 1.3773544028739029)
(0, 4, 1, 167, 1.9099273680214681)
(0, 4, 1, 168, 1.7584947757353515)
(0, 4, 1, 169, 2.0021303362738667)
(0, 4, 1, 170, 1.7251041122430013)
(0, 4, 1, 171, 1.2308062827095516)
(0, 4, 1, 172, 2.0803944029420047)
(0, 4, 1, 173, 1.4065599724972124)
(0, 4, 1, 174, 1.7800019504780296)
(0, 4, 1, 175, 1.2425593687695506)
(0, 4, 1, 176, 1.3049273488057784)
(0, 4, 1, 177, 1.2916960239823416)
(0, 4, 1, 178, 2.0637820852755326)
(0, 4, 1, 179, 2.124434341896922)
(0, 4, 1, 180, 1.2248841502733998)
(0, 4, 1, 181, 1.678416362495203)
(0, 4, 1, 182, 1.7721009354195345)
(0, 4, 1, 183, 1.5084966220967586)
(0, 4, 1, 184, 1.3491795814825451)
(0, 4, 1, 185, 2.204740025529598)
(0, 4, 1, 186, 1.374268938334315)
(0, 4, 1, 187, 1.7787739938847733)
(0, 4, 1, 188, 1.9523217901998835)
(0, 4, 1, 189, 1.2809977035750189)
(0, 4, 1, 190, 1.5937797200976331)
(0, 4, 1, 191, 2.2563028059997827)
(0, 4, 1, 192, 1.3171054739471206)
(0, 4, 1, 193, 1.9255619233908337)
(0, 4, 1, 194, 1.5683063743199936)
(0, 4, 1, 195, 2.1595059138263406)
(0, 4, 1, 196, 2.4251274475339604)
(0, 4, 1, 197, 1.4500413010639863)
(0, 4, 1, 198, 1.4172642925118402)
(0, 4, 1, 199, 1.945686301192574)
(0, 4, 1, 200, 1.5105607268674632)
(0, 4, 1, 201, 1.676947899921757)
(0, 4, 1, 202, 1.2487373361952787)
(0, 4, 1, 203, 1.3575097908216445)
(0, 4, 1, 204, 1.2535163707581454)
(0, 4, 1, 205, 1.4967287685795045)
(0, 4, 1, 206, 1.636258222651452)
(0, 4, 1, 207, 1.3674960652312704)
(0, 4, 1, 208, 1.6608702682637304)
(0, 4, 1, 209, 1.7475822273237493)
(0, 4, 1, 210, 1.9440611647314685)
(0, 4, 1, 211, 2.0258871792575253)
(0, 4, 1, 212, 1.8831683430959372)
(0, 4, 1, 213, 1.3722772824748728)
(0, 4, 1, 214, 1.6001692447038531)
(0, 4, 1, 215, 1.6024989285678641)
(0, 4, 1, 216, 1.2462053584059032)
(0, 4, 1, 217, 1.9026373077529577)
(0, 4, 1, 218, 1.810233060722428)
(0, 4, 1, 219, 1.2862915271207556)
(0, 4, 1, 220, 1.6124014029937366)
(0, 4, 1, 221, 1.6689262715314075)
(0, 4, 1, 222, 1.6208065911319265)
(0, 4, 1, 223, 1.2760526910127286)
(0, 4, 1, 224, 1.4155841085181355)
(0, 4, 1, 225, 1.6603785413473344)
(0, 4, 1, 226, 1.5708656243036974)
(0, 4, 1, 227, 1.4331888601755656)
(0, 4, 1, 228, 1.766079271282957)
(0, 4, 1, 229, 1.350140304014606)
(0, 4, 1, 230, 2.173943701194994)
(0, 4, 1, 231, 1.6028450290073313)
(0, 4, 1, 232, 1.294630646846995)
(0, 4, 1, 233, 2.0623858663104597)
(0, 4, 1, 234, 2.058885788987432)
(0, 4, 1, 235, 1.3471237964720642)
(0, 4, 1, 236, 1.2911928473632104)
(0, 4, 1, 237, 1.245576777097998)
(0, 4, 1, 238, 1.4431619495201866)
(0, 4, 1, 239, 1.3347760339337267)
(0, 4, 1, 240, 1.43295936050887)
(0, 4, 1, 241, 1.3101494356826715)
(0, 4, 1, 242, 1.5991048801762595)
(0, 4, 1, 243, 1.8730734637279056)
(0, 4, 1, 244, 1.676216244520668)
(0, 4, 1, 245, 1.027681840297853)
(0, 4, 1, 246, 1.8718853750761892)
(0, 4, 1, 247, 1.3533161755823897)
(0, 4, 1, 248, 1.7486651188101026)
(0, 4, 1, 249, 2.0102023882371207)
