(0, 0, 0, 0, 143.93013774191294)
(0, 0, 0, 1, 305.89336398075335)
(0, 0, 0, 2, 171.60870028639306)
(0, 0, 0, 3, 149.10516815532452)
(0, 0, 0, 4, 176.31800328781728)
(0, 0, 0, 5, 174.78926377605964)
(0, 0, 0, 6, 282.03877330458624)
(0, 0, 0, 7, 221.26790293117932)
(0, 0, 0, 8, 232.1857957805037)
(0, 0, 0, 9, 153.31041036665704)
(0, 0, 0, 10, 139.53695414452864)
(0, 0, 0, 11, 273.1688469088434)
(0, 0, 0, 12, 216.7137050271679)
(0, 0, 0, 13, 220.91781596156824)
(0, 0, 0, 14, 288.2610689701535)
(0, 0, 0, 15, 306.71887882541586)
(0, 0, 0, 16, 234.4001564889693)
(0, 0, 0, 17, 241.89903953843486)
(0, 0, 0, 18, 325.0438510555941)
(0, 0, 0, 19, 220.17634601635825)
(0, 0, 0, 20, 153.67235989081212)
(0, 0, 0, 21, 195.0427953201628)
(0, 0, 0, 22, 193.71055629223844)
(0, 0, 0, 23, 216.73968439620796)
(0, 0, 0, 24, 156.27136281876145)
(0, 0, 0, 25, 163.9065863938437)
(0, 0, 0, 26, 189.68309702294832)
(0, 0, 0, 27, 157.03671227561787)
(0, 0, 0, 28, 247.70435140742984)
(0, 0, 0, 29, 218.87124678750766)
(0, 0, 0, 30, 153.78626982344883)
(0, 0, 0, 31, 225.62011362924866)
(0, 0, 0, 32, 397.5976420522312)
(0, 0, 0, 33, 134.97552645959223)
(0, 0, 0, 34, 211.97546433982527)
(0, 0, 0, 35, 145.14698731310145)
(0, 0, 0, 36, 279.3015052067752)
(0, 0, 0, 37, 147.87733835279383)
(0, 0, 0, 38, 138.8603217008848)
(0, 0, 0, 39, 188.84208879803273)
(0, 0, 0, 40, 191.82318444880588)
(0, 0, 0, 41, 265.5034945281756)
(0, 0, 0, 42, 270.6911419293947)
(0, 0, 0, 43, 277.6673162321864)
(0, 0, 0, 44, 287.94590624569946)
(0, 0, 0, 45, 224.2365747823315)
(0, 0, 0, 46, 172.45631675781067)
(0, 0, 0, 47, 224.6824939055311)
(0, 0, 0, 48, 158.84947477244827)
(0, 0, 0, 49, 236.7235913001994)
(0, 0, 0, 50, 335.6504371446213)
(0, 0, 0, 51, 141.72957799188214)
(0, 0, 0, 52, 224.6474969861492)
(0, 0, 0, 53, 244.31455676210106)
(0, 0, 0, 54, 138.24211023290295)
(0, 0, 0, 55, 280.004832645641)
(0, 0, 0, 56, 213.645039679826)
(0, 0, 0, 57, 261.34691817361954)
(0, 0, 0, 58, 218.84478723361653)
(0, 0, 0, 59, 238.67419708104913)
(0, 0, 0, 60, 346.1422120433588)
(0, 0, 0, 61, 379.520208864175)
(0, 0, 0, 62, 158.98177373220943)
(0, 0, 0, 63, 212.10586610220224)
(0, 0, 0, 64, 268.20529091643044)
(0, 0, 0, 65, 292.6303986343946)
(0, 0, 0, 66, 166.87871771000533)
(0, 0, 0, 67, 226.41998220644652)
(0, 0, 0, 68, 219.36496708932282)
(0, 0, 0, 69, 126.45818500853481)
(0, 0, 0, 70, 251.79707955500487)
(0, 0, 0, 71, 394.6826630737324)
(0, 0, 0, 72, 269.86482427929485)
(0, 0, 0, 73, 217.44559239322962)
(0, 0, 0, 74, 173.54518406517013)
(0, 0, 0, 75, 173.06460618605263)
(0, 0, 0, 76, 201.64500815014298)
(0, 0, 0, 77, 202.82022641075267)
(0, 0, 0, 78, 291.5332835224094)
(0, 0, 0, 79, 210.41961791606852)
(0, 0, 0, 80, 241.95736639348507)
(0, 0, 0, 81, 176.95126693102497)
(0, 0, 0, 82, 160.66594068579045)
(0, 0, 0, 83, 193.69473667434974)
(0, 0, 0, 84, 287.91681477277075)
(0, 0, 0, 85, 180.45980129702042)
(0, 0, 0, 86, 295.56331341054863)
(0, 0, 0, 87, 203.56820831698562)
(0, 0, 0, 88, 361.75869263045263)
(0, 0, 0, 89, 292.9652985672883)
(0, 0, 0, 90, 202.25874145738007)
(0, 0, 0, 91, 164.6324779618301)
(0, 0, 0, 92, 239.31747717011416)
(0, 0, 0, 93, 210.96866751499962)
(0, 0, 0, 94, 193.09605666931563)
(0, 0, 0, 95, 158.35759987857156)
(0, 0, 0, 96, 140.42206805496997)
(0, 0, 0, 97, 243.3940774723355)
(0, 0, 0, 98, 212.61486957904242)
(0, 0, 0, 99, 393.19964202310905)
(0, 0, 0, 100, 256.3555480769505)
(0, 0, 0, 101, 420.81003242006886)
(0, 0, 0, 102, 172.20435059389752)
(0, 0, 0, 103, 221.24912767094472)
(0, 0, 0, 104, 159.25164760618952)
(0, 0, 0, 105, 230.10430576739412)
(0, 0, 0, 106, 279.20936134071485)
(0, 0, 0, 107, 156.71121241013586)
(0, 0, 0, 108, 330.88330587175847)
(0, 0, 0, 109, 231.09038011333377)
(0, 0, 0, 110, 241.10430597718)
(0, 0, 0, 111, 232.3765577254579)
(0, 0, 0, 112, 208.27101261381148)
(0, 0, 0, 113, 228.7045511373043)
(0, 0, 0, 114, 282.89956784274887)
(0, 0, 0, 115, 176.103687996069)
(0, 0, 0, 116, 174.30270908302646)
(0, 0, 0, 117, 234.9228449123046)
(0, 0, 0, 118, 304.1010385948891)
(0, 0, 0, 119, 252.93441764567126)
(0, 0, 0, 120, 141.9612769485012)
(0, 0, 0, 121, 328.6850124419724)
(0, 0, 0, 122, 333.36449156376744)
(0, 0, 0, 123, 132.38684280716697)
(0, 0, 0, 124, 299.68703434710346)
(0, 0, 0, 125, 208.283459487238)
(0, 0, 0, 126, 337.1049438578908)
(0, 0, 0, 127, 167.75331246902934)
(0, 0, 0, 128, 203.56548854974946)
(0, 0, 0, 129, 307.765295192171)
(0, 0, 0, 130, 171.70296433214946)
(0, 0, 0, 131, 150.59423376607543)
(0, 0, 0, 132, 147.99395888803468)
(0, 0, 0, 133, 176.7884434562655)
(0, 0, 0, 134, 232.98072797347436)
(0, 0, 0, 135, 197.8894236266554)
(0, 0, 0, 136, 152.1285560494646)
(0, 0, 0, 137, 274.57397323324295)
(0, 0, 0, 138, 211.3731228312404)
(0, 0, 0, 139, 224.846799510345)
(0, 0, 0, 140, 159.71239601144032)
(0, 0, 0, 141, 158.2686289900735)
(0, 0, 0, 142, 174.23703901206395)
(0, 0, 0, 143, 234.01587706617133)
(0, 0, 0, 144, 231.19185540955206)
(0, 0, 0, 145, 190.95579598458002)
(0, 0, 0, 146, 241.305101648579)
(0, 0, 0, 147, 250.1480196765159)
(0, 0, 0, 148, 204.2475685219046)
(0, 0, 0, 149, 128.48773738667518)
(0, 0, 0, 150, 162.77540421142865)
(0, 0, 0, 151, 175.8425023513249)
(0, 0, 0, 152, 377.47946189595484)
(0, 0, 0, 153, 220.46834189539703)
(0, 0, 0, 154, 167.39583520983342)
(0, 0, 0, 155, 260.77481147597996)
(0, 0, 0, 156, 189.23754398762858)
(0, 0, 0, 157, 202.91697710761767)
(0, 0, 0, 158, 200.01711158855525)
(0, 0, 0, 159, 356.31482525822014)
(0, 0, 0, 160, 264.44905597893614)
(0, 0, 0, 161, 163.80541873945333)
(0, 0, 0, 162, 156.18324489482734)
(0, 0, 0, 163, 166.53635628615203)
(0, 0, 0, 164, 170.6090615103271)
(0, 0, 0, 165, 275.05443288996435)
(0, 0, 0, 166, 213.25283241735505)
(0, 0, 0, 167, 269.77695615301735)
(0, 0, 0, 168, 383.1104749478882)
(0, 0, 0, 169, 231.18881236336225)
(0, 0, 0, 170, 247.74742792017685)
(0, 0, 0, 171, 213.46063493597495)
(0, 0, 0, 172, 249.0833941934289)
(0, 0, 0, 173, 263.3568859703615)
(0, 0, 0, 174, 152.5678446645706)
(0, 0, 0, 175, 175.70644291434886)
(0, 0, 0, 176, 149.9924734327802)
(0, 0, 0, 177, 126.53014918838339)
(0, 0, 0, 178, 214.01093869214287)
(0, 0, 0, 179, 264.264776156689)
(0, 0, 0, 180, 329.453162299967)
(0, 0, 0, 181, 132.39011771818537)
(0, 0, 0, 182, 141.0872451338801)
(0, 0, 0, 183, 158.5146322203572)
(0, 0, 0, 184, 205.64333090811354)
(0, 0, 0, 185, 198.2337780413785)
(0, 0, 0, 186, 128.57943521505155)
(0, 0, 0, 187, 140.95160035611931)
(0, 0, 0, 188, 160.9436975387265)
(0, 0, 0, 189, 140.00997559708958)
(0, 0, 0, 190, 132.40644463779404)
(0, 0, 0, 191, 159.29609394604427)
(0, 0, 0, 192, 187.7457727242116)
(0, 0, 0, 193, 156.82513826429252)
(0, 0, 0, 194, 205.84966209449524)
(0, 0, 0, 195, 303.166157375359)
(0, 0, 0, 196, 226.4425690798489)
(0, 0, 0, 197, 232.42347862714948)
(0, 0, 0, 198, 163.39585977513636)
(0, 0, 0, 199, 224.6878382568726)
(0, 0, 0, 200, 283.7229472721903)
(0, 0, 0, 201, 243.20629705374694)
(0, 0, 0, 202, 246.744822848202)
(0, 0, 0, 203, 339.76829202902195)
(0, 0, 0, 204, 240.0525575162043)
(0, 0, 0, 205, 199.3842798122362)
(0, 0, 0, 206, 267.8983250462452)
(0, 0, 0, 207, 232.6137863219215)
(0, 0, 0, 208, 215.2172460488616)
(0, 0, 0, 209, 184.90420234882956)
(0, 0, 0, 210, 155.74406096870848)
(0, 0, 0, 211, 143.83033545996986)
(0, 0, 0, 212, 141.10465213021078)
(0, 0, 0, 213, 302.6071224019272)
(0, 0, 0, 214, 219.5466044528252)
(0, 0, 0, 215, 195.56223475088012)
(0, 0, 0, 216, 197.6156558216231)
(0, 0, 0, 217, 176.12452528581235)
(0, 0, 0, 218, 191.6045118375339)
(0, 0, 0, 219, 196.34356674228763)
(0, 0, 0, 220, 203.23300578019558)
(0, 0, 0, 221, 213.9822968010667)
(0, 0, 0, 222, 194.30333629974996)
(0, 0, 0, 223, 238.1070788731121)
(0, 0, 0, 224, 346.637690461772)
(0, 0, 0, 225, 253.2390121277369)
(0, 0, 0, 226, 193.8020418885798)
(0, 0, 0, 227, 143.40375207163484)
(0, 0, 0, 228, 200.34262955741832)
(0, 0, 0, 229, 186.79559008474578)
(0, 0, 0, 230, 253.08919988240703)
(0, 0, 0, 231, 164.74013059050057)
(0, 0, 0, 232, 176.30947415928415)
(0, 0, 0, 233, 281.9832948640979)
(0, 0, 0, 234, 180.74567324996792)
(0, 0, 0, 235, 217.29598704033899)
(0, 0, 0, 236, 193.0615165159293)
(0, 0, 0, 237, 284.8534147631234)
(0, 0, 0, 238, 212.38497533261332)
(0, 0, 0, 239, 222.84016767679407)
(0, 0, 0, 240, 227.0777190155572)
(0, 0, 0, 241, 260.22591188307666)
(0, 0, 0, 242, 184.3276330930027)
(0, 0, 0, 243, 155.21704661110402)
(0, 0, 0, 244, 180.9783438373413)
(0, 0, 0, 245, 180.65051223588893)
(0, 0, 0, 246, 200.13672234482615)
(0, 0, 0, 247, 211.3648146410875)
(0, 0, 0, 248, 168.97807569728397)
(0, 0, 0, 249, 192.93627519285715)
(0, 0, 1, 0, 259.29823410653455)
(0, 0, 1, 1, 261.00210867609934)
(0, 0, 1, 2, 268.6872846914413)
(0, 0, 1, 3, 282.6275525030449)
(0, 0, 1, 4, 243.8499338169308)
(0, 0, 1, 5, 267.6305113494216)
(0, 0, 1, 6, 297.8762762394218)
(0, 0, 1, 7, 281.8703463490964)
(0, 0, 1, 8, 268.04043093093816)
(0, 0, 1, 9, 259.71753218624764)
(0, 0, 1, 10, 317.3249562211199)
(0, 0, 1, 11, 274.0381467809678)
(0, 0, 1, 12, 240.8275106701978)
(0, 0, 1, 13, 329.025132270375)
(0, 0, 1, 14, 276.16117525841855)
(0, 0, 1, 15, 250.84389320773187)
(0, 0, 1, 16, 301.32479578978814)
(0, 0, 1, 17, 248.7146732764744)
(0, 0, 1, 18, 229.68455750284872)
(0, 0, 1, 19, 232.99518019011543)
(0, 0, 1, 20, 269.18234071219047)
(0, 0, 1, 21, 275.5606311409708)
(0, 0, 1, 22, 315.51017153553846)
(0, 0, 1, 23, 269.8811653914823)
(0, 0, 1, 24, 312.3948049449095)
(0, 0, 1, 25, 265.38040040903877)
(0, 0, 1, 26, 244.76066699480236)
(0, 0, 1, 27, 277.7896254669781)
(0, 0, 1, 28, 297.9205655833495)
(0, 0, 1, 29, 342.30269807059614)
(0, 0, 1, 30, 232.68341210446863)
(0, 0, 1, 31, 264.618194720041)
(0, 0, 1, 32, 250.46366211141302)
(0, 0, 1, 33, 273.34677192447464)
(0, 0, 1, 34, 265.184452985214)
(0, 0, 1, 35, 238.76007483023886)
(0, 0, 1, 36, 272.80534360546045)
(0, 0, 1, 37, 244.32456878670914)
(0, 0, 1, 38, 284.6124202568842)
(0, 0, 1, 39, 268.8004642792843)
(0, 0, 1, 40, 301.72565913235206)
(0, 0, 1, 41, 273.36921582775886)
(0, 0, 1, 42, 275.91038868464096)
(0, 0, 1, 43, 309.95130838513643)
(0, 0, 1, 44, 324.52960185145776)
(0, 0, 1, 45, 242.87166652311254)
(0, 0, 1, 46, 316.7101232121608)
(0, 0, 1, 47, 286.91253963388914)
(0, 0, 1, 48, 280.23913394231835)
(0, 0, 1, 49, 292.7056339334251)
(0, 0, 1, 50, 254.62047810705883)
(0, 0, 1, 51, 244.27869008585742)
(0, 0, 1, 52, 241.3130531512533)
(0, 0, 1, 53, 294.86104605482234)
(0, 0, 1, 54, 255.94438061388993)
(0, 0, 1, 55, 311.6779366095547)
(0, 0, 1, 56, 267.4660585888151)
(0, 0, 1, 57, 289.5932404290891)
(0, 0, 1, 58, 276.7639407542351)
(0, 0, 1, 59, 276.91556058364245)
(0, 0, 1, 60, 296.8774070358503)
(0, 0, 1, 61, 297.1291975459052)
(0, 0, 1, 62, 246.08677202989048)
(0, 0, 1, 63, 307.3377129897582)
(0, 0, 1, 64, 287.2237304249664)
(0, 0, 1, 65, 257.8418294296602)
(0, 0, 1, 66, 272.5778291112472)
(0, 0, 1, 67, 257.4697519723364)
(0, 0, 1, 68, 271.34572522810663)
(0, 0, 1, 69, 295.62188756851776)
(0, 0, 1, 70, 284.61354965981326)
(0, 0, 1, 71, 245.2270833720573)
(0, 0, 1, 72, 247.84501925746784)
(0, 0, 1, 73, 191.62792662355855)
(0, 0, 1, 74, 309.2706810922395)
(0, 0, 1, 75, 247.32675646946032)
(0, 0, 1, 76, 317.5740331243987)
(0, 0, 1, 77, 258.9174470462198)
(0, 0, 1, 78, 280.31821090297774)
(0, 0, 1, 79, 259.47429799832935)
(0, 0, 1, 80, 276.10414326961273)
(0, 0, 1, 81, 297.5536115717104)
(0, 0, 1, 82, 301.0601869073749)
(0, 0, 1, 83, 264.21534202489124)
(0, 0, 1, 84, 228.44396964439485)
(0, 0, 1, 85, 264.7229723496351)
(0, 0, 1, 86, 299.89661404122916)
(0, 0, 1, 87, 309.3944499549084)
(0, 0, 1, 88, 259.55169291574117)
(0, 0, 1, 89, 263.26330178667786)
(0, 0, 1, 90, 336.1473832031438)
(0, 0, 1, 91, 258.10012255701497)
(0, 0, 1, 92, 275.15532016475277)
(0, 0, 1, 93, 248.08743889438307)
(0, 0, 1, 94, 268.67258132055053)
(0, 0, 1, 95, 280.12317216561576)
(0, 0, 1, 96, 307.293884629659)
(0, 0, 1, 97, 222.83722736172945)
(0, 0, 1, 98, 276.1894831282106)
(0, 0, 1, 99, 262.7395420900393)
(0, 0, 1, 100, 245.9060540786975)
(0, 0, 1, 101, 278.36081316383934)
(0, 0, 1, 102, 303.3588345409726)
(0, 0, 1, 103, 299.2302502238197)
(0, 0, 1, 104, 249.33065370101133)
(0, 0, 1, 105, 239.34704694573904)
(0, 0, 1, 106, 277.4546147962621)
(0, 0, 1, 107, 278.4253334796007)
(0, 0, 1, 108, 229.7538412127433)
(0, 0, 1, 109, 293.4271426934603)
(0, 0, 1, 110, 272.87510958217865)
(0, 0, 1, 111, 255.13594579966602)
(0, 0, 1, 112, 251.93649775187433)
(0, 0, 1, 113, 289.1417196773662)
(0, 0, 1, 114, 275.5575116308375)
(0, 0, 1, 115, 235.81471741901808)
(0, 0, 1, 116, 314.007189784229)
(0, 0, 1, 117, 289.49964289471745)
(0, 0, 1, 118, 314.0156578592146)
(0, 0, 1, 119, 310.6663231663344)
(0, 0, 1, 120, 272.4549068475886)
(0, 0, 1, 121, 281.0724858012102)
(0, 0, 1, 122, 161.68348949642976)
(0, 0, 1, 123, 259.73105719910905)
(0, 0, 1, 124, 273.5658016485765)
(0, 0, 1, 125, 266.8956874732734)
(0, 0, 1, 126, 288.63446149124724)
(0, 0, 1, 127, 311.4090006044282)
(0, 0, 1, 128, 278.7253492924253)
(0, 0, 1, 129, 255.54822239659944)
(0, 0, 1, 130, 257.60733505945035)
(0, 0, 1, 131, 256.59708853162573)
(0, 0, 1, 132, 283.24296375155564)
(0, 0, 1, 133, 289.79072687809384)
(0, 0, 1, 134, 272.1642325042487)
(0, 0, 1, 135, 286.9646818068782)
(0, 0, 1, 136, 232.2937805409545)
(0, 0, 1, 137, 284.39825968068436)
(0, 0, 1, 138, 258.0779099316352)
(0, 0, 1, 139, 287.22621888585326)
(0, 0, 1, 140, 293.4505039664641)
(0, 0, 1, 141, 283.19844518108937)
(0, 0, 1, 142, 251.0918062592235)
(0, 0, 1, 143, 282.87972997417427)
(0, 0, 1, 144, 268.96408205410205)
(0, 0, 1, 145, 259.9563834731773)
(0, 0, 1, 146, 250.4207036148908)
(0, 0, 1, 147, 278.2170243722768)
(0, 0, 1, 148, 263.69991309348154)
(0, 0, 1, 149, 289.6738048103235)
(0, 0, 1, 150, 308.6227612227869)
(0, 0, 1, 151, 277.1692230617718)
(0, 0, 1, 152, 272.06725511187835)
(0, 0, 1, 153, 289.8248931171981)
(0, 0, 1, 154, 298.08934113128396)
(0, 0, 1, 155, 271.5450230801912)
(0, 0, 1, 156, 244.0961581427179)
(0, 0, 1, 157, 316.7185958643529)
(0, 0, 1, 158, 274.91070312065176)
(0, 0, 1, 159, 245.06642273772255)
(0, 0, 1, 160, 248.4864831800021)
(0, 0, 1, 161, 299.9239855491404)
(0, 0, 1, 162, 235.80803307653665)
(0, 0, 1, 163, 245.60934342944438)
(0, 0, 1, 164, 263.25208198438247)
(0, 0, 1, 165, 284.81366199115433)
(0, 0, 1, 166, 279.99891252040493)
(0, 0, 1, 167, 236.72304636272239)
(0, 0, 1, 168, 258.5250783003195)
(0, 0, 1, 169, 250.43743184089024)
(0, 0, 1, 170, 262.9789877105787)
(0, 0, 1, 171, 296.0084767237636)
(0, 0, 1, 172, 251.83633549641746)
(0, 0, 1, 173, 275.48774511990405)
(0, 0, 1, 174, 288.25162835815667)
(0, 0, 1, 175, 271.21682140818575)
(0, 0, 1, 176, 235.79431071995475)
(0, 0, 1, 177, 267.1255823966209)
(0, 0, 1, 178, 286.03456604738307)
(0, 0, 1, 179, 284.3138983606673)
(0, 0, 1, 180, 288.27158498224327)
(0, 0, 1, 181, 244.29097339043855)
(0, 0, 1, 182, 274.8503669077884)
(0, 0, 1, 183, 177.45574464455225)
(0, 0, 1, 184, 251.63038743098207)
(0, 0, 1, 185, 270.61064179948073)
(0, 0, 1, 186, 284.61397226671215)
(0, 0, 1, 187, 267.5886625109445)
(0, 0, 1, 188, 274.90897665749884)
(0, 0, 1, 189, 272.7531814463976)
(0, 0, 1, 190, 186.61559619789668)
(0, 0, 1, 191, 257.47733116618656)
(0, 0, 1, 192, 236.54817471610409)
(0, 0, 1, 193, 272.08782976913346)
(0, 0, 1, 194, 282.7381376159029)
(0, 0, 1, 195, 261.90381729697145)
(0, 0, 1, 196, 316.68750771375966)
(0, 0, 1, 197, 260.61805269575575)
(0, 0, 1, 198, 282.821827514925)
(0, 0, 1, 199, 258.05591799869825)
(0, 0, 1, 200, 260.25984743023037)
(0, 0, 1, 201, 254.05245988621576)
(0, 0, 1, 202, 275.5471009564616)
(0, 0, 1, 203, 269.9736686494316)
(0, 0, 1, 204, 263.28537985831247)
(0, 0, 1, 205, 215.09791334748542)
(0, 0, 1, 206, 303.9398191344859)
(0, 0, 1, 207, 243.98979091678612)
(0, 0, 1, 208, 251.3374583988283)
(0, 0, 1, 209, 289.7393344613118)
(0, 0, 1, 210, 284.1921023453885)
(0, 0, 1, 211, 291.0236192841412)
(0, 0, 1, 212, 271.79515572334964)
(0, 0, 1, 213, 274.74605458972803)
(0, 0, 1, 214, 256.097793632479)
(0, 0, 1, 215, 268.6820038573832)
(0, 0, 1, 216, 286.22514030541276)
(0, 0, 1, 217, 258.5432493617417)
(0, 0, 1, 218, 251.46774004628654)
(0, 0, 1, 219, 269.2392187889118)
(0, 0, 1, 220, 343.40487449929924)
(0, 0, 1, 221, 300.3669875623167)
(0, 0, 1, 222, 296.4045443067235)
(0, 0, 1, 223, 282.7168520474826)
(0, 0, 1, 224, 293.68608242286285)
(0, 0, 1, 225, 292.7593581655057)
(0, 0, 1, 226, 298.1577351679157)
(0, 0, 1, 227, 247.43893597505325)
(0, 0, 1, 228, 295.8020736555043)
(0, 0, 1, 229, 216.0947156302717)
(0, 0, 1, 230, 261.9116069881272)
(0, 0, 1, 231, 262.18702164626137)
(0, 0, 1, 232, 269.60912647352035)
(0, 0, 1, 233, 261.79652805809684)
(0, 0, 1, 234, 298.74651939154097)
(0, 0, 1, 235, 283.4681681598323)
(0, 0, 1, 236, 308.63043749592276)
(0, 0, 1, 237, 266.91232674970365)
(0, 0, 1, 238, 275.2620868745461)
(0, 0, 1, 239, 221.00089594619274)
(0, 0, 1, 240, 300.1436935768527)
(0, 0, 1, 241, 312.2512477239084)
(0, 0, 1, 242, 330.59138340902484)
(0, 0, 1, 243, 262.7929301386902)
(0, 0, 1, 244, 302.40586909016014)
(0, 0, 1, 245, 317.69778831095056)
(0, 0, 1, 246, 281.85257058619686)
(0, 0, 1, 247, 203.078986532623)
(0, 0, 1, 248, 275.91754420402515)
(0, 0, 1, 249, 276.56337065424515)
(0, 1, 0, 0, 324.7383904028546)
(0, 1, 0, 1, 406.2540174425028)
(0, 1, 0, 2, 391.8526488686876)
(0, 1, 0, 3, 241.4545831523573)
(0, 1, 0, 4, 440.1020845616203)
(0, 1, 0, 5, 582.0142985064053)
(0, 1, 0, 6, 492.5713608955925)
(0, 1, 0, 7, 459.27322997403166)
(0, 1, 0, 8, 382.11691648916855)
(0, 1, 0, 9, 281.0179249469347)
(0, 1, 0, 10, 254.43973285196728)
(0, 1, 0, 11, 444.5215177289472)
(0, 1, 0, 12, 344.25069961215627)
(0, 1, 0, 13, 339.43735331674844)
(0, 1, 0, 14, 356.1868350524829)
(0, 1, 0, 15, 391.22619061479867)
(0, 1, 0, 16, 582.6423360281402)
(0, 1, 0, 17, 537.5318133630685)
(0, 1, 0, 18, 558.9326773375964)
(0, 1, 0, 19, 370.02867061404163)
(0, 1, 0, 20, 308.34140018878605)
(0, 1, 0, 21, 324.4937959155349)
(0, 1, 0, 22, 323.8148586533463)
(0, 1, 0, 23, 369.52370067194215)
(0, 1, 0, 24, 240.93671177836896)
(0, 1, 0, 25, 444.31951412929305)
(0, 1, 0, 26, 296.46521756786433)
(0, 1, 0, 27, 372.30663722582466)
(0, 1, 0, 28, 418.19869194949644)
(0, 1, 0, 29, 316.49947493528913)
(0, 1, 0, 30, 266.2289597802413)
(0, 1, 0, 31, 502.31898470496634)
(0, 1, 0, 32, 524.1091300387618)
(0, 1, 0, 33, 309.9756064479253)
(0, 1, 0, 34, 315.44074847937884)
(0, 1, 0, 35, 301.40366224961156)
(0, 1, 0, 36, 472.3183146589111)
(0, 1, 0, 37, 245.41837242902025)
(0, 1, 0, 38, 361.08630464026726)
(0, 1, 0, 39, 440.2151498254794)
(0, 1, 0, 40, 272.5383332837259)
(0, 1, 0, 41, 388.04488124083525)
(0, 1, 0, 42, 445.298091159746)
(0, 1, 0, 43, 487.4577867488717)
(0, 1, 0, 44, 457.2923325292132)
(0, 1, 0, 45, 474.34429915232005)
(0, 1, 0, 46, 554.2272782134845)
(0, 1, 0, 47, 348.03279794728627)
(0, 1, 0, 48, 327.6474027494105)
(0, 1, 0, 49, 291.2807754855408)
(0, 1, 0, 50, 527.1741147074438)
(0, 1, 0, 51, 334.11441955148746)
(0, 1, 0, 52, 428.38674743668423)
(0, 1, 0, 53, 368.93414574212056)
(0, 1, 0, 54, 278.0587584119922)
(0, 1, 0, 55, 393.63226629711744)
(0, 1, 0, 56, 427.84232378319854)
(0, 1, 0, 57, 350.7878447657386)
(0, 1, 0, 58, 333.7454966096431)
(0, 1, 0, 59, 424.6527662234674)
(0, 1, 0, 60, 522.3555492832108)
(0, 1, 0, 61, 484.0051146082073)
(0, 1, 0, 62, 329.15510712983485)
(0, 1, 0, 63, 315.86063809507186)
(0, 1, 0, 64, 490.8676060328932)
(0, 1, 0, 65, 634.003117999961)
(0, 1, 0, 66, 428.2891323909239)
(0, 1, 0, 67, 379.3263640609436)
(0, 1, 0, 68, 493.991050809581)
(0, 1, 0, 69, 232.8688650087794)
(0, 1, 0, 70, 490.0370042010227)
(0, 1, 0, 71, 574.953020606764)
(0, 1, 0, 72, 440.62661191878817)
(0, 1, 0, 73, 367.42726202159065)
(0, 1, 0, 74, 246.8588693068031)
(0, 1, 0, 75, 267.9254382040358)
(0, 1, 0, 76, 310.0891839937874)
(0, 1, 0, 77, 559.1632903664786)
(0, 1, 0, 78, 406.4450119351805)
(0, 1, 0, 79, 380.2368614830951)
(0, 1, 0, 80, 455.4795118917128)
(0, 1, 0, 81, 307.0548993601157)
(0, 1, 0, 82, 276.8658903957099)
(0, 1, 0, 83, 339.24168783858636)
(0, 1, 0, 84, 402.1527724951799)
(0, 1, 0, 85, 317.93839084191103)
(0, 1, 0, 86, 397.9361312514681)
(0, 1, 0, 87, 387.8570110407266)
(0, 1, 0, 88, 498.4113268136881)
(0, 1, 0, 89, 581.7748215435661)
(0, 1, 0, 90, 329.32012370509335)
(0, 1, 0, 91, 341.63223706933036)
(0, 1, 0, 92, 517.0288893340843)
(0, 1, 0, 93, 349.9696431167265)
(0, 1, 0, 94, 520.6750677218511)
(0, 1, 0, 95, 282.35511888918313)
(0, 1, 0, 96, 342.9689185413472)
(0, 1, 0, 97, 438.8298786118546)
(0, 1, 0, 98, 439.6943570536642)
(0, 1, 0, 99, 476.17610908625346)
(0, 1, 0, 100, 469.0939191713372)
(0, 1, 0, 101, 728.0495466049723)
(0, 1, 0, 102, 380.18732726297736)
(0, 1, 0, 103, 404.4918460629204)
(0, 1, 0, 104, 307.62217523995093)
(0, 1, 0, 105, 572.104683055979)
(0, 1, 0, 106, 422.7106465327068)
(0, 1, 0, 107, 359.6546902165693)
(0, 1, 0, 108, 412.0719006190892)
(0, 1, 0, 109, 472.3694937492894)
(0, 1, 0, 110, 445.64367648506936)
(0, 1, 0, 111, 351.37949199508364)
(0, 1, 0, 112, 349.79806221491697)
(0, 1, 0, 113, 377.3612389331798)
(0, 1, 0, 114, 520.6594287709983)
(0, 1, 0, 115, 364.50980075840215)
(0, 1, 0, 116, 347.61294930776313)
(0, 1, 0, 117, 363.6740632473189)
(0, 1, 0, 118, 592.3205909289097)
(0, 1, 0, 119, 397.85743652405114)
(0, 1, 0, 120, 287.7414072668709)
(0, 1, 0, 121, 633.8455320399446)
(0, 1, 0, 122, 553.685522910398)
(0, 1, 0, 123, 323.41402625832944)
(0, 1, 0, 124, 413.7889878654987)
(0, 1, 0, 125, 425.33160127528754)
(0, 1, 0, 126, 470.18763810534375)
(0, 1, 0, 127, 327.7131519705956)
(0, 1, 0, 128, 419.93172353322944)
(0, 1, 0, 129, 520.9514514406029)
(0, 1, 0, 130, 252.61477008733348)
(0, 1, 0, 131, 288.4048228616974)
(0, 1, 0, 132, 257.4905034139195)
(0, 1, 0, 133, 383.744896895139)
(0, 1, 0, 134, 429.5994974265061)
(0, 1, 0, 135, 331.7402507524147)
(0, 1, 0, 136, 297.10034699361796)
(0, 1, 0, 137, 551.1461750123434)
(0, 1, 0, 138, 375.4214303830179)
(0, 1, 0, 139, 514.3021660079368)
(0, 1, 0, 140, 374.35681742621904)
(0, 1, 0, 141, 351.01631067434664)
(0, 1, 0, 142, 336.0412074677892)
(0, 1, 0, 143, 424.1491011699539)
(0, 1, 0, 144, 380.67398833429013)
(0, 1, 0, 145, 298.34063246122463)
(0, 1, 0, 146, 395.5793167923057)
(0, 1, 0, 147, 370.8452409546623)
(0, 1, 0, 148, 438.99187953382705)
(0, 1, 0, 149, 253.2724402628073)
(0, 1, 0, 150, 322.19745718601143)
(0, 1, 0, 151, 266.14797363407763)
(0, 1, 0, 152, 509.8561856100166)
(0, 1, 0, 153, 349.63326478523254)
(0, 1, 0, 154, 385.77194464350043)
(0, 1, 0, 155, 486.8620380775588)
(0, 1, 0, 156, 538.5664611752513)
(0, 1, 0, 157, 327.3393670717206)
(0, 1, 0, 158, 290.384698418403)
(0, 1, 0, 159, 549.6753593014523)
(0, 1, 0, 160, 382.2061286758263)
(0, 1, 0, 161, 355.1369929053725)
(0, 1, 0, 162, 373.5322332002888)
(0, 1, 0, 163, 341.92343977110386)
(0, 1, 0, 164, 288.06438973425276)
(0, 1, 0, 165, 595.2184430162592)
(0, 1, 0, 166, 335.8128711544364)
(0, 1, 0, 167, 381.7863727522401)
(0, 1, 0, 168, 692.4387502804411)
(0, 1, 0, 169, 544.738105968704)
(0, 1, 0, 170, 361.9291352700834)
(0, 1, 0, 171, 360.9141190116596)
(0, 1, 0, 172, 546.0138917907283)
(0, 1, 0, 173, 583.4417913850303)
(0, 1, 0, 174, 265.2534290573905)
(0, 1, 0, 175, 489.99195320053406)
(0, 1, 0, 176, 305.80938015770835)
(0, 1, 0, 177, 271.50261290290535)
(0, 1, 0, 178, 467.6025457183302)
(0, 1, 0, 179, 468.5457168517053)
(0, 1, 0, 180, 577.9835386008334)
(0, 1, 0, 181, 311.6353304578773)
(0, 1, 0, 182, 285.0733337596379)
(0, 1, 0, 183, 315.4572741610547)
(0, 1, 0, 184, 445.260136414956)
(0, 1, 0, 185, 348.3254737792353)
(0, 1, 0, 186, 231.66329276605737)
(0, 1, 0, 187, 339.09027448663494)
(0, 1, 0, 188, 366.4325870898241)
(0, 1, 0, 189, 404.72044017556817)
(0, 1, 0, 190, 351.0153930484476)
(0, 1, 0, 191, 286.73287494904855)
(0, 1, 0, 192, 425.3866395061576)
(0, 1, 0, 193, 273.7892936815298)
(0, 1, 0, 194, 484.98228771659325)
(0, 1, 0, 195, 455.856673723388)
(0, 1, 0, 196, 369.3550220265445)
(0, 1, 0, 197, 457.4528992660159)
(0, 1, 0, 198, 274.94437933513734)
(0, 1, 0, 199, 468.3558574025538)
(0, 1, 0, 200, 574.2884112568967)
(0, 1, 0, 201, 410.6686676174252)
(0, 1, 0, 202, 477.90777709718407)
(0, 1, 0, 203, 513.5221441108697)
(0, 1, 0, 204, 460.45776436615637)
(0, 1, 0, 205, 348.4117016967417)
(0, 1, 0, 206, 407.05957202578253)
(0, 1, 0, 207, 507.49068579424875)
(0, 1, 0, 208, 534.1758031600026)
(0, 1, 0, 209, 364.18006148432585)
(0, 1, 0, 210, 344.1327471156775)
(0, 1, 0, 211, 374.1073659631569)
(0, 1, 0, 212, 328.91482572361707)
(0, 1, 0, 213, 470.59672820659813)
(0, 1, 0, 214, 388.6242963541762)
(0, 1, 0, 215, 422.20209373376616)
(0, 1, 0, 216, 416.44444559209865)
(0, 1, 0, 217, 413.8853896897797)
(0, 1, 0, 218, 435.0732766684714)
(0, 1, 0, 219, 325.0219488344663)
(0, 1, 0, 220, 347.3821907736236)
(0, 1, 0, 221, 341.95441916000897)
(0, 1, 0, 222, 480.786516203783)
(0, 1, 0, 223, 378.3771545318836)
(0, 1, 0, 224, 408.7925965327706)
(0, 1, 0, 225, 583.8366594808442)
(0, 1, 0, 226, 340.87493502152057)
(0, 1, 0, 227, 298.96052572996615)
(0, 1, 0, 228, 342.7640881314856)
(0, 1, 0, 229, 486.3848302663708)
(0, 1, 0, 230, 440.5136575028131)
(0, 1, 0, 231, 297.094978994975)
(0, 1, 0, 232, 293.9400542583455)
(0, 1, 0, 233, 329.1598002605691)
(0, 1, 0, 234, 306.52962837167587)
(0, 1, 0, 235, 428.66759770902337)
(0, 1, 0, 236, 417.1760489724086)
(0, 1, 0, 237, 589.3796470459941)
(0, 1, 0, 238, 416.9486017418601)
(0, 1, 0, 239, 500.4258128136095)
(0, 1, 0, 240, 433.7342790231723)
(0, 1, 0, 241, 377.34609071269955)
(0, 1, 0, 242, 378.8102064045059)
(0, 1, 0, 243, 390.93518752756194)
(0, 1, 0, 244, 394.9486400879813)
(0, 1, 0, 245, 358.0117050079017)
(0, 1, 0, 246, 405.5200045654234)
(0, 1, 0, 247, 437.35130900950367)
(0, 1, 0, 248, 340.72016367688605)
(0, 1, 0, 249, 247.5724223883599)
(0, 1, 1, 0, 615.3137644540553)
(0, 1, 1, 1, 485.3563190636818)
(0, 1, 1, 2, 541.662579509471)
(0, 1, 1, 3, 780.6427341046596)
(0, 1, 1, 4, 424.0060403124933)
(0, 1, 1, 5, 584.5580927998275)
(0, 1, 1, 6, 660.681277944541)
(0, 1, 1, 7, 706.1312486993165)
(0, 1, 1, 8, 493.0594606830717)
(0, 1, 1, 9, 662.2391399566447)
(0, 1, 1, 10, 802.199600729342)
(0, 1, 1, 11, 703.0843542253613)
(0, 1, 1, 12, 526.2886055639469)
(0, 1, 1, 13, 818.5108211641297)
(0, 1, 1, 14, 512.6113813671034)
(0, 1, 1, 15, 445.3592558466487)
(0, 1, 1, 16, 847.887262960361)
(0, 1, 1, 17, 690.5720480985792)
(0, 1, 1, 18, 601.3569559525372)
(0, 1, 1, 19, 462.3105833797354)
(0, 1, 1, 20, 557.6599864790514)
(0, 1, 1, 21, 678.4000728654759)
(0, 1, 1, 22, 809.5475838811788)
(0, 1, 1, 23, 500.3736350686573)
(0, 1, 1, 24, 764.8968300070122)
(0, 1, 1, 25, 548.0175431043434)
(0, 1, 1, 26, 534.9341774690927)
(0, 1, 1, 27, 751.6482377117932)
(0, 1, 1, 28, 768.8131195784873)
(0, 1, 1, 29, 851.636639156547)
(0, 1, 1, 30, 562.597503214909)
(0, 1, 1, 31, 500.1868973208567)
(0, 1, 1, 32, 700.4128642719273)
(0, 1, 1, 33, 650.8415238727615)
(0, 1, 1, 34, 604.3079389013408)
(0, 1, 1, 35, 543.3024799981913)
(0, 1, 1, 36, 638.1483655478138)
(0, 1, 1, 37, 445.1578892447688)
(0, 1, 1, 38, 577.7457165145445)
(0, 1, 1, 39, 610.2865184416735)
(0, 1, 1, 40, 807.5788938179337)
(0, 1, 1, 41, 704.7388502132446)
(0, 1, 1, 42, 578.4211629948012)
(0, 1, 1, 43, 725.6239342714235)
(0, 1, 1, 44, 783.1287326968753)
(0, 1, 1, 45, 573.5772767165687)
(0, 1, 1, 46, 796.0709945867713)
(0, 1, 1, 47, 695.7734945399653)
(0, 1, 1, 48, 521.1552072016584)
(0, 1, 1, 49, 727.9035538961443)
(0, 1, 1, 50, 477.3815603109947)
(0, 1, 1, 51, 386.1897289452202)
(0, 1, 1, 52, 603.2051557617276)
(0, 1, 1, 53, 727.6216846872051)
(0, 1, 1, 54, 511.12895508597484)
(0, 1, 1, 55, 798.8739475737852)
(0, 1, 1, 56, 560.1145118596688)
(0, 1, 1, 57, 639.9162689959016)
(0, 1, 1, 58, 599.0029456871146)
(0, 1, 1, 59, 691.0287411481819)
(0, 1, 1, 60, 709.81420151125)
(0, 1, 1, 61, 585.1640175950803)
(0, 1, 1, 62, 468.2910765440513)
(0, 1, 1, 63, 741.6161090839198)
(0, 1, 1, 64, 744.5649010844998)
(0, 1, 1, 65, 544.8425412566929)
(0, 1, 1, 66, 661.6997062268407)
(0, 1, 1, 67, 647.9431592239438)
(0, 1, 1, 68, 778.5260059295906)
(0, 1, 1, 69, 795.4517991168433)
(0, 1, 1, 70, 731.4067901650229)
(0, 1, 1, 71, 490.9064431115813)
(0, 1, 1, 72, 589.5722787291031)
(0, 1, 1, 73, 312.7539291170469)
(0, 1, 1, 74, 852.6743838037395)
(0, 1, 1, 75, 519.7072929803578)
(0, 1, 1, 76, 769.1624029704351)
(0, 1, 1, 77, 511.0062422999186)
(0, 1, 1, 78, 705.1372741263223)
(0, 1, 1, 79, 648.5254638843194)
(0, 1, 1, 80, 709.883479598944)
(0, 1, 1, 81, 855.0855374271356)
(0, 1, 1, 82, 738.1113856476139)
(0, 1, 1, 83, 677.7444438330043)
(0, 1, 1, 84, 519.899845888793)
(0, 1, 1, 85, 598.2676677607407)
(0, 1, 1, 86, 706.1263392421713)
(0, 1, 1, 87, 790.952151984636)
(0, 1, 1, 88, 493.1031221397121)
(0, 1, 1, 89, 696.1286340150948)
(0, 1, 1, 90, 813.2463916581227)
(0, 1, 1, 91, 585.5842406576106)
(0, 1, 1, 92, 614.893400673602)
(0, 1, 1, 93, 671.9681076560477)
(0, 1, 1, 94, 593.8211509419799)
(0, 1, 1, 95, 738.0639717379399)
(0, 1, 1, 96, 765.2068753696958)
(0, 1, 1, 97, 416.0280177331927)
(0, 1, 1, 98, 722.9896503280588)
(0, 1, 1, 99, 532.9755950838902)
(0, 1, 1, 100, 454.6845339338209)
(0, 1, 1, 101, 643.1120881023893)
(0, 1, 1, 102, 724.5964400316373)
(0, 1, 1, 103, 631.060197783383)
(0, 1, 1, 104, 457.6547774910981)
(0, 1, 1, 105, 635.3189857708693)
(0, 1, 1, 106, 570.1469133436445)
(0, 1, 1, 107, 631.5475827451829)
(0, 1, 1, 108, 389.23359008412825)
(0, 1, 1, 109, 642.487741501579)
(0, 1, 1, 110, 603.2867921368778)
(0, 1, 1, 111, 602.2003979235141)
(0, 1, 1, 112, 618.6963406922185)
(0, 1, 1, 113, 627.3998195785445)
(0, 1, 1, 114, 702.8890223110922)
(0, 1, 1, 115, 432.1060477978647)
(0, 1, 1, 116, 786.2482587640078)
(0, 1, 1, 117, 731.6713057300433)
(0, 1, 1, 118, 753.7907010585624)
(0, 1, 1, 119, 825.5053321885296)
(0, 1, 1, 120, 617.152659406712)
(0, 1, 1, 121, 599.3195168855779)
(0, 1, 1, 122, 283.01395645719043)
(0, 1, 1, 123, 489.432858420777)
(0, 1, 1, 124, 725.6909413073797)
(0, 1, 1, 125, 590.2731437053576)
(0, 1, 1, 126, 731.51143045344)
(0, 1, 1, 127, 770.7113849107644)
(0, 1, 1, 128, 650.237746573102)
(0, 1, 1, 129, 684.1446433797552)
(0, 1, 1, 130, 510.9637203297641)
(0, 1, 1, 131, 520.6992407708076)
(0, 1, 1, 132, 773.3771233615265)
(0, 1, 1, 133, 709.7651840154358)
(0, 1, 1, 134, 691.710804836561)
(0, 1, 1, 135, 796.515025304759)
(0, 1, 1, 136, 444.30926725501473)
(0, 1, 1, 137, 772.8438239468591)
(0, 1, 1, 138, 604.3651502429201)
(0, 1, 1, 139, 698.2268312572818)
(0, 1, 1, 140, 703.2272333973767)
(0, 1, 1, 141, 492.3515719247562)
(0, 1, 1, 142, 508.73957506456924)
(0, 1, 1, 143, 712.9400624072078)
(0, 1, 1, 144, 652.5471396727879)
(0, 1, 1, 145, 486.9875451646044)
(0, 1, 1, 146, 512.7496201193626)
(0, 1, 1, 147, 666.620428139705)
(0, 1, 1, 148, 601.3193657955297)
(0, 1, 1, 149, 780.3973229769821)
(0, 1, 1, 150, 761.4210663080054)
(0, 1, 1, 151, 684.0472724065348)
(0, 1, 1, 152, 614.5107740142103)
(0, 1, 1, 153, 584.4146226787025)
(0, 1, 1, 154, 743.3545823945177)
(0, 1, 1, 155, 458.84397107451275)
(0, 1, 1, 156, 422.99718009471906)
(0, 1, 1, 157, 639.097344311985)
(0, 1, 1, 158, 648.076557359042)
(0, 1, 1, 159, 445.2634994189193)
(0, 1, 1, 160, 474.2872174035994)
(0, 1, 1, 161, 776.5125318495536)
(0, 1, 1, 162, 418.6010523972143)
(0, 1, 1, 163, 430.6944834622665)
(0, 1, 1, 164, 680.7132250837598)
(0, 1, 1, 165, 520.2325334604877)
(0, 1, 1, 166, 673.7177432136154)
(0, 1, 1, 167, 433.0245132866003)
(0, 1, 1, 168, 657.732768534409)
(0, 1, 1, 169, 448.8388466053278)
(0, 1, 1, 170, 682.0002155890273)
(0, 1, 1, 171, 806.7951321769209)
(0, 1, 1, 172, 523.925678933068)
(0, 1, 1, 173, 726.3731882865819)
(0, 1, 1, 174, 658.9492140648446)
(0, 1, 1, 175, 580.3513208897381)
(0, 1, 1, 176, 421.84815083807547)
(0, 1, 1, 177, 658.6922518781768)
(0, 1, 1, 178, 710.9339335328256)
(0, 1, 1, 179, 850.3559285497938)
(0, 1, 1, 180, 689.2313731916732)
(0, 1, 1, 181, 725.9179234156886)
(0, 1, 1, 182, 654.3759334796929)
(0, 1, 1, 183, 330.15928750400485)
(0, 1, 1, 184, 470.27411008828227)
(0, 1, 1, 185, 611.1074729383319)
(0, 1, 1, 186, 545.4370201340392)
(0, 1, 1, 187, 494.69868190561556)
(0, 1, 1, 188, 712.3544812524051)
(0, 1, 1, 189, 697.2150735858968)
(0, 1, 1, 190, 325.1337607632846)
(0, 1, 1, 191, 444.11077479544406)
(0, 1, 1, 192, 532.6175122800588)
(0, 1, 1, 193, 747.9425837521212)
(0, 1, 1, 194, 535.5339258670373)
(0, 1, 1, 195, 740.9360158989045)
(0, 1, 1, 196, 836.30639709379)
(0, 1, 1, 197, 540.6874231004239)
(0, 1, 1, 198, 644.4454124857797)
(0, 1, 1, 199, 524.5686521164838)
(0, 1, 1, 200, 640.7433484341392)
(0, 1, 1, 201, 572.5446936662705)
(0, 1, 1, 202, 639.1254232798551)
(0, 1, 1, 203, 658.6333805558917)
(0, 1, 1, 204, 666.3766860319136)
(0, 1, 1, 205, 395.8211842551119)
(0, 1, 1, 206, 764.5662939048433)
(0, 1, 1, 207, 495.7710133556588)
(0, 1, 1, 208, 622.7525522681466)
(0, 1, 1, 209, 535.863191120231)
(0, 1, 1, 210, 736.7407597167891)
(0, 1, 1, 211, 797.7912747116169)
(0, 1, 1, 212, 591.4819002248475)
(0, 1, 1, 213, 512.2375580264986)
(0, 1, 1, 214, 673.0142242070834)
(0, 1, 1, 215, 716.0292865492447)
(0, 1, 1, 216, 699.0503501298085)
(0, 1, 1, 217, 601.0658896750523)
(0, 1, 1, 218, 539.4519478487458)
(0, 1, 1, 219, 489.52649003748417)
(0, 1, 1, 220, 752.8283387961394)
(0, 1, 1, 221, 779.3234361424704)
(0, 1, 1, 222, 704.3833197488245)
(0, 1, 1, 223, 613.829541577457)
(0, 1, 1, 224, 720.1613880936395)
(0, 1, 1, 225, 744.21987736681)
(0, 1, 1, 226, 876.9616588173681)
(0, 1, 1, 227, 611.1539760209712)
(0, 1, 1, 228, 784.002563501264)
(0, 1, 1, 229, 449.5399943129851)
(0, 1, 1, 230, 647.253003265666)
(0, 1, 1, 231, 662.3116305800236)
(0, 1, 1, 232, 577.188835262893)
(0, 1, 1, 233, 669.738867062155)
(0, 1, 1, 234, 763.8712128321372)
(0, 1, 1, 235, 523.6014700863245)
(0, 1, 1, 236, 662.9617510643745)
(0, 1, 1, 237, 699.1414602755447)
(0, 1, 1, 238, 685.5832217835621)
(0, 1, 1, 239, 428.63056223191836)
(0, 1, 1, 240, 735.8638528153899)
(0, 1, 1, 241, 661.9233835777873)
(0, 1, 1, 242, 811.9754975283369)
(0, 1, 1, 243, 547.0367468602523)
(0, 1, 1, 244, 824.6999159087277)
(0, 1, 1, 245, 827.8464197504135)
(0, 1, 1, 246, 749.1537654493653)
(0, 1, 1, 247, 375.9412276082716)
(0, 1, 1, 248, 658.1908305962708)
(0, 1, 1, 249, 722.4840014951312)
(0, 2, 0, 0, 433.092566781296)
(0, 2, 0, 1, 596.4607522375073)
(0, 2, 0, 2, 575.6967734815242)
(0, 2, 0, 3, 435.228915889261)
(0, 2, 0, 4, 627.406512704592)
(0, 2, 0, 5, 672.0948613933793)
(0, 2, 0, 6, 485.9268726086384)
(0, 2, 0, 7, 496.0948826363748)
(0, 2, 0, 8, 577.1490225479968)
(0, 2, 0, 9, 554.9800518419072)
(0, 2, 0, 10, 384.26135315455855)
(0, 2, 0, 11, 520.1986370062165)
(0, 2, 0, 12, 614.0303360353403)
(0, 2, 0, 13, 478.89221444597854)
(0, 2, 0, 14, 586.9884134486433)
(0, 2, 0, 15, 496.0384735210273)
(0, 2, 0, 16, 768.158783931432)
(0, 2, 0, 17, 859.8757193535143)
(0, 2, 0, 18, 818.2863708381497)
(0, 2, 0, 19, 544.935706979006)
(0, 2, 0, 20, 462.86459604790826)
(0, 2, 0, 21, 572.7543384998838)
(0, 2, 0, 22, 441.31259929192544)
(0, 2, 0, 23, 494.75111153699646)
(0, 2, 0, 24, 439.9947184276611)
(0, 2, 0, 25, 562.2508067886514)
(0, 2, 0, 26, 512.4575149748359)
(0, 2, 0, 27, 509.86637834043364)
(0, 2, 0, 28, 646.4130457853174)
(0, 2, 0, 29, 547.9918521646975)
(0, 2, 0, 30, 476.4007908198797)
(0, 2, 0, 31, 671.0144751485506)
(0, 2, 0, 32, 844.6911652561886)
(0, 2, 0, 33, 425.72743210304793)
(0, 2, 0, 34, 475.5504554036752)
(0, 2, 0, 35, 518.4696682035615)
(0, 2, 0, 36, 562.7428577261264)
(0, 2, 0, 37, 406.5011106796484)
(0, 2, 0, 38, 517.3373058658427)
(0, 2, 0, 39, 547.5401692475336)
(0, 2, 0, 40, 499.87627352117204)
(0, 2, 0, 41, 608.5307666836436)
(0, 2, 0, 42, 610.4126061799527)
(0, 2, 0, 43, 781.323043472852)
(0, 2, 0, 44, 570.774143262582)
(0, 2, 0, 45, 632.6224776901001)
(0, 2, 0, 46, 725.680797496448)
(0, 2, 0, 47, 491.90126342788164)
(0, 2, 0, 48, 462.4202623410572)
(0, 2, 0, 49, 404.28228415219155)
(0, 2, 0, 50, 912.628378482852)
(0, 2, 0, 51, 444.6518390479548)
(0, 2, 0, 52, 583.4438964963709)
(0, 2, 0, 53, 535.0315243777982)
(0, 2, 0, 54, 371.7771591744106)
(0, 2, 0, 55, 471.1111374314715)
(0, 2, 0, 56, 652.9157746971638)
(0, 2, 0, 57, 503.1638723404809)
(0, 2, 0, 58, 565.1331976257286)
(0, 2, 0, 59, 682.4912769279218)
(0, 2, 0, 60, 942.0510148253572)
(0, 2, 0, 61, 712.0499813149981)
(0, 2, 0, 62, 498.7380929917109)
(0, 2, 0, 63, 492.82278768516244)
(0, 2, 0, 64, 686.7743818592866)
(0, 2, 0, 65, 690.3481126030592)
(0, 2, 0, 66, 386.5597819580223)
(0, 2, 0, 67, 590.6391868984206)
(0, 2, 0, 68, 617.144341964697)
(0, 2, 0, 69, 417.9494812215705)
(0, 2, 0, 70, 644.2033076355177)
(0, 2, 0, 71, 773.8766261301331)
(0, 2, 0, 72, 661.9752987774456)
(0, 2, 0, 73, 651.3436287578269)
(0, 2, 0, 74, 443.6213959455479)
(0, 2, 0, 75, 543.6046100860627)
(0, 2, 0, 76, 417.7543989752475)
(0, 2, 0, 77, 684.2091953188348)
(0, 2, 0, 78, 613.1988631498542)
(0, 2, 0, 79, 566.5293701088218)
(0, 2, 0, 80, 650.5087049603826)
(0, 2, 0, 81, 532.3484923398667)
(0, 2, 0, 82, 337.8360418887677)
(0, 2, 0, 83, 541.160284241773)
(0, 2, 0, 84, 482.98668363061887)
(0, 2, 0, 85, 589.9485650823137)
(0, 2, 0, 86, 590.2383292691504)
(0, 2, 0, 87, 602.4204147470964)
(0, 2, 0, 88, 836.3247418208998)
(0, 2, 0, 89, 695.1544796080256)
(0, 2, 0, 90, 490.5643569285133)
(0, 2, 0, 91, 551.6154382352671)
(0, 2, 0, 92, 678.0867745508283)
(0, 2, 0, 93, 523.9684109019676)
(0, 2, 0, 94, 692.2988191249827)
(0, 2, 0, 95, 365.4242320369922)
(0, 2, 0, 96, 428.05215974816053)
(0, 2, 0, 97, 741.4189926975911)
(0, 2, 0, 98, 593.570566231051)
(0, 2, 0, 99, 773.8047417411149)
(0, 2, 0, 100, 855.0375494331412)
(0, 2, 0, 101, 920.9404493438882)
(0, 2, 0, 102, 520.255402027088)
(0, 2, 0, 103, 455.39012375872784)
(0, 2, 0, 104, 665.3013139720225)
(0, 2, 0, 105, 680.9225326793222)
(0, 2, 0, 106, 711.4523099806753)
(0, 2, 0, 107, 608.0784079624873)
(0, 2, 0, 108, 674.246334494811)
(0, 2, 0, 109, 635.1384865696905)
(0, 2, 0, 110, 730.6245027066781)
(0, 2, 0, 111, 535.9996721504986)
(0, 2, 0, 112, 350.4510350791366)
(0, 2, 0, 113, 531.8622387944259)
(0, 2, 0, 114, 628.8228927468376)
(0, 2, 0, 115, 606.3574151568324)
(0, 2, 0, 116, 606.5526236752368)
(0, 2, 0, 117, 502.3382768287355)
(0, 2, 0, 118, 703.8525589319415)
(0, 2, 0, 119, 633.3108302433129)
(0, 2, 0, 120, 535.3432471135562)
(0, 2, 0, 121, 848.6939853177175)
(0, 2, 0, 122, 708.1564707574886)
(0, 2, 0, 123, 402.2272776576419)
(0, 2, 0, 124, 566.0866938817331)
(0, 2, 0, 125, 600.8087923247836)
(0, 2, 0, 126, 723.2122255707906)
(0, 2, 0, 127, 525.5818029252271)
(0, 2, 0, 128, 597.6948006414777)
(0, 2, 0, 129, 656.7200113042451)
(0, 2, 0, 130, 470.53101527257604)
(0, 2, 0, 131, 369.3926656044286)
(0, 2, 0, 132, 373.11891503374153)
(0, 2, 0, 133, 615.3276023033029)
(0, 2, 0, 134, 712.7876964857428)
(0, 2, 0, 135, 460.36091018852005)
(0, 2, 0, 136, 527.1230784349693)
(0, 2, 0, 137, 718.8459592406977)
(0, 2, 0, 138, 587.2237868375261)
(0, 2, 0, 139, 696.6655451922825)
(0, 2, 0, 140, 465.1837843027316)
(0, 2, 0, 141, 548.61443518021)
(0, 2, 0, 142, 424.8141089010685)
(0, 2, 0, 143, 597.5467358818308)
(0, 2, 0, 144, 561.8815077918105)
(0, 2, 0, 145, 393.98749205858167)
(0, 2, 0, 146, 560.637909999589)
(0, 2, 0, 147, 544.2982422365266)
(0, 2, 0, 148, 575.9939200901217)
(0, 2, 0, 149, 359.70660448976423)
(0, 2, 0, 150, 524.6304141575632)
(0, 2, 0, 151, 410.2913036402047)
(0, 2, 0, 152, 675.4663456987817)
(0, 2, 0, 153, 581.6502780700274)
(0, 2, 0, 154, 572.1131166372073)
(0, 2, 0, 155, 738.1752092739927)
(0, 2, 0, 156, 642.9318436191223)
(0, 2, 0, 157, 570.0060854465024)
(0, 2, 0, 158, 307.43014495271785)
(0, 2, 0, 159, 799.1012617351195)
(0, 2, 0, 160, 563.8771646315558)
(0, 2, 0, 161, 543.2451310920304)
(0, 2, 0, 162, 592.085525539715)
(0, 2, 0, 163, 480.4953531035157)
(0, 2, 0, 164, 518.5405880541438)
(0, 2, 0, 165, 920.6307123198312)
(0, 2, 0, 166, 472.8978846298837)
(0, 2, 0, 167, 496.40493364086)
(0, 2, 0, 168, 859.5318547243611)
(0, 2, 0, 169, 782.2675178717552)
(0, 2, 0, 170, 438.98579441941405)
(0, 2, 0, 171, 435.4304206565062)
(0, 2, 0, 172, 819.0878775880487)
(0, 2, 0, 173, 822.5984951694746)
(0, 2, 0, 174, 424.35578755020737)
(0, 2, 0, 175, 686.2889409295307)
(0, 2, 0, 176, 552.8728526317849)
(0, 2, 0, 177, 320.35877636436635)
(0, 2, 0, 178, 600.4063056129002)
(0, 2, 0, 179, 628.2170143673716)
(0, 2, 0, 180, 830.4703244191577)
(0, 2, 0, 181, 426.5582239719372)
(0, 2, 0, 182, 498.64926092933683)
(0, 2, 0, 183, 461.96059816023285)
(0, 2, 0, 184, 818.8852210588116)
(0, 2, 0, 185, 578.6308974536971)
(0, 2, 0, 186, 344.9271355792076)
(0, 2, 0, 187, 469.4554998143809)
(0, 2, 0, 188, 526.0220233798839)
(0, 2, 0, 189, 494.2432278705262)
(0, 2, 0, 190, 522.3871523609967)
(0, 2, 0, 191, 540.5195418014503)
(0, 2, 0, 192, 498.81442892561654)
(0, 2, 0, 193, 414.37453527465846)
(0, 2, 0, 194, 800.2148125625513)
(0, 2, 0, 195, 557.2030153235495)
(0, 2, 0, 196, 550.3807424431158)
(0, 2, 0, 197, 574.9092558738986)
(0, 2, 0, 198, 422.38931486735277)
(0, 2, 0, 199, 615.4615822547405)
(0, 2, 0, 200, 864.435332889219)
(0, 2, 0, 201, 565.8393495244563)
(0, 2, 0, 202, 672.0152552829827)
(0, 2, 0, 203, 557.2645520459371)
(0, 2, 0, 204, 708.0536156900358)
(0, 2, 0, 205, 432.5820987752004)
(0, 2, 0, 206, 502.35959559638525)
(0, 2, 0, 207, 633.2086614962244)
(0, 2, 0, 208, 714.6119094688975)
(0, 2, 0, 209, 531.3203085283923)
(0, 2, 0, 210, 665.5413535935079)
(0, 2, 0, 211, 378.19819668277944)
(0, 2, 0, 212, 295.2355222153012)
(0, 2, 0, 213, 532.8438901174845)
(0, 2, 0, 214, 661.8327390384453)
(0, 2, 0, 215, 657.5397877148436)
(0, 2, 0, 216, 555.3581564101191)
(0, 2, 0, 217, 719.0781906268946)
(0, 2, 0, 218, 573.5119938218215)
(0, 2, 0, 219, 415.3195448578739)
(0, 2, 0, 220, 628.6537741379149)
(0, 2, 0, 221, 499.1488211585112)
(0, 2, 0, 222, 636.8846100020875)
(0, 2, 0, 223, 606.7463625562233)
(0, 2, 0, 224, 497.4874374996719)
(0, 2, 0, 225, 966.0503569160312)
(0, 2, 0, 226, 496.0867782925183)
(0, 2, 0, 227, 458.34827132262205)
(0, 2, 0, 228, 528.4567531349367)
(0, 2, 0, 229, 676.3796919431225)
(0, 2, 0, 230, 465.3829832462854)
(0, 2, 0, 231, 459.2686595321051)
(0, 2, 0, 232, 460.76579306714837)
(0, 2, 0, 233, 477.64445076277633)
(0, 2, 0, 234, 438.43345632737277)
(0, 2, 0, 235, 631.6443271108162)
(0, 2, 0, 236, 589.0593018064029)
(0, 2, 0, 237, 880.3454503063049)
(0, 2, 0, 238, 692.6642462722634)
(0, 2, 0, 239, 675.6189955382231)
(0, 2, 0, 240, 594.4309825721907)
(0, 2, 0, 241, 571.0324190132494)
(0, 2, 0, 242, 612.932457222895)
(0, 2, 0, 243, 522.4706018646485)
(0, 2, 0, 244, 638.0798317751204)
(0, 2, 0, 245, 581.1303207470822)
(0, 2, 0, 246, 733.9957091642955)
(0, 2, 0, 247, 574.5180137967373)
(0, 2, 0, 248, 430.7687164505574)
(0, 2, 0, 249, 404.28083432657434)
(0, 2, 1, 0, 866.072392307255)
(0, 2, 1, 1, 754.7555278858946)
(0, 2, 1, 2, 784.2478990001283)
(0, 2, 1, 3, 1184.91314372785)
(0, 2, 1, 4, 886.1638820905522)
(0, 2, 1, 5, 850.9272147983104)
(0, 2, 1, 6, 1245.232437450786)
(0, 2, 1, 7, 1352.8026129468321)
(0, 2, 1, 8, 748.0968869061073)
(0, 2, 1, 9, 1091.9462680990905)
(0, 2, 1, 10, 1367.314609974056)
(0, 2, 1, 11, 979.5115441737516)
(0, 2, 1, 12, 900.9534502792241)
(0, 2, 1, 13, 1179.7679045108944)
(0, 2, 1, 14, 1061.4713638493538)
(0, 2, 1, 15, 1014.7070024739062)
(0, 2, 1, 16, 1381.239503921418)
(0, 2, 1, 17, 904.242048850439)
(0, 2, 1, 18, 744.9173948069129)
(0, 2, 1, 19, 647.86596939867)
(0, 2, 1, 20, 1067.0412812362665)
(0, 2, 1, 21, 875.9453601278922)
(0, 2, 1, 22, 984.5699423917794)
(0, 2, 1, 23, 945.9680880842384)
(0, 2, 1, 24, 1219.0971591589735)
(0, 2, 1, 25, 812.1621573216698)
(0, 2, 1, 26, 794.932699011627)
(0, 2, 1, 27, 1050.9064099943662)
(0, 2, 1, 28, 1220.6920499016828)
(0, 2, 1, 29, 1185.669966873877)
(0, 2, 1, 30, 851.059291799624)
(0, 2, 1, 31, 797.6843820967814)
(0, 2, 1, 32, 906.3770765759004)
(0, 2, 1, 33, 944.2021916361754)
(0, 2, 1, 34, 1042.0438798291834)
(0, 2, 1, 35, 794.2507917730713)
(0, 2, 1, 36, 914.9503362339301)
(0, 2, 1, 37, 913.7438859383354)
(0, 2, 1, 38, 805.957966953853)
(0, 2, 1, 39, 1214.0267638900739)
(0, 2, 1, 40, 1365.9065190898734)
(0, 2, 1, 41, 1166.9966020548359)
(0, 2, 1, 42, 799.6186856222739)
(0, 2, 1, 43, 1048.9788588323902)
(0, 2, 1, 44, 1369.5274069951683)
(0, 2, 1, 45, 961.4692706030626)
(0, 2, 1, 46, 1035.0532891146465)
(0, 2, 1, 47, 1310.8810210970594)
(0, 2, 1, 48, 855.7310639328949)
(0, 2, 1, 49, 938.3081722691837)
(0, 2, 1, 50, 685.0368409863695)
(0, 2, 1, 51, 655.9333362358465)
(0, 2, 1, 52, 1089.161565696273)
(0, 2, 1, 53, 1000.2856441253119)
(0, 2, 1, 54, 683.2268815853164)
(0, 2, 1, 55, 1222.281916865336)
(0, 2, 1, 56, 1045.5509623863002)
(0, 2, 1, 57, 1094.9209305352706)
(0, 2, 1, 58, 1050.8028422197924)
(0, 2, 1, 59, 1295.76816092215)
(0, 2, 1, 60, 1144.7372373813178)
(0, 2, 1, 61, 909.6728887696871)
(0, 2, 1, 62, 823.1554536080041)
(0, 2, 1, 63, 1195.238865588576)
(0, 2, 1, 64, 1159.0400925045362)
(0, 2, 1, 65, 837.1091869940866)
(0, 2, 1, 66, 1069.4939471953512)
(0, 2, 1, 67, 832.4161761421084)
(0, 2, 1, 68, 1398.38551658051)
(0, 2, 1, 69, 1399.8815898376781)
(0, 2, 1, 70, 1110.0515804527824)
(0, 2, 1, 71, 628.9092981009101)
(0, 2, 1, 72, 997.2857284681945)
(0, 2, 1, 73, 472.38506994001955)
(0, 2, 1, 74, 1172.6574441649038)
(0, 2, 1, 75, 1005.8792415503652)
(0, 2, 1, 76, 1091.1276588406283)
(0, 2, 1, 77, 935.4033693903489)
(0, 2, 1, 78, 1049.4036135076408)
(0, 2, 1, 79, 950.2595317533464)
(0, 2, 1, 80, 915.523020290122)
(0, 2, 1, 81, 1073.7793034051142)
(0, 2, 1, 82, 1118.462899006701)
(0, 2, 1, 83, 944.5125371592371)
(0, 2, 1, 84, 800.2073989697923)
(0, 2, 1, 85, 821.1435031635424)
(0, 2, 1, 86, 1278.6750030214153)
(0, 2, 1, 87, 1020.7157265181244)
(0, 2, 1, 88, 831.4174595953241)
(0, 2, 1, 89, 943.6099162608544)
(0, 2, 1, 90, 1112.304035776085)
(0, 2, 1, 91, 912.6692379619026)
(0, 2, 1, 92, 1043.0830873343102)
(0, 2, 1, 93, 985.0561078243904)
(0, 2, 1, 94, 764.5553873499861)
(0, 2, 1, 95, 1314.7259712229663)
(0, 2, 1, 96, 1150.333210811342)
(0, 2, 1, 97, 604.9399496347377)
(0, 2, 1, 98, 1017.5897351836356)
(0, 2, 1, 99, 827.6523806540802)
(0, 2, 1, 100, 949.2225676774184)
(0, 2, 1, 101, 845.5690983779898)
(0, 2, 1, 102, 1432.0281279912074)
(0, 2, 1, 103, 1184.9909866060416)
(0, 2, 1, 104, 836.448152093648)
(0, 2, 1, 105, 884.6589819457987)
(0, 2, 1, 106, 959.2895945076546)
(0, 2, 1, 107, 903.4841207283171)
(0, 2, 1, 108, 738.615789557481)
(0, 2, 1, 109, 1191.0893948387256)
(0, 2, 1, 110, 1021.478932928084)
(0, 2, 1, 111, 944.5313720131113)
(0, 2, 1, 112, 1199.8866944063345)
(0, 2, 1, 113, 994.1283277943643)
(0, 2, 1, 114, 1279.219733237061)
(0, 2, 1, 115, 665.5627422731276)
(0, 2, 1, 116, 1198.8527431172777)
(0, 2, 1, 117, 1032.7552629899762)
(0, 2, 1, 118, 1088.5328382428784)
(0, 2, 1, 119, 1350.7422236328969)
(0, 2, 1, 120, 1055.53386992221)
(0, 2, 1, 121, 965.9222152276157)
(0, 2, 1, 122, 454.33956097669403)
(0, 2, 1, 123, 1039.6667035061275)
(0, 2, 1, 124, 1037.0986115476583)
(0, 2, 1, 125, 952.5572451356541)
(0, 2, 1, 126, 994.5054545900084)
(0, 2, 1, 127, 1189.690521831659)
(0, 2, 1, 128, 1024.2275483858027)
(0, 2, 1, 129, 1062.9153551323272)
(0, 2, 1, 130, 702.7955520628934)
(0, 2, 1, 131, 1063.2852412708933)
(0, 2, 1, 132, 1100.1694759187365)
(0, 2, 1, 133, 1155.4046021739105)
(0, 2, 1, 134, 1054.9110974474202)
(0, 2, 1, 135, 952.585566603552)
(0, 2, 1, 136, 764.4754085984755)
(0, 2, 1, 137, 1212.0172916129916)
(0, 2, 1, 138, 937.1909182344801)
(0, 2, 1, 139, 1082.0386792196023)
(0, 2, 1, 140, 1086.4983040942955)
(0, 2, 1, 141, 1009.6864340145165)
(0, 2, 1, 142, 788.7673176142679)
(0, 2, 1, 143, 1234.1902618856568)
(0, 2, 1, 144, 1147.8968777634489)
(0, 2, 1, 145, 726.7356933359187)
(0, 2, 1, 146, 544.7944343701708)
(0, 2, 1, 147, 945.1697745090571)
(0, 2, 1, 148, 1246.4404646266253)
(0, 2, 1, 149, 1050.9505679407673)
(0, 2, 1, 150, 1215.8835021790649)
(0, 2, 1, 151, 1182.2963838179658)
(0, 2, 1, 152, 1243.4059119638607)
(0, 2, 1, 153, 930.0544510229252)
(0, 2, 1, 154, 1131.5804566245204)
(0, 2, 1, 155, 872.380286020378)
(0, 2, 1, 156, 620.4922143277848)
(0, 2, 1, 157, 1265.2361255060116)
(0, 2, 1, 158, 1137.7797933516454)
(0, 2, 1, 159, 850.9582421640739)
(0, 2, 1, 160, 936.4123719669471)
(0, 2, 1, 161, 1243.6903697286052)
(0, 2, 1, 162, 857.8126072157631)
(0, 2, 1, 163, 677.1514827898085)
(0, 2, 1, 164, 962.9614238264639)
(0, 2, 1, 165, 962.9313172396322)
(0, 2, 1, 166, 1234.177142574401)
(0, 2, 1, 167, 653.6576843409232)
(0, 2, 1, 168, 1166.5943106855327)
(0, 2, 1, 169, 698.4318375947782)
(0, 2, 1, 170, 1161.8644656903905)
(0, 2, 1, 171, 1192.8721688019887)
(0, 2, 1, 172, 642.4060718351477)
(0, 2, 1, 173, 1255.119112181403)
(0, 2, 1, 174, 937.954250557626)
(0, 2, 1, 175, 1235.2646182350088)
(0, 2, 1, 176, 727.7203418198837)
(0, 2, 1, 177, 1190.3826340053272)
(0, 2, 1, 178, 973.3534117515437)
(0, 2, 1, 179, 1012.9730284046028)
(0, 2, 1, 180, 1334.8468708154342)
(0, 2, 1, 181, 1005.9308584095087)
(0, 2, 1, 182, 1132.049302265127)
(0, 2, 1, 183, 408.5960558157094)
(0, 2, 1, 184, 837.7506314355543)
(0, 2, 1, 185, 865.169151660582)
(0, 2, 1, 186, 921.3939069106859)
(0, 2, 1, 187, 862.5500233634814)
(0, 2, 1, 188, 1085.7865361398192)
(0, 2, 1, 189, 1148.7919812542991)
(0, 2, 1, 190, 444.84935979019)
(0, 2, 1, 191, 661.2671111305315)
(0, 2, 1, 192, 947.2748842364126)
(0, 2, 1, 193, 1002.3503224465226)
(0, 2, 1, 194, 956.2275708000169)
(0, 2, 1, 195, 920.930566947193)
(0, 2, 1, 196, 1033.6828125732025)
(0, 2, 1, 197, 991.0109752026194)
(0, 2, 1, 198, 1051.5901091380338)
(0, 2, 1, 199, 738.4677823359198)
(0, 2, 1, 200, 1018.7587119423551)
(0, 2, 1, 201, 926.8568520739636)
(0, 2, 1, 202, 1276.985814024064)
(0, 2, 1, 203, 1329.4517363430587)
(0, 2, 1, 204, 1130.168708769046)
(0, 2, 1, 205, 706.2112494735554)
(0, 2, 1, 206, 1436.5675404581486)
(0, 2, 1, 207, 856.6712697305976)
(0, 2, 1, 208, 1078.4108911539258)
(0, 2, 1, 209, 749.7868605263108)
(0, 2, 1, 210, 1049.532529325482)
(0, 2, 1, 211, 1001.7217336198178)
(0, 2, 1, 212, 905.178167634983)
(0, 2, 1, 213, 1089.036311623384)
(0, 2, 1, 214, 1090.0966477565266)
(0, 2, 1, 215, 1161.3633712227804)
(0, 2, 1, 216, 1165.781364155687)
(0, 2, 1, 217, 962.8284858466093)
(0, 2, 1, 218, 757.6930267271074)
(0, 2, 1, 219, 905.752637383693)
(0, 2, 1, 220, 1361.6398316226566)
(0, 2, 1, 221, 1241.9649033083626)
(0, 2, 1, 222, 1236.6675822920763)
(0, 2, 1, 223, 986.4176608288672)
(0, 2, 1, 224, 1280.9038931258451)
(0, 2, 1, 225, 1232.6718228627624)
(0, 2, 1, 226, 1205.6168581204533)
(0, 2, 1, 227, 903.5310655251569)
(0, 2, 1, 228, 1071.3443883488012)
(0, 2, 1, 229, 766.3690157183934)
(0, 2, 1, 230, 853.9570543450028)
(0, 2, 1, 231, 1073.3913679692052)
(0, 2, 1, 232, 1148.5214905636615)
(0, 2, 1, 233, 889.3308591719997)
(0, 2, 1, 234, 996.9880181772621)
(0, 2, 1, 235, 1000.5729202881715)
(0, 2, 1, 236, 1157.350692878972)
(0, 2, 1, 237, 1241.1531313461048)
(0, 2, 1, 238, 1275.8965069945584)
(0, 2, 1, 239, 758.3486060039573)
(0, 2, 1, 240, 1358.245713246009)
(0, 2, 1, 241, 1047.5099736374868)
(0, 2, 1, 242, 1366.1731997423497)
(0, 2, 1, 243, 819.2716339103814)
(0, 2, 1, 244, 1295.668425597065)
(0, 2, 1, 245, 1300.3232783522672)
(0, 2, 1, 246, 1016.6371407290011)
(0, 2, 1, 247, 616.1527748446149)
(0, 2, 1, 248, 1013.3136722108877)
(0, 2, 1, 249, 960.0005006977711)
(0, 3, 0, 0, 521.1552826630538)
(0, 3, 0, 1, 798.6750199984917)
(0, 3, 0, 2, 719.6146375701354)
(0, 3, 0, 3, 584.3277302906996)
(0, 3, 0, 4, 751.4470952533925)
(0, 3, 0, 5, 743.7721173306076)
(0, 3, 0, 6, 533.6520230419833)
(0, 3, 0, 7, 564.4161329120358)
(0, 3, 0, 8, 748.8881588724878)
(0, 3, 0, 9, 671.5491595779661)
(0, 3, 0, 10, 432.8275614110474)
(0, 3, 0, 11, 709.5695912497625)
(0, 3, 0, 12, 751.5303761809552)
(0, 3, 0, 13, 764.4304784741591)
(0, 3, 0, 14, 685.323137944912)
(0, 3, 0, 15, 646.1542837750671)
(0, 3, 0, 16, 742.7746203500219)
(0, 3, 0, 17, 954.1135948119071)
(0, 3, 0, 18, 881.4565019989462)
(0, 3, 0, 19, 645.8133357137109)
(0, 3, 0, 20, 592.4038991359104)
(0, 3, 0, 21, 731.8216180820905)
(0, 3, 0, 22, 694.3003317866704)
(0, 3, 0, 23, 782.7052319790487)
(0, 3, 0, 24, 602.3235018723883)
(0, 3, 0, 25, 644.1311230799006)
(0, 3, 0, 26, 611.5551457194445)
(0, 3, 0, 27, 507.79034619708267)
(0, 3, 0, 28, 607.0780147794441)
(0, 3, 0, 29, 646.1392238012827)
(0, 3, 0, 30, 707.5175330009805)
(0, 3, 0, 31, 852.953952076078)
(0, 3, 0, 32, 804.3680721530818)
(0, 3, 0, 33, 521.1263264412975)
(0, 3, 0, 34, 591.0363946191047)
(0, 3, 0, 35, 585.0384629468255)
(0, 3, 0, 36, 691.3806787158251)
(0, 3, 0, 37, 483.938180387168)
(0, 3, 0, 38, 545.3605364414082)
(0, 3, 0, 39, 642.5825251983003)
(0, 3, 0, 40, 602.6492315983717)
(0, 3, 0, 41, 697.0494836335832)
(0, 3, 0, 42, 765.9681444360142)
(0, 3, 0, 43, 687.7656071194458)
(0, 3, 0, 44, 545.950302181024)
(0, 3, 0, 45, 661.9929987298477)
(0, 3, 0, 46, 754.30483283661)
(0, 3, 0, 47, 550.9396288904143)
(0, 3, 0, 48, 508.72838650430657)
(0, 3, 0, 49, 655.1133519959358)
(0, 3, 0, 50, 901.8694445742649)
(0, 3, 0, 51, 584.0926261662905)
(0, 3, 0, 52, 602.1112539330015)
(0, 3, 0, 53, 672.164275530718)
(0, 3, 0, 54, 566.312801954758)
(0, 3, 0, 55, 728.8114796276587)
(0, 3, 0, 56, 685.3485380632563)
(0, 3, 0, 57, 664.1088396470095)
(0, 3, 0, 58, 674.4912847440785)
(0, 3, 0, 59, 671.9636080881945)
(0, 3, 0, 60, 966.549995394456)
(0, 3, 0, 61, 967.2451945834786)
(0, 3, 0, 62, 411.27013889228635)
(0, 3, 0, 63, 525.8095101007805)
(0, 3, 0, 64, 893.1821454643257)
(0, 3, 0, 65, 853.7323761693315)
(0, 3, 0, 66, 446.3457188970998)
(0, 3, 0, 67, 688.4676891038789)
(0, 3, 0, 68, 700.7545748622913)
(0, 3, 0, 69, 417.39919937594004)
(0, 3, 0, 70, 667.5757045977831)
(0, 3, 0, 71, 985.013768991867)
(0, 3, 0, 72, 796.6756890082604)
(0, 3, 0, 73, 815.0656054910354)
(0, 3, 0, 74, 540.9662817448564)
(0, 3, 0, 75, 638.0968017155946)
(0, 3, 0, 76, 496.3320941596931)
(0, 3, 0, 77, 814.5301692643917)
(0, 3, 0, 78, 731.8564661892742)
(0, 3, 0, 79, 654.4550755552195)
(0, 3, 0, 80, 787.9611567695937)
(0, 3, 0, 81, 648.954508853477)
(0, 3, 0, 82, 558.3574471729311)
(0, 3, 0, 83, 557.8759255870749)
(0, 3, 0, 84, 521.6717847301686)
(0, 3, 0, 85, 515.8401231557909)
(0, 3, 0, 86, 771.3381267740108)
(0, 3, 0, 87, 637.6726727177461)
(0, 3, 0, 88, 961.6149669823694)
(0, 3, 0, 89, 798.0286949764684)
(0, 3, 0, 90, 704.584084635267)
(0, 3, 0, 91, 689.8422939532331)
(0, 3, 0, 92, 810.8770152655608)
(0, 3, 0, 93, 910.9306175958237)
(0, 3, 0, 94, 747.6337320740124)
(0, 3, 0, 95, 572.102384605283)
(0, 3, 0, 96, 593.0629203738141)
(0, 3, 0, 97, 783.6924560030723)
(0, 3, 0, 98, 707.8577855293755)
(0, 3, 0, 99, 761.952954901132)
(0, 3, 0, 100, 855.350028823417)
(0, 3, 0, 101, 1174.4889941035783)
(0, 3, 0, 102, 695.9841742282614)
(0, 3, 0, 103, 595.2736070191377)
(0, 3, 0, 104, 861.7399834721275)
(0, 3, 0, 105, 760.0009827587525)
(0, 3, 0, 106, 856.6953852278209)
(0, 3, 0, 107, 688.4366987258644)
(0, 3, 0, 108, 695.7138478439875)
(0, 3, 0, 109, 735.3804022041777)
(0, 3, 0, 110, 833.7209540621021)
(0, 3, 0, 111, 538.9980546097883)
(0, 3, 0, 112, 364.07800055707304)
(0, 3, 0, 113, 728.5587550901533)
(0, 3, 0, 114, 893.8591552998862)
(0, 3, 0, 115, 434.7076122925716)
(0, 3, 0, 116, 705.0485869827194)
(0, 3, 0, 117, 648.0636264259768)
(0, 3, 0, 118, 837.0808883089965)
(0, 3, 0, 119, 815.6872555928896)
(0, 3, 0, 120, 707.7377971185185)
(0, 3, 0, 121, 903.0668147596898)
(0, 3, 0, 122, 804.4378582811986)
(0, 3, 0, 123, 704.097305437138)
(0, 3, 0, 124, 589.055837479998)
(0, 3, 0, 125, 747.1461406639577)
(0, 3, 0, 126, 897.3245099189282)
(0, 3, 0, 127, 617.4963038814078)
(0, 3, 0, 128, 900.0732214543856)
(0, 3, 0, 129, 758.0510884438004)
(0, 3, 0, 130, 518.1664752763403)
(0, 3, 0, 131, 476.6970839735858)
(0, 3, 0, 132, 469.8683765004057)
(0, 3, 0, 133, 691.254446916672)
(0, 3, 0, 134, 912.9138822339918)
(0, 3, 0, 135, 581.0901406722163)
(0, 3, 0, 136, 618.8670976836972)
(0, 3, 0, 137, 851.9486061556381)
(0, 3, 0, 138, 581.801959458773)
(0, 3, 0, 139, 947.979578221367)
(0, 3, 0, 140, 528.2282441705725)
(0, 3, 0, 141, 719.0778903830112)
(0, 3, 0, 142, 429.11093231702625)
(0, 3, 0, 143, 913.0824332362903)
(0, 3, 0, 144, 655.1625463571359)
(0, 3, 0, 145, 499.1061003938044)
(0, 3, 0, 146, 728.2085533686962)
(0, 3, 0, 147, 505.9652454356634)
(0, 3, 0, 148, 619.7366975055146)
(0, 3, 0, 149, 375.41000577536647)
(0, 3, 0, 150, 769.6129548913564)
(0, 3, 0, 151, 563.0461495588881)
(0, 3, 0, 152, 876.093670725763)
(0, 3, 0, 153, 583.0865430635125)
(0, 3, 0, 154, 663.9122272072052)
(0, 3, 0, 155, 744.1672647732498)
(0, 3, 0, 156, 686.7389096496681)
(0, 3, 0, 157, 685.4526613211788)
(0, 3, 0, 158, 481.0166540092877)
(0, 3, 0, 159, 912.423866964321)
(0, 3, 0, 160, 656.907694412177)
(0, 3, 0, 161, 665.323484226322)
(0, 3, 0, 162, 662.2431130485386)
(0, 3, 0, 163, 756.4540370192329)
(0, 3, 0, 164, 627.7524075453532)
(0, 3, 0, 165, 1101.0822766390033)
(0, 3, 0, 166, 580.911924623346)
(0, 3, 0, 167, 818.5897880267875)
(0, 3, 0, 168, 958.3774337947996)
(0, 3, 0, 169, 766.6201829398051)
(0, 3, 0, 170, 604.7190723173471)
(0, 3, 0, 171, 536.367733087449)
(0, 3, 0, 172, 749.4293931956397)
(0, 3, 0, 173, 1022.272244531093)
(0, 3, 0, 174, 497.0967587679309)
(0, 3, 0, 175, 832.0123830622812)
(0, 3, 0, 176, 579.8405210425249)
(0, 3, 0, 177, 379.36682092939265)
(0, 3, 0, 178, 671.6390051350618)
(0, 3, 0, 179, 754.015508782184)
(0, 3, 0, 180, 769.8127552276458)
(0, 3, 0, 181, 462.34610307202735)
(0, 3, 0, 182, 456.3881998334813)
(0, 3, 0, 183, 454.60350478712417)
(0, 3, 0, 184, 848.044983542115)
(0, 3, 0, 185, 653.2947037991067)
(0, 3, 0, 186, 407.7507604998534)
(0, 3, 0, 187, 614.1699717647832)
(0, 3, 0, 188, 622.2543064272849)
(0, 3, 0, 189, 610.2094679809871)
(0, 3, 0, 190, 650.8311847973463)
(0, 3, 0, 191, 674.1415387669638)
(0, 3, 0, 192, 578.0500676041682)
(0, 3, 0, 193, 632.5272966368226)
(0, 3, 0, 194, 1020.1429005130735)
(0, 3, 0, 195, 902.4068978979628)
(0, 3, 0, 196, 837.9482344739423)
(0, 3, 0, 197, 922.8370507104594)
(0, 3, 0, 198, 500.6918948783598)
(0, 3, 0, 199, 826.3145637689997)
(0, 3, 0, 200, 860.2999849009922)
(0, 3, 0, 201, 615.4637213935207)
(0, 3, 0, 202, 772.9423293331598)
(0, 3, 0, 203, 766.9562533988022)
(0, 3, 0, 204, 716.0479132849736)
(0, 3, 0, 205, 812.5320557809689)
(0, 3, 0, 206, 735.691051784189)
(0, 3, 0, 207, 892.2684571653459)
(0, 3, 0, 208, 905.9415263664334)
(0, 3, 0, 209, 595.755525810892)
(0, 3, 0, 210, 850.4995300452377)
(0, 3, 0, 211, 525.8295463943866)
(0, 3, 0, 212, 411.0129177700551)
(0, 3, 0, 213, 579.9868044413321)
(0, 3, 0, 214, 805.2226193890024)
(0, 3, 0, 215, 699.3528911329299)
(0, 3, 0, 216, 750.0525568951743)
(0, 3, 0, 217, 816.8451771563231)
(0, 3, 0, 218, 652.5494179251984)
(0, 3, 0, 219, 508.53511379684204)
(0, 3, 0, 220, 610.3241161334419)
(0, 3, 0, 221, 635.0872526348738)
(0, 3, 0, 222, 656.0870614927778)
(0, 3, 0, 223, 858.8906682582291)
(0, 3, 0, 224, 788.5897075881288)
(0, 3, 0, 225, 957.5261877752985)
(0, 3, 0, 226, 615.2892090053153)
(0, 3, 0, 227, 712.902459162179)
(0, 3, 0, 228, 550.4743335419064)
(0, 3, 0, 229, 813.2088954116958)
(0, 3, 0, 230, 552.865905570234)
(0, 3, 0, 231, 585.7899536948519)
(0, 3, 0, 232, 623.8423831583327)
(0, 3, 0, 233, 606.7842854885981)
(0, 3, 0, 234, 652.428540787168)
(0, 3, 0, 235, 696.396615375312)
(0, 3, 0, 236, 609.0511544589813)
(0, 3, 0, 237, 1055.6565953931492)
(0, 3, 0, 238, 826.3582398982769)
(0, 3, 0, 239, 844.978585563023)
(0, 3, 0, 240, 685.5844484720795)
(0, 3, 0, 241, 666.506195684797)
(0, 3, 0, 242, 635.7623314808754)
(0, 3, 0, 243, 695.668838021582)
(0, 3, 0, 244, 666.7669257045443)
(0, 3, 0, 245, 699.7910128822546)
(0, 3, 0, 246, 763.7192182327035)
(0, 3, 0, 247, 716.1813844800172)
(0, 3, 0, 248, 559.2295842642812)
(0, 3, 0, 249, 626.923865032683)
(0, 3, 1, 0, 1418.0668967449467)
(0, 3, 1, 1, 901.3602520912196)
(0, 3, 1, 2, 1230.3679992945217)
(0, 3, 1, 3, 1224.7789437378726)
(0, 3, 1, 4, 922.8155497959518)
(0, 3, 1, 5, 1335.7320095148439)
(0, 3, 1, 6, 1401.2146916450552)
(0, 3, 1, 7, 1508.9295416770362)
(0, 3, 1, 8, 1011.3263125958484)
(0, 3, 1, 9, 1410.4958862879355)
(0, 3, 1, 10, 1602.946437383014)
(0, 3, 1, 11, 1230.2938501406923)
(0, 3, 1, 12, 939.5194119480133)
(0, 3, 1, 13, 1659.6385030849333)
(0, 3, 1, 14, 1225.4486810667509)
(0, 3, 1, 15, 1092.5650742317546)
(0, 3, 1, 16, 1394.8372021115767)
(0, 3, 1, 17, 1161.4588032690363)
(0, 3, 1, 18, 883.4896976929973)
(0, 3, 1, 19, 1128.71699235709)
(0, 3, 1, 20, 1312.7573075130704)
(0, 3, 1, 21, 1369.602691025413)
(0, 3, 1, 22, 1506.0895493279945)
(0, 3, 1, 23, 1142.2859689298837)
(0, 3, 1, 24, 1506.5953438127165)
(0, 3, 1, 25, 1300.0799712139903)
(0, 3, 1, 26, 850.9082584287898)
(0, 3, 1, 27, 1506.7450356993022)
(0, 3, 1, 28, 1622.0203439818235)
(0, 3, 1, 29, 1597.5881662417312)
(0, 3, 1, 30, 913.9049366564328)
(0, 3, 1, 31, 1190.91194648735)
(0, 3, 1, 32, 1294.4180148476185)
(0, 3, 1, 33, 1104.7425455274104)
(0, 3, 1, 34, 1317.7796316769272)
(0, 3, 1, 35, 1067.329886538392)
(0, 3, 1, 36, 1137.8569377130855)
(0, 3, 1, 37, 1057.543360181674)
(0, 3, 1, 38, 1476.2393869983625)
(0, 3, 1, 39, 1412.548827849142)
(0, 3, 1, 40, 1345.3512753556354)
(0, 3, 1, 41, 1169.629702782439)
(0, 3, 1, 42, 1340.8319197021879)
(0, 3, 1, 43, 1486.6367010849158)
(0, 3, 1, 44, 1302.8944541367125)
(0, 3, 1, 45, 1044.4327302500897)
(0, 3, 1, 46, 1261.287744118919)
(0, 3, 1, 47, 1470.2093294820404)
(0, 3, 1, 48, 1142.188690681355)
(0, 3, 1, 49, 1225.4669731819185)
(0, 3, 1, 50, 1203.5357706510135)
(0, 3, 1, 51, 865.4422665561041)
(0, 3, 1, 52, 1069.907122741981)
(0, 3, 1, 53, 1279.088941458383)
(0, 3, 1, 54, 1272.7573551426517)
(0, 3, 1, 55, 1420.7530883528402)
(0, 3, 1, 56, 1473.2391543656597)
(0, 3, 1, 57, 1540.1304369518964)
(0, 3, 1, 58, 1168.468954258803)
(0, 3, 1, 59, 1374.5512052445538)
(0, 3, 1, 60, 1481.8551382777173)
(0, 3, 1, 61, 1268.800101093224)
(0, 3, 1, 62, 976.1002175323803)
(0, 3, 1, 63, 1553.1369372381614)
(0, 3, 1, 64, 1343.7844760191535)
(0, 3, 1, 65, 1179.0243908622062)
(0, 3, 1, 66, 1337.190572289884)
(0, 3, 1, 67, 1190.8476377246313)
(0, 3, 1, 68, 1400.550924369737)
(0, 3, 1, 69, 1752.975310965013)
(0, 3, 1, 70, 1424.0534477523727)
(0, 3, 1, 71, 869.7925917291716)
(0, 3, 1, 72, 1276.5767169813753)
(0, 3, 1, 73, 477.0206219636686)
(0, 3, 1, 74, 1634.4242754015584)
(0, 3, 1, 75, 1206.7511231952674)
(0, 3, 1, 76, 1531.0679022948766)
(0, 3, 1, 77, 1152.778971240695)
(0, 3, 1, 78, 1414.371617515665)
(0, 3, 1, 79, 1045.6066834708383)
(0, 3, 1, 80, 1178.4733108420567)
(0, 3, 1, 81, 1368.247084007963)
(0, 3, 1, 82, 1204.2597065421287)
(0, 3, 1, 83, 1264.135520175037)
(0, 3, 1, 84, 872.6245832948485)
(0, 3, 1, 85, 1114.4192166264042)
(0, 3, 1, 86, 1402.6981769685995)
(0, 3, 1, 87, 1627.9707781380312)
(0, 3, 1, 88, 1153.3748572547092)
(0, 3, 1, 89, 1346.3748905825228)
(0, 3, 1, 90, 1663.6420917881226)
(0, 3, 1, 91, 1046.1000650932322)
(0, 3, 1, 92, 1473.2765324851432)
(0, 3, 1, 93, 967.9332881187305)
(0, 3, 1, 94, 1454.5127933666247)
(0, 3, 1, 95, 1334.240184911168)
(0, 3, 1, 96, 1253.080666063886)
(0, 3, 1, 97, 940.0535723329986)
(0, 3, 1, 98, 1428.688255660667)
(0, 3, 1, 99, 1283.7179139202321)
(0, 3, 1, 100, 1237.1725218679874)
(0, 3, 1, 101, 1411.205128202393)
(0, 3, 1, 102, 1522.2601305778862)
(0, 3, 1, 103, 1369.355233415834)
(0, 3, 1, 104, 1103.3788278949078)
(0, 3, 1, 105, 936.4680820727392)
(0, 3, 1, 106, 1172.2309434080637)
(0, 3, 1, 107, 1512.3234084167052)
(0, 3, 1, 108, 1025.1904063297175)
(0, 3, 1, 109, 1469.0686167025813)
(0, 3, 1, 110, 1321.3820268832467)
(0, 3, 1, 111, 1146.4580886176561)
(0, 3, 1, 112, 1276.0135187348603)
(0, 3, 1, 113, 1626.389981911042)
(0, 3, 1, 114, 1499.8021941179613)
(0, 3, 1, 115, 1009.6988432480264)
(0, 3, 1, 116, 1307.907494486271)
(0, 3, 1, 117, 1297.537325833341)
(0, 3, 1, 118, 1562.2136696588861)
(0, 3, 1, 119, 1732.7466363555627)
(0, 3, 1, 120, 1305.508864535431)
(0, 3, 1, 121, 1461.18984805687)
(0, 3, 1, 122, 510.8709980506872)
(0, 3, 1, 123, 1213.2175077501804)
(0, 3, 1, 124, 1149.5077209375756)
(0, 3, 1, 125, 1486.0899911810802)
(0, 3, 1, 126, 1380.9152519959778)
(0, 3, 1, 127, 1243.7836662517127)
(0, 3, 1, 128, 1632.2773707652962)
(0, 3, 1, 129, 1205.7400206333439)
(0, 3, 1, 130, 1147.6846197986442)
(0, 3, 1, 131, 1246.8836497094437)
(0, 3, 1, 132, 1223.6838280033614)
(0, 3, 1, 133, 1390.4837842137529)
(0, 3, 1, 134, 1371.0069539597434)
(0, 3, 1, 135, 1365.1856075668152)
(0, 3, 1, 136, 1051.5904479103915)
(0, 3, 1, 137, 1122.96074661762)
(0, 3, 1, 138, 1104.826357326583)
(0, 3, 1, 139, 1243.9055245907477)
(0, 3, 1, 140, 1278.7296310514803)
(0, 3, 1, 141, 1127.5948827732166)
(0, 3, 1, 142, 862.5602061209541)
(0, 3, 1, 143, 1358.8437904438024)
(0, 3, 1, 144, 1366.6501939898517)
(0, 3, 1, 145, 1261.0236544520606)
(0, 3, 1, 146, 1054.4738572058561)
(0, 3, 1, 147, 1331.047945649423)
(0, 3, 1, 148, 1402.7971986807552)
(0, 3, 1, 149, 1554.2468757881065)
(0, 3, 1, 150, 1509.3761531374419)
(0, 3, 1, 151, 1344.6231705597315)
(0, 3, 1, 152, 1400.4376285570013)
(0, 3, 1, 153, 1384.8133816810857)
(0, 3, 1, 154, 1401.8364546666958)
(0, 3, 1, 155, 1178.42347864012)
(0, 3, 1, 156, 1105.9008583604004)
(0, 3, 1, 157, 1568.392190066843)
(0, 3, 1, 158, 1234.3359966734504)
(0, 3, 1, 159, 904.0035683054007)
(0, 3, 1, 160, 941.1648950645214)
(0, 3, 1, 161, 1389.4027413418448)
(0, 3, 1, 162, 1023.824587891473)
(0, 3, 1, 163, 945.099170338347)
(0, 3, 1, 164, 1156.746347101096)
(0, 3, 1, 165, 1277.511970019765)
(0, 3, 1, 166, 1357.8544563129003)
(0, 3, 1, 167, 1007.6062006335721)
(0, 3, 1, 168, 1157.1767678783708)
(0, 3, 1, 169, 917.5423396598633)
(0, 3, 1, 170, 1343.898566803755)
(0, 3, 1, 171, 1663.0943031357647)
(0, 3, 1, 172, 971.636373101888)
(0, 3, 1, 173, 1337.586278810952)
(0, 3, 1, 174, 1575.23388963701)
(0, 3, 1, 175, 1378.617763429227)
(0, 3, 1, 176, 842.2773598418587)
(0, 3, 1, 177, 1427.5012136915777)
(0, 3, 1, 178, 1405.049224086102)
(0, 3, 1, 179, 1456.7923051186474)
(0, 3, 1, 180, 1492.880843468636)
(0, 3, 1, 181, 1157.0129612141202)
(0, 3, 1, 182, 1312.1057309818898)
(0, 3, 1, 183, 510.98893831911425)
(0, 3, 1, 184, 992.1759217342368)
(0, 3, 1, 185, 1301.1531839933527)
(0, 3, 1, 186, 1099.877748546997)
(0, 3, 1, 187, 920.5797321528302)
(0, 3, 1, 188, 1126.565956271699)
(0, 3, 1, 189, 1239.5529967856812)
(0, 3, 1, 190, 550.3109992184231)
(0, 3, 1, 191, 886.5773665951996)
(0, 3, 1, 192, 1090.5246498335937)
(0, 3, 1, 193, 1238.6579148204428)
(0, 3, 1, 194, 1351.4337994437)
(0, 3, 1, 195, 1227.4474632244624)
(0, 3, 1, 196, 1410.7109855739184)
(0, 3, 1, 197, 1226.9052441997953)
(0, 3, 1, 198, 1396.8029813033986)
(0, 3, 1, 199, 1034.2545264891596)
(0, 3, 1, 200, 1244.4526057133694)
(0, 3, 1, 201, 876.9077802617117)
(0, 3, 1, 202, 1438.4206098140048)
(0, 3, 1, 203, 1475.2881017140196)
(0, 3, 1, 204, 1269.6486343407003)
(0, 3, 1, 205, 1044.7815581798786)
(0, 3, 1, 206, 1367.1526712626273)
(0, 3, 1, 207, 1014.1561108911009)
(0, 3, 1, 208, 1059.5360128067468)
(0, 3, 1, 209, 1307.4526979332286)
(0, 3, 1, 210, 1405.3091255503502)
(0, 3, 1, 211, 1402.9012868623668)
(0, 3, 1, 212, 1099.0080454697586)
(0, 3, 1, 213, 1285.4501508228273)
(0, 3, 1, 214, 1099.3681015217828)
(0, 3, 1, 215, 1610.1022224370122)
(0, 3, 1, 216, 1255.2372467557743)
(0, 3, 1, 217, 1068.1994429345411)
(0, 3, 1, 218, 849.3514956180977)
(0, 3, 1, 219, 971.6734815727273)
(0, 3, 1, 220, 1681.315423385156)
(0, 3, 1, 221, 1375.0591214480028)
(0, 3, 1, 222, 1507.3319617969123)
(0, 3, 1, 223, 1077.4378860048153)
(0, 3, 1, 224, 1428.5604757152887)
(0, 3, 1, 225, 1540.1643920214826)
(0, 3, 1, 226, 1445.3804317966642)
(0, 3, 1, 227, 1130.3664308798357)
(0, 3, 1, 228, 1317.5782529222724)
(0, 3, 1, 229, 952.1203997372637)
(0, 3, 1, 230, 1111.7766475584842)
(0, 3, 1, 231, 1383.5639793141136)
(0, 3, 1, 232, 1365.2195038993045)
(0, 3, 1, 233, 1174.7474784676863)
(0, 3, 1, 234, 1213.1578348025796)
(0, 3, 1, 235, 1271.9610237696927)
(0, 3, 1, 236, 1269.6022619210646)
(0, 3, 1, 237, 1263.9478965941234)
(0, 3, 1, 238, 1416.0324801055917)
(0, 3, 1, 239, 894.7505844078893)
(0, 3, 1, 240, 1588.0454081619826)
(0, 3, 1, 241, 1155.1151871488314)
(0, 3, 1, 242, 1530.5364872612015)
(0, 3, 1, 243, 1404.0349402249203)
(0, 3, 1, 244, 1640.6348056809663)
(0, 3, 1, 245, 1360.8742415820332)
(0, 3, 1, 246, 1446.67313471393)
(0, 3, 1, 247, 696.6771357439544)
(0, 3, 1, 248, 1408.7535118337507)
(0, 3, 1, 249, 1361.336832555542)
(0, 4, 0, 0, 539.943416984677)
(0, 4, 0, 1, 673.3855600295794)
(0, 4, 0, 2, 721.2006687524961)
(0, 4, 0, 3, 739.5183200401565)
(0, 4, 0, 4, 596.0576395444072)
(0, 4, 0, 5, 897.008582549483)
(0, 4, 0, 6, 538.3640729270548)
(0, 4, 0, 7, 650.2953678980919)
(0, 4, 0, 8, 647.9333319259908)
(0, 4, 0, 9, 706.2976243093669)
(0, 4, 0, 10, 407.6465151449767)
(0, 4, 0, 11, 614.3099155482757)
(0, 4, 0, 12, 855.6258431945292)
(0, 4, 0, 13, 763.4896453052315)
(0, 4, 0, 14, 926.5746045636536)
(0, 4, 0, 15, 597.1027445865842)
(0, 4, 0, 16, 801.9929647228162)
(0, 4, 0, 17, 1088.9044112636727)
(0, 4, 0, 18, 1076.3630591025303)
(0, 4, 0, 19, 919.6650446466768)
(0, 4, 0, 20, 621.3656105487372)
(0, 4, 0, 21, 1008.4879639699914)
(0, 4, 0, 22, 716.1219083491951)
(0, 4, 0, 23, 1042.633838230149)
(0, 4, 0, 24, 769.3858652939236)
(0, 4, 0, 25, 520.1243912362444)
(0, 4, 0, 26, 578.5297835928438)
(0, 4, 0, 27, 789.6327457574846)
(0, 4, 0, 28, 857.5222873630805)
(0, 4, 0, 29, 555.1623527572053)
(0, 4, 0, 30, 743.1816338677255)
(0, 4, 0, 31, 730.7750485122474)
(0, 4, 0, 32, 948.9768451975217)
(0, 4, 0, 33, 610.7968708733445)
(0, 4, 0, 34, 555.7486844871822)
(0, 4, 0, 35, 471.88856909579755)
(0, 4, 0, 36, 662.9716609239238)
(0, 4, 0, 37, 597.8585247686476)
(0, 4, 0, 38, 713.6243407874334)
(0, 4, 0, 39, 714.0475021095119)
(0, 4, 0, 40, 680.7616524254198)
(0, 4, 0, 41, 751.9641866875039)
(0, 4, 0, 42, 764.8361765839704)
(0, 4, 0, 43, 745.2518249424986)
(0, 4, 0, 44, 685.3547035038379)
(0, 4, 0, 45, 692.2468261978137)
(0, 4, 0, 46, 858.3658061753492)
(0, 4, 0, 47, 751.4444201246521)
(0, 4, 0, 48, 604.6424023546533)
(0, 4, 0, 49, 813.7188251731646)
(0, 4, 0, 50, 985.0083084237147)
(0, 4, 0, 51, 624.847890162473)
(0, 4, 0, 52, 847.6782620110544)
(0, 4, 0, 53, 713.2602720734552)
(0, 4, 0, 54, 675.2392991794508)
(0, 4, 0, 55, 767.9057436486826)
(0, 4, 0, 56, 712.2487320219589)
(0, 4, 0, 57, 793.0482908138739)
(0, 4, 0, 58, 771.8750053944311)
(0, 4, 0, 59, 829.2272666489829)
(0, 4, 0, 60, 1236.10778705778)
(0, 4, 0, 61, 1113.2270898382505)
(0, 4, 0, 62, 495.04625393077566)
(0, 4, 0, 63, 573.9951429910176)
(0, 4, 0, 64, 1030.0929199226614)
(0, 4, 0, 65, 890.156585676694)
(0, 4, 0, 66, 467.1244791432638)
(0, 4, 0, 67, 613.6276942430823)
(0, 4, 0, 68, 756.4599676523248)
(0, 4, 0, 69, 576.1640930362568)
(0, 4, 0, 70, 876.6852905332095)
(0, 4, 0, 71, 1068.6724823240893)
(0, 4, 0, 72, 874.1196726884209)
(0, 4, 0, 73, 722.283973979062)
(0, 4, 0, 74, 627.1760284125643)
(0, 4, 0, 75, 705.5471040862353)
(0, 4, 0, 76, 610.652048732555)
(0, 4, 0, 77, 1054.6639762575398)
(0, 4, 0, 78, 671.6995562713735)
(0, 4, 0, 79, 904.186358372913)
(0, 4, 0, 80, 777.1641095576127)
(0, 4, 0, 81, 820.6384996429907)
(0, 4, 0, 82, 757.6905469436379)
(0, 4, 0, 83, 778.3982561534146)
(0, 4, 0, 84, 744.8755647452913)
(0, 4, 0, 85, 638.4465833623339)
(0, 4, 0, 86, 651.3747627061043)
(0, 4, 0, 87, 749.7921119023733)
(0, 4, 0, 88, 770.6040196353617)
(0, 4, 0, 89, 821.878203576463)
(0, 4, 0, 90, 696.6456407760356)
(0, 4, 0, 91, 532.1339306370676)
(0, 4, 0, 92, 973.1388760213297)
(0, 4, 0, 93, 701.775849153736)
(0, 4, 0, 94, 883.2314845205287)
(0, 4, 0, 95, 621.0923330002327)
(0, 4, 0, 96, 544.6203715808263)
(0, 4, 0, 97, 1069.6033497064936)
(0, 4, 0, 98, 918.1270257366507)
(0, 4, 0, 99, 1090.7129625781304)
(0, 4, 0, 100, 799.2127981644765)
(0, 4, 0, 101, 1201.440672719442)
(0, 4, 0, 102, 671.5130896344677)
(0, 4, 0, 103, 802.3444739078233)
(0, 4, 0, 104, 954.7263469926881)
(0, 4, 0, 105, 742.3370172886755)
(0, 4, 0, 106, 883.7542238575663)
(0, 4, 0, 107, 649.2854024487168)
(0, 4, 0, 108, 914.8049988374166)
(0, 4, 0, 109, 887.987719296956)
(0, 4, 0, 110, 1144.2762999851045)
(0, 4, 0, 111, 650.2766670404596)
(0, 4, 0, 112, 513.0826429701901)
(0, 4, 0, 113, 835.2981691059506)
(0, 4, 0, 114, 775.6415451365598)
(0, 4, 0, 115, 750.5554215742667)
(0, 4, 0, 116, 618.6201450944839)
(0, 4, 0, 117, 677.8533171801719)
(0, 4, 0, 118, 1101.8716741731794)
(0, 4, 0, 119, 720.5581932806398)
(0, 4, 0, 120, 842.840478253407)
(0, 4, 0, 121, 1018.3570880951994)
(0, 4, 0, 122, 957.2706305721091)
(0, 4, 0, 123, 766.0706068633793)
(0, 4, 0, 124, 570.425044203445)
(0, 4, 0, 125, 830.8674870548343)
(0, 4, 0, 126, 884.7809728502635)
(0, 4, 0, 127, 664.9863604994952)
(0, 4, 0, 128, 837.769155905769)
(0, 4, 0, 129, 697.1262344659278)
(0, 4, 0, 130, 796.4739514450905)
(0, 4, 0, 131, 524.1876135755319)
(0, 4, 0, 132, 682.2292942667958)
(0, 4, 0, 133, 679.0680119900463)
(0, 4, 0, 134, 810.7686492304032)
(0, 4, 0, 135, 690.4668950177344)
(0, 4, 0, 136, 532.9061000415113)
(0, 4, 0, 137, 881.0248764376648)
(0, 4, 0, 138, 717.0299295773495)
(0, 4, 0, 139, 1048.136897997428)
(0, 4, 0, 140, 634.5164821028651)
(0, 4, 0, 141, 830.7059760251478)
(0, 4, 0, 142, 606.893224040597)
(0, 4, 0, 143, 837.3164891025455)
(0, 4, 0, 144, 666.2510616980394)
(0, 4, 0, 145, 476.83362221427416)
(0, 4, 0, 146, 720.8766561040999)
(0, 4, 0, 147, 569.6347467795712)
(0, 4, 0, 148, 763.5435116797124)
(0, 4, 0, 149, 420.7082615420428)
(0, 4, 0, 150, 923.8002273905901)
(0, 4, 0, 151, 501.5294925249872)
(0, 4, 0, 152, 986.2409507679951)
(0, 4, 0, 153, 707.2080717271873)
(0, 4, 0, 154, 743.2133672136616)
(0, 4, 0, 155, 824.5775375298837)
(0, 4, 0, 156, 805.0497540479821)
(0, 4, 0, 157, 725.9813660630473)
(0, 4, 0, 158, 510.3752417944443)
(0, 4, 0, 159, 1285.362918996267)
(0, 4, 0, 160, 745.5590651155244)
(0, 4, 0, 161, 765.3286968499552)
(0, 4, 0, 162, 822.5388020354111)
(0, 4, 0, 163, 862.5183641889389)
(0, 4, 0, 164, 671.4504716035847)
(0, 4, 0, 165, 1104.5997413859525)
(0, 4, 0, 166, 667.4737629679944)
(0, 4, 0, 167, 903.6766044874734)
(0, 4, 0, 168, 958.4460017377086)
(0, 4, 0, 169, 788.3415853911757)
(0, 4, 0, 170, 942.789647304091)
(0, 4, 0, 171, 584.9986048473904)
(0, 4, 0, 172, 1003.525814427156)
(0, 4, 0, 173, 941.0467816188033)
(0, 4, 0, 174, 923.1590644986321)
(0, 4, 0, 175, 894.0128526415024)
(0, 4, 0, 176, 658.4324152862426)
(0, 4, 0, 177, 393.93244333028895)
(0, 4, 0, 178, 668.4539191674294)
(0, 4, 0, 179, 754.9959754461499)
(0, 4, 0, 180, 901.0657740363187)
(0, 4, 0, 181, 483.47652596043207)
(0, 4, 0, 182, 546.81786857233)
(0, 4, 0, 183, 568.5322946392688)
(0, 4, 0, 184, 796.3696976727074)
(0, 4, 0, 185, 759.6964225146315)
(0, 4, 0, 186, 406.440556888593)
(0, 4, 0, 187, 721.8249777610032)
(0, 4, 0, 188, 581.155025512693)
(0, 4, 0, 189, 692.8995714713939)
(0, 4, 0, 190, 664.2684237336896)
(0, 4, 0, 191, 689.1460625257474)
(0, 4, 0, 192, 654.7585634636181)
(0, 4, 0, 193, 592.8147306295408)
(0, 4, 0, 194, 938.9711490934981)
(0, 4, 0, 195, 899.4605062056378)
(0, 4, 0, 196, 796.9438331246951)
(0, 4, 0, 197, 832.929405865267)
(0, 4, 0, 198, 597.8969750702397)
(0, 4, 0, 199, 792.630117011042)
(0, 4, 0, 200, 964.1640940148862)
(0, 4, 0, 201, 722.9284332922703)
(0, 4, 0, 202, 942.6949348843114)
(0, 4, 0, 203, 872.1063564413383)
(0, 4, 0, 204, 828.6581875007138)
(0, 4, 0, 205, 663.2458644043944)
(0, 4, 0, 206, 628.547915340187)
(0, 4, 0, 207, 1074.2998181352568)
(0, 4, 0, 208, 1172.586505387373)
(0, 4, 0, 209, 740.0125014799902)
(0, 4, 0, 210, 874.215151054908)
(0, 4, 0, 211, 388.65315176363083)
(0, 4, 0, 212, 443.8785756703529)
(0, 4, 0, 213, 604.0332806084692)
(0, 4, 0, 214, 839.4888369713352)
(0, 4, 0, 215, 827.6065415324477)
(0, 4, 0, 216, 646.6705980994129)
(0, 4, 0, 217, 1031.19951492134)
(0, 4, 0, 218, 915.5013762187115)
(0, 4, 0, 219, 587.5556940954539)
(0, 4, 0, 220, 650.7249258113153)
(0, 4, 0, 221, 674.2058845109455)
(0, 4, 0, 222, 758.432054015027)
(0, 4, 0, 223, 829.3911119816083)
(0, 4, 0, 224, 730.7014967793882)
(0, 4, 0, 225, 1064.5658352045596)
(0, 4, 0, 226, 720.8079069290194)
(0, 4, 0, 227, 774.3244687784193)
(0, 4, 0, 228, 718.9578019603754)
(0, 4, 0, 229, 823.2444139682979)
(0, 4, 0, 230, 647.8420449569074)
(0, 4, 0, 231, 712.439414733792)
(0, 4, 0, 232, 640.1950953310647)
(0, 4, 0, 233, 755.6523191187932)
(0, 4, 0, 234, 721.8373087806134)
(0, 4, 0, 235, 881.0285521922048)
(0, 4, 0, 236, 729.3856548776508)
(0, 4, 0, 237, 926.4059992371108)
(0, 4, 0, 238, 1131.0777319159545)
(0, 4, 0, 239, 858.2844811197565)
(0, 4, 0, 240, 876.2953274016566)
(0, 4, 0, 241, 484.43044319981044)
(0, 4, 0, 242, 753.2424828311866)
(0, 4, 0, 243, 769.4054338656555)
(0, 4, 0, 244, 717.472849821375)
(0, 4, 0, 245, 642.0043863065268)
(0, 4, 0, 246, 804.438343291177)
(0, 4, 0, 247, 728.0960857764279)
(0, 4, 0, 248, 534.9905754228972)
(0, 4, 0, 249, 679.0760466859467)
(0, 4, 1, 0, 1504.474388590824)
(0, 4, 1, 1, 1184.6559481735333)
(0, 4, 1, 2, 1302.019753846163)
(0, 4, 1, 3, 1360.59522420866)
(0, 4, 1, 4, 1064.6532951070683)
(0, 4, 1, 5, 1293.1016872552823)
(0, 4, 1, 6, 1686.5218981603002)
(0, 4, 1, 7, 1686.7184403490273)
(0, 4, 1, 8, 1119.0243554109727)
(0, 4, 1, 9, 1599.8990216087288)
(0, 4, 1, 10, 1660.3311874931705)
(0, 4, 1, 11, 1306.8326446990673)
(0, 4, 1, 12, 962.1366282172604)
(0, 4, 1, 13, 1581.6538989168678)
(0, 4, 1, 14, 1221.1367663438452)
(0, 4, 1, 15, 1160.631606804098)
(0, 4, 1, 16, 1407.9905451139648)
(0, 4, 1, 17, 1388.4088275528034)
(0, 4, 1, 18, 1023.3527675733654)
(0, 4, 1, 19, 1144.9556939579422)
(0, 4, 1, 20, 1465.4987709563648)
(0, 4, 1, 21, 1536.7744317912582)
(0, 4, 1, 22, 1594.0623808146447)
(0, 4, 1, 23, 1276.55468337332)
(0, 4, 1, 24, 1583.4354082700454)
(0, 4, 1, 25, 1394.443900109468)
(0, 4, 1, 26, 895.7759091579126)
(0, 4, 1, 27, 1908.6486511775217)
(0, 4, 1, 28, 1661.869083718828)
(0, 4, 1, 29, 1379.5596272219077)
(0, 4, 1, 30, 937.5340526438588)
(0, 4, 1, 31, 1233.276987165339)
(0, 4, 1, 32, 1398.108563223176)
(0, 4, 1, 33, 1379.755868434317)
(0, 4, 1, 34, 1598.155419569126)
(0, 4, 1, 35, 1095.8979772013147)
(0, 4, 1, 36, 1412.7074809839987)
(0, 4, 1, 37, 1115.310535128405)
(0, 4, 1, 38, 1428.5227683386674)
(0, 4, 1, 39, 1585.1730886792084)
(0, 4, 1, 40, 1442.7785803031118)
(0, 4, 1, 41, 1350.580905984028)
(0, 4, 1, 42, 1316.523096190879)
(0, 4, 1, 43, 1661.9960489181842)
(0, 4, 1, 44, 1494.067311401915)
(0, 4, 1, 45, 1078.924004991862)
(0, 4, 1, 46, 1487.790935262591)
(0, 4, 1, 47, 1680.2960568279489)
(0, 4, 1, 48, 1419.026474429941)
(0, 4, 1, 49, 1489.1416386560325)
(0, 4, 1, 50, 1288.8890521287558)
(0, 4, 1, 51, 873.7472214240755)
(0, 4, 1, 52, 1226.7418960091493)
(0, 4, 1, 53, 1466.4739805932159)
(0, 4, 1, 54, 1228.4328320961731)
(0, 4, 1, 55, 1641.1587336330692)
(0, 4, 1, 56, 1699.5024925672394)
(0, 4, 1, 57, 1597.357137652753)
(0, 4, 1, 58, 1248.155737179077)
(0, 4, 1, 59, 1611.0280975791015)
(0, 4, 1, 60, 1674.384485595257)
(0, 4, 1, 61, 1234.4855757732594)
(0, 4, 1, 62, 1179.9487424934543)
(0, 4, 1, 63, 1592.6200874645563)
(0, 4, 1, 64, 1500.4009014138271)
(0, 4, 1, 65, 1292.2259701269493)
(0, 4, 1, 66, 1280.7378414493605)
(0, 4, 1, 67, 1299.0357979902883)
(0, 4, 1, 68, 1463.807181450054)
(0, 4, 1, 69, 1793.3714668981215)
(0, 4, 1, 70, 1561.2724966158155)
(0, 4, 1, 71, 1213.387336245334)
(0, 4, 1, 72, 1455.8111349484702)
(0, 4, 1, 73, 492.0888273326418)
(0, 4, 1, 74, 1572.5049475852168)
(0, 4, 1, 75, 1316.825494115741)
(0, 4, 1, 76, 1981.853784539584)
(0, 4, 1, 77, 1314.9626628257768)
(0, 4, 1, 78, 1572.3844090930804)
(0, 4, 1, 79, 1055.2692514068542)
(0, 4, 1, 80, 1269.733107114432)
(0, 4, 1, 81, 1467.2863418515121)
(0, 4, 1, 82, 1442.6883320061854)
(0, 4, 1, 83, 1209.3862997220533)
(0, 4, 1, 84, 1009.1230007116133)
(0, 4, 1, 85, 1184.3862729484692)
(0, 4, 1, 86, 1653.4426411336758)
(0, 4, 1, 87, 1653.4513677299226)
(0, 4, 1, 88, 1306.251836092479)
(0, 4, 1, 89, 1178.2274668610237)
(0, 4, 1, 90, 1560.5929887634927)
(0, 4, 1, 91, 1238.015943111967)
(0, 4, 1, 92, 1412.5919740987556)
(0, 4, 1, 93, 994.4677826317588)
(0, 4, 1, 94, 1657.7133645722895)
(0, 4, 1, 95, 1676.794551789014)
(0, 4, 1, 96, 1381.4391072224382)
(0, 4, 1, 97, 900.3006504047477)
(0, 4, 1, 98, 1398.1475175015187)
(0, 4, 1, 99, 1305.9608348900383)
(0, 4, 1, 100, 1269.392894994938)
(0, 4, 1, 101, 1546.9243225312825)
(0, 4, 1, 102, 1741.927488902472)
(0, 4, 1, 103, 1474.076078196054)
(0, 4, 1, 104, 1056.594045296614)
(0, 4, 1, 105, 1019.6273125462333)
(0, 4, 1, 106, 1317.5818308639678)
(0, 4, 1, 107, 1454.9728711464857)
(0, 4, 1, 108, 1030.8298261210994)
(0, 4, 1, 109, 1507.2870134794323)
(0, 4, 1, 110, 1327.7059157964989)
(0, 4, 1, 111, 1101.1463881755935)
(0, 4, 1, 112, 1408.7332015718293)
(0, 4, 1, 113, 1580.2229755654853)
(0, 4, 1, 114, 1530.0759099880934)
(0, 4, 1, 115, 937.3040628596656)
(0, 4, 1, 116, 1542.14541384654)
(0, 4, 1, 117, 1258.1942291401658)
(0, 4, 1, 118, 1526.4174158097421)
(0, 4, 1, 119, 1767.9614541072308)
(0, 4, 1, 120, 1254.1507188632163)
(0, 4, 1, 121, 1459.5201192913948)
(0, 4, 1, 122, 478.62630489999106)
(0, 4, 1, 123, 1290.515472358439)
(0, 4, 1, 124, 1251.5932959035088)
(0, 4, 1, 125, 1660.420417986914)
(0, 4, 1, 126, 1600.290963342494)
(0, 4, 1, 127, 1426.6907804703267)
(0, 4, 1, 128, 1856.6392647768766)
(0, 4, 1, 129, 1475.3366471634038)
(0, 4, 1, 130, 1091.2575839200254)
(0, 4, 1, 131, 1279.6950852431592)
(0, 4, 1, 132, 1266.7673991468378)
(0, 4, 1, 133, 1639.6789950724328)
(0, 4, 1, 134, 1600.0465300913866)
(0, 4, 1, 135, 1464.247655818876)
(0, 4, 1, 136, 1114.9195247187793)
(0, 4, 1, 137, 1482.0826554637565)
(0, 4, 1, 138, 1381.1322916654585)
(0, 4, 1, 139, 1469.5132818867153)
(0, 4, 1, 140, 1413.369560151653)
(0, 4, 1, 141, 1245.0514978869976)
(0, 4, 1, 142, 1010.0541084202)
(0, 4, 1, 143, 1606.616412292864)
(0, 4, 1, 144, 1582.247296808175)
(0, 4, 1, 145, 1381.127076060567)
(0, 4, 1, 146, 1086.437962401643)
(0, 4, 1, 147, 1478.1072581997425)
(0, 4, 1, 148, 1566.8348187662737)
(0, 4, 1, 149, 1471.208798617323)
(0, 4, 1, 150, 1960.164563212036)
(0, 4, 1, 151, 1514.2492998144212)
(0, 4, 1, 152, 1621.6280909240677)
(0, 4, 1, 153, 1381.0783018540894)
(0, 4, 1, 154, 1639.5087322844752)
(0, 4, 1, 155, 1264.6536020719943)
(0, 4, 1, 156, 1218.0947008099317)
(0, 4, 1, 157, 1691.9666858881696)
(0, 4, 1, 158, 1490.666753683886)
(0, 4, 1, 159, 1110.9235929836045)
(0, 4, 1, 160, 989.105066941385)
(0, 4, 1, 161, 1426.6490085111923)
(0, 4, 1, 162, 934.117560109609)
(0, 4, 1, 163, 950.2061033620662)
(0, 4, 1, 164, 1273.815109394228)
(0, 4, 1, 165, 1410.9539958298026)
(0, 4, 1, 166, 1522.3719550504786)
(0, 4, 1, 167, 1037.4881202812985)
(0, 4, 1, 168, 1345.7763058393632)
(0, 4, 1, 169, 976.2110598550371)
(0, 4, 1, 170, 1587.151755739724)
(0, 4, 1, 171, 1540.755258989775)
(0, 4, 1, 172, 1051.6992010023775)
(0, 4, 1, 173, 1529.507590413349)
(0, 4, 1, 174, 1642.6634426559535)
(0, 4, 1, 175, 1585.5435165833599)
(0, 4, 1, 176, 1060.0192567576921)
(0, 4, 1, 177, 1585.6466498453444)
(0, 4, 1, 178, 1423.655801690911)
(0, 4, 1, 179, 1929.26812442566)
(0, 4, 1, 180, 1694.9811767353651)
(0, 4, 1, 181, 1288.4072182141456)
(0, 4, 1, 182, 1524.9832871087917)
(0, 4, 1, 183, 586.7759111456162)
(0, 4, 1, 184, 1074.8830116288123)
(0, 4, 1, 185, 1339.0262506202216)
(0, 4, 1, 186, 1384.8495548226958)
(0, 4, 1, 187, 1089.3899585855183)
(0, 4, 1, 188, 1320.9729003925645)
(0, 4, 1, 189, 1360.8446812303712)
(0, 4, 1, 190, 702.9487477455647)
(0, 4, 1, 191, 1092.9065373508336)
(0, 4, 1, 192, 1167.3554898069394)
(0, 4, 1, 193, 1168.2240362963887)
(0, 4, 1, 194, 1339.4421337433344)
(0, 4, 1, 195, 1532.5204478337034)
(0, 4, 1, 196, 1462.335856597919)
(0, 4, 1, 197, 1399.7272041811887)
(0, 4, 1, 198, 1501.9520415833438)
(0, 4, 1, 199, 1256.5995930559523)
(0, 4, 1, 200, 1408.1768097462336)
(0, 4, 1, 201, 902.7720914529416)
(0, 4, 1, 202, 1639.5632596082771)
(0, 4, 1, 203, 1621.9240766096336)
(0, 4, 1, 204, 1601.8635291494538)
(0, 4, 1, 205, 1015.8234352472933)
(0, 4, 1, 206, 1527.6797781877613)
(0, 4, 1, 207, 1149.0252710911589)
(0, 4, 1, 208, 1102.4768052106072)
(0, 4, 1, 209, 1395.9786180382766)
(0, 4, 1, 210, 1559.202983816741)
(0, 4, 1, 211, 1792.7117233652555)
(0, 4, 1, 212, 1283.4680705814258)
(0, 4, 1, 213, 1400.8162062116353)
(0, 4, 1, 214, 1099.524212882493)
(0, 4, 1, 215, 1811.7805986229257)
(0, 4, 1, 216, 1456.6431430392618)
(0, 4, 1, 217, 1434.7032523783482)
(0, 4, 1, 218, 903.4917882854226)
(0, 4, 1, 219, 1104.6517938161799)
(0, 4, 1, 220, 1800.0707056739932)
(0, 4, 1, 221, 1542.4026850597088)
(0, 4, 1, 222, 1545.5020181426746)
(0, 4, 1, 223, 1351.8409898538957)
(0, 4, 1, 224, 1627.4948633761796)
(0, 4, 1, 225, 1636.758294931498)
(0, 4, 1, 226, 1469.9114786381551)
(0, 4, 1, 227, 1261.2475741165204)
(0, 4, 1, 228, 1375.2826938335597)
(0, 4, 1, 229, 918.5332115000243)
(0, 4, 1, 230, 1311.9776665741554)
(0, 4, 1, 231, 1425.6071030003816)
(0, 4, 1, 232, 1364.0004525331638)
(0, 4, 1, 233, 1464.2599238270673)
(0, 4, 1, 234, 1373.7228259913463)
(0, 4, 1, 235, 1295.523198160243)
(0, 4, 1, 236, 1294.6453940876359)
(0, 4, 1, 237, 1587.2331687133471)
(0, 4, 1, 238, 1570.330965400577)
(0, 4, 1, 239, 1050.531815270529)
(0, 4, 1, 240, 1782.302830784564)
(0, 4, 1, 241, 1397.5761322630465)
(0, 4, 1, 242, 1570.8465379640897)
(0, 4, 1, 243, 1541.854526890866)
(0, 4, 1, 244, 1553.6192027568322)
(0, 4, 1, 245, 1483.658044968718)
(0, 4, 1, 246, 1608.579281007476)
(0, 4, 1, 247, 703.7492841623873)
(0, 4, 1, 248, 1382.8658371794568)
(0, 4, 1, 249, 1699.990833485226)
