(0, 0, 0, 0, 99.34625447684672)
(0, 0, 0, 1, 312.14000566074725)
(0, 0, 0, 2, 139.69289897491313)
(0, 0, 0, 3, 145.05769247502323)
(0, 0, 0, 4, 110.25442687554838)
(0, 0, 0, 5, 158.53758059924587)
(0, 0, 0, 6, 179.9313612268816)
(0, 0, 0, 7, 207.17718823235097)
(0, 0, 0, 8, 253.6041350308485)
(0, 0, 0, 9, 127.14430678216155)
(0, 0, 0, 10, 120.6902973386716)
(0, 0, 0, 11, 237.61553583084324)
(0, 0, 0, 12, 214.26875129349526)
(0, 0, 0, 13, 222.67154146345095)
(0, 0, 0, 14, 261.48895999583)
(0, 0, 0, 15, 300.9307066862993)
(0, 0, 0, 16, 122.7413793185272)
(0, 0, 0, 17, 218.48924598569533)
(0, 0, 0, 18, 260.5292677969765)
(0, 0, 0, 19, 199.00794703870642)
(0, 0, 0, 20, 127.46890478325757)
(0, 0, 0, 21, 178.37662286335768)
(0, 0, 0, 22, 167.8742531212802)
(0, 0, 0, 23, 217.42601545849922)
(0, 0, 0, 24, 144.56764957986275)
(0, 0, 0, 25, 138.82311256685347)
(0, 0, 0, 26, 173.21883426665167)
(0, 0, 0, 27, 117.83165817417435)
(0, 0, 0, 28, 242.9798049266146)
(0, 0, 0, 29, 175.59898148697252)
(0, 0, 0, 30, 97.1018879982631)
(0, 0, 0, 31, 257.3516705112834)
(0, 0, 0, 32, 403.7582477200089)
(0, 0, 0, 33, 107.49804224040446)
(0, 0, 0, 34, 198.8551658122018)
(0, 0, 0, 35, 118.95606304642308)
(0, 0, 0, 36, 270.40083449323595)
(0, 0, 0, 37, 101.28086083185379)
(0, 0, 0, 38, 103.68162028915772)
(0, 0, 0, 39, 158.2078175503156)
(0, 0, 0, 40, 173.39391312972526)
(0, 0, 0, 41, 233.05685663844008)
(0, 0, 0, 42, 260.7981747707397)
(0, 0, 0, 43, 131.22362938242316)
(0, 0, 0, 44, 249.33639237396687)
(0, 0, 0, 45, 133.65918795252657)
(0, 0, 0, 46, 146.66447541999315)
(0, 0, 0, 47, 196.43475332695007)
(0, 0, 0, 48, 92.42826506457948)
(0, 0, 0, 49, 227.9751607411169)
(0, 0, 0, 50, 333.9761701244113)
(0, 0, 0, 51, 101.909324754693)
(0, 0, 0, 52, 220.6863604222714)
(0, 0, 0, 53, 228.70370321047503)
(0, 0, 0, 54, 103.91725173342988)
(0, 0, 0, 55, 284.4979443152384)
(0, 0, 0, 56, 196.18930261466653)
(0, 0, 0, 57, 257.273045170552)
(0, 0, 0, 58, 212.1892993669089)
(0, 0, 0, 59, 248.46571219982022)
(0, 0, 0, 60, 203.34618670312483)
(0, 0, 0, 61, 360.5842375112287)
(0, 0, 0, 62, 137.6935759643733)
(0, 0, 0, 63, 217.87510552054724)
(0, 0, 0, 64, 234.56450896122877)
(0, 0, 0, 65, 220.960960422699)
(0, 0, 0, 66, 81.91530200199638)
(0, 0, 0, 67, 199.21097506440574)
(0, 0, 0, 68, 190.25608235050552)
(0, 0, 0, 69, 89.26812045790341)
(0, 0, 0, 70, 218.7787002132874)
(0, 0, 0, 71, 329.6093503514495)
(0, 0, 0, 72, 276.0221180025682)
(0, 0, 0, 73, 169.1418224871387)
(0, 0, 0, 74, 146.74507827950325)
(0, 0, 0, 75, 156.33327053710806)
(0, 0, 0, 76, 169.66105221161234)
(0, 0, 0, 77, 171.61700257481033)
(0, 0, 0, 78, 284.41761285849464)
(0, 0, 0, 79, 197.42900457198547)
(0, 0, 0, 80, 211.3054508241144)
(0, 0, 0, 81, 162.78116941886208)
(0, 0, 0, 82, 136.33947155498828)
(0, 0, 0, 83, 188.61404160192632)
(0, 0, 0, 84, 280.0027728362431)
(0, 0, 0, 85, 144.23421243266108)
(0, 0, 0, 86, 280.6641564076852)
(0, 0, 0, 87, 126.61583871888716)
(0, 0, 0, 88, 326.35777158281957)
(0, 0, 0, 89, 308.1751962384129)
(0, 0, 0, 90, 173.36466790590313)
(0, 0, 0, 91, 111.32502584712073)
(0, 0, 0, 92, 202.38033302293914)
(0, 0, 0, 93, 212.54776619576947)
(0, 0, 0, 94, 161.03422504657996)
(0, 0, 0, 95, 146.51785120259663)
(0, 0, 0, 96, 100.74545892253967)
(0, 0, 0, 97, 237.73188928510464)
(0, 0, 0, 98, 201.56067526458386)
(0, 0, 0, 99, 380.20648670701576)
(0, 0, 0, 100, 211.54287793088815)
(0, 0, 0, 101, 164.2273662745866)
(0, 0, 0, 102, 108.19429790684855)
(0, 0, 0, 103, 202.84180968753924)
(0, 0, 0, 104, 139.99728803790478)
(0, 0, 0, 105, 124.13948185103133)
(0, 0, 0, 106, 257.90667858474814)
(0, 0, 0, 107, 149.35810539013002)
(0, 0, 0, 108, 287.09893095072795)
(0, 0, 0, 109, 141.90962416908636)
(0, 0, 0, 110, 277.1788104253583)
(0, 0, 0, 111, 223.5205626725011)
(0, 0, 0, 112, 92.07266887236922)
(0, 0, 0, 113, 227.30249603383183)
(0, 0, 0, 114, 277.7866052363583)
(0, 0, 0, 115, 94.39842948777039)
(0, 0, 0, 116, 161.31328369151586)
(0, 0, 0, 117, 231.0951932131445)
(0, 0, 0, 118, 248.14505619815586)
(0, 0, 0, 119, 235.76917334299864)
(0, 0, 0, 120, 129.42548849901758)
(0, 0, 0, 121, 239.2140805964685)
(0, 0, 0, 122, 313.5597392313209)
(0, 0, 0, 123, 98.46871333731733)
(0, 0, 0, 124, 285.6826659299358)
(0, 0, 0, 125, 160.30557500035664)
(0, 0, 0, 126, 310.34049886183084)
(0, 0, 0, 127, 134.51496128458604)
(0, 0, 0, 128, 181.57189094289487)
(0, 0, 0, 129, 283.9487794461577)
(0, 0, 0, 130, 163.02738046802355)
(0, 0, 0, 131, 106.94883073557844)
(0, 0, 0, 132, 121.92006021217485)
(0, 0, 0, 133, 145.37596558730436)
(0, 0, 0, 134, 184.2702989420352)
(0, 0, 0, 135, 171.05361865900113)
(0, 0, 0, 136, 148.30128436633058)
(0, 0, 0, 137, 203.44481622626142)
(0, 0, 0, 138, 175.1458013310531)
(0, 0, 0, 139, 183.41486735784815)
(0, 0, 0, 140, 113.12740899838914)
(0, 0, 0, 141, 139.0468325949004)
(0, 0, 0, 142, 93.02672376060042)
(0, 0, 0, 143, 203.22156230010125)
(0, 0, 0, 144, 205.20885650483967)
(0, 0, 0, 145, 131.66937158136673)
(0, 0, 0, 146, 214.09957782865578)
(0, 0, 0, 147, 215.99320474239312)
(0, 0, 0, 148, 165.20788040517388)
(0, 0, 0, 149, 91.23177994155859)
(0, 0, 0, 150, 145.03630012773468)
(0, 0, 0, 151, 132.10035200669148)
(0, 0, 0, 152, 360.931026940382)
(0, 0, 0, 153, 237.339776810597)
(0, 0, 0, 154, 116.22611431459599)
(0, 0, 0, 155, 250.05908536376842)
(0, 0, 0, 156, 154.03141988715132)
(0, 0, 0, 157, 185.6645704597632)
(0, 0, 0, 158, 192.11276944579242)
(0, 0, 0, 159, 339.55715912543576)
(0, 0, 0, 160, 228.1078421064108)
(0, 0, 0, 161, 159.02553918957688)
(0, 0, 0, 162, 139.58447358073576)
(0, 0, 0, 163, 167.28467676055806)
(0, 0, 0, 164, 138.59933517384414)
(0, 0, 0, 165, 218.67982593948983)
(0, 0, 0, 166, 204.4970672286276)
(0, 0, 0, 167, 259.85222274447005)
(0, 0, 0, 168, 395.71847488643357)
(0, 0, 0, 169, 125.41091803717372)
(0, 0, 0, 170, 222.30754155241027)
(0, 0, 0, 171, 125.86232261093264)
(0, 0, 0, 172, 201.31547300456302)
(0, 0, 0, 173, 105.63514049235869)
(0, 0, 0, 174, 143.42129863123648)
(0, 0, 0, 175, 135.86785941151925)
(0, 0, 0, 176, 125.30165553072311)
(0, 0, 0, 177, 69.53293217018845)
(0, 0, 0, 178, 147.61135044114425)
(0, 0, 0, 179, 260.50358954346865)
(0, 0, 0, 180, 286.46693054967153)
(0, 0, 0, 181, 83.60711678556116)
(0, 0, 0, 182, 126.84590108473986)
(0, 0, 0, 183, 115.46556085710806)
(0, 0, 0, 184, 119.36731014053049)
(0, 0, 0, 185, 162.8810431308882)
(0, 0, 0, 186, 129.44987970146786)
(0, 0, 0, 187, 99.20475496009058)
(0, 0, 0, 188, 125.97280067070685)
(0, 0, 0, 189, 110.24178874424655)
(0, 0, 0, 190, 110.3108505465959)
(0, 0, 0, 191, 138.9525314159346)
(0, 0, 0, 192, 127.85582559296704)
(0, 0, 0, 193, 134.40381812036296)
(0, 0, 0, 194, 158.4338610457121)
(0, 0, 0, 195, 316.92458966516915)
(0, 0, 0, 196, 234.00501899213506)
(0, 0, 0, 197, 145.68117175621018)
(0, 0, 0, 198, 144.5152508035227)
(0, 0, 0, 199, 206.25367047420977)
(0, 0, 0, 200, 271.37265085591616)
(0, 0, 0, 201, 231.22540467104443)
(0, 0, 0, 202, 213.30082554123118)
(0, 0, 0, 203, 330.9087168575399)
(0, 0, 0, 204, 237.03022961905342)
(0, 0, 0, 205, 201.65937402560724)
(0, 0, 0, 206, 247.05179318228596)
(0, 0, 0, 207, 178.14551498701897)
(0, 0, 0, 208, 178.59271863623405)
(0, 0, 0, 209, 140.3519764120342)
(0, 0, 0, 210, 147.60150221342536)
(0, 0, 0, 211, 99.41748276319215)
(0, 0, 0, 212, 96.38209577943502)
(0, 0, 0, 213, 253.2813891610821)
(0, 0, 0, 214, 175.55261355483628)
(0, 0, 0, 215, 161.37285249823486)
(0, 0, 0, 216, 178.85430014197303)
(0, 0, 0, 217, 160.13631534965694)
(0, 0, 0, 218, 150.6282753856146)
(0, 0, 0, 219, 166.08942025143182)
(0, 0, 0, 220, 179.81510741210334)
(0, 0, 0, 221, 191.95380553487382)
(0, 0, 0, 222, 160.08236521239567)
(0, 0, 0, 223, 199.43146775051054)
(0, 0, 0, 224, 337.55991392185706)
(0, 0, 0, 225, 148.7256845905459)
(0, 0, 0, 226, 186.40697052543325)
(0, 0, 0, 227, 123.10138948392735)
(0, 0, 0, 228, 169.886211869949)
(0, 0, 0, 229, 170.68476324971235)
(0, 0, 0, 230, 200.5835086495722)
(0, 0, 0, 231, 134.30223478203223)
(0, 0, 0, 232, 166.97622002452394)
(0, 0, 0, 233, 260.0244700634644)
(0, 0, 0, 234, 181.4773148483397)
(0, 0, 0, 235, 184.22851387773184)
(0, 0, 0, 236, 117.33377695694247)
(0, 0, 0, 237, 245.7257446045662)
(0, 0, 0, 238, 181.35131760769607)
(0, 0, 0, 239, 213.557193344377)
(0, 0, 0, 240, 194.61353427531617)
(0, 0, 0, 241, 257.74657347313473)
(0, 0, 0, 242, 136.8041759495589)
(0, 0, 0, 243, 95.22472176515187)
(0, 0, 0, 244, 151.9558559943121)
(0, 0, 0, 245, 162.2401361991203)
(0, 0, 0, 246, 133.43027202178024)
(0, 0, 0, 247, 165.04126144617334)
(0, 0, 0, 248, 108.49443736278143)
(0, 0, 0, 249, 172.07088462662094)
(0, 0, 1, 0, 244.2397098508615)
(0, 0, 1, 1, 234.6802288419412)
(0, 0, 1, 2, 248.71692870891513)
(0, 0, 1, 3, 251.30462869684598)
(0, 0, 1, 4, 229.77469837140853)
(0, 0, 1, 5, 252.14655887998325)
(0, 0, 1, 6, 278.35117267228947)
(0, 0, 1, 7, 249.61874473835513)
(0, 0, 1, 8, 244.26610411201264)
(0, 0, 1, 9, 234.00339639594782)
(0, 0, 1, 10, 280.1070205291709)
(0, 0, 1, 11, 256.5315691956934)
(0, 0, 1, 12, 212.69451081479204)
(0, 0, 1, 13, 287.4416779064344)
(0, 0, 1, 14, 253.27826672953057)
(0, 0, 1, 15, 222.68380981768243)
(0, 0, 1, 16, 266.1922533032322)
(0, 0, 1, 17, 226.93146805556657)
(0, 0, 1, 18, 208.27448814218926)
(0, 0, 1, 19, 212.3600522846461)
(0, 0, 1, 20, 245.23006831992865)
(0, 0, 1, 21, 263.37214533720055)
(0, 0, 1, 22, 263.6341139980434)
(0, 0, 1, 23, 257.7854247362776)
(0, 0, 1, 24, 283.15036027815086)
(0, 0, 1, 25, 234.06361979854685)
(0, 0, 1, 26, 217.76487659075286)
(0, 0, 1, 27, 248.32087845696742)
(0, 0, 1, 28, 261.1744019849194)
(0, 0, 1, 29, 308.5174522280647)
(0, 0, 1, 30, 203.3885441160813)
(0, 0, 1, 31, 250.00466991944643)
(0, 0, 1, 32, 227.58242315004864)
(0, 0, 1, 33, 257.6489664997277)
(0, 0, 1, 34, 245.24372375414535)
(0, 0, 1, 35, 214.421538996744)
(0, 0, 1, 36, 254.57683859836743)
(0, 0, 1, 37, 224.52135985678962)
(0, 0, 1, 38, 263.30334976807455)
(0, 0, 1, 39, 243.82616021487465)
(0, 0, 1, 40, 265.5997544511263)
(0, 0, 1, 41, 230.38220233743846)
(0, 0, 1, 42, 252.58079958085514)
(0, 0, 1, 43, 267.43740366889057)
(0, 0, 1, 44, 291.5144594340558)
(0, 0, 1, 45, 215.8602144918018)
(0, 0, 1, 46, 273.81884681844303)
(0, 0, 1, 47, 270.76064011144655)
(0, 0, 1, 48, 266.2274901287249)
(0, 0, 1, 49, 258.03634952239463)
(0, 0, 1, 50, 234.2090501830591)
(0, 0, 1, 51, 235.4101531517292)
(0, 0, 1, 52, 222.2662499970294)
(0, 0, 1, 53, 272.06463491700765)
(0, 0, 1, 54, 236.54637764594767)
(0, 0, 1, 55, 285.0317659423608)
(0, 0, 1, 56, 241.08831366574816)
(0, 0, 1, 57, 268.0274008936707)
(0, 0, 1, 58, 251.45380938185988)
(0, 0, 1, 59, 236.241952761298)
(0, 0, 1, 60, 259.90041421926213)
(0, 0, 1, 61, 264.2851803637462)
(0, 0, 1, 62, 219.96230359893525)
(0, 0, 1, 63, 254.1367965907437)
(0, 0, 1, 64, 244.38774826077812)
(0, 0, 1, 65, 241.49647020264064)
(0, 0, 1, 66, 263.56821589451425)
(0, 0, 1, 67, 227.6825550666921)
(0, 0, 1, 68, 248.26628693796042)
(0, 0, 1, 69, 272.83329786817984)
(0, 0, 1, 70, 253.14343412056527)
(0, 0, 1, 71, 236.42795024114218)
(0, 0, 1, 72, 219.21274552928847)
(0, 0, 1, 73, 187.63881573587864)
(0, 0, 1, 74, 266.4269463917768)
(0, 0, 1, 75, 226.05708352627838)
(0, 0, 1, 76, 295.7101504439104)
(0, 0, 1, 77, 216.14709161453817)
(0, 0, 1, 78, 236.23632268905823)
(0, 0, 1, 79, 239.98710884534816)
(0, 0, 1, 80, 249.7821265056397)
(0, 0, 1, 81, 251.03124409014077)
(0, 0, 1, 82, 279.88560981074806)
(0, 0, 1, 83, 248.17081571816084)
(0, 0, 1, 84, 182.91751652060887)
(0, 0, 1, 85, 235.90352567555215)
(0, 0, 1, 86, 254.9533091140368)
(0, 0, 1, 87, 273.0847077477287)
(0, 0, 1, 88, 242.39514201427988)
(0, 0, 1, 89, 245.09792596559447)
(0, 0, 1, 90, 299.5189587791654)
(0, 0, 1, 91, 238.56367941221504)
(0, 0, 1, 92, 253.67326849514453)
(0, 0, 1, 93, 223.27898105226188)
(0, 0, 1, 94, 238.6722019859164)
(0, 0, 1, 95, 251.4610249218349)
(0, 0, 1, 96, 260.9778296832525)
(0, 0, 1, 97, 210.27251164146088)
(0, 0, 1, 98, 259.66154214386603)
(0, 0, 1, 99, 234.24595192980792)
(0, 0, 1, 100, 233.73242332712533)
(0, 0, 1, 101, 256.32617711740437)
(0, 0, 1, 102, 249.78844140847693)
(0, 0, 1, 103, 282.88274214911434)
(0, 0, 1, 104, 236.81820019231535)
(0, 0, 1, 105, 217.47992252292613)
(0, 0, 1, 106, 261.54980703228495)
(0, 0, 1, 107, 257.65609417399776)
(0, 0, 1, 108, 217.9705936258599)
(0, 0, 1, 109, 282.6862710534484)
(0, 0, 1, 110, 259.826260264316)
(0, 0, 1, 111, 229.1560225048257)
(0, 0, 1, 112, 231.7829242311753)
(0, 0, 1, 113, 269.7644098279139)
(0, 0, 1, 114, 259.2135337257682)
(0, 0, 1, 115, 221.65745952019577)
(0, 0, 1, 116, 273.3596816442326)
(0, 0, 1, 117, 260.1859156174325)
(0, 0, 1, 118, 300.1409711485038)
(0, 0, 1, 119, 282.34888168676116)
(0, 0, 1, 120, 240.50905777089855)
(0, 0, 1, 121, 248.42690870191393)
(0, 0, 1, 122, 159.0448972103279)
(0, 0, 1, 123, 232.12476696702373)
(0, 0, 1, 124, 228.51539031845041)
(0, 0, 1, 125, 245.2877596052592)
(0, 0, 1, 126, 252.71872324813768)
(0, 0, 1, 127, 282.4971303973188)
(0, 0, 1, 128, 257.9817165529053)
(0, 0, 1, 129, 225.83945293309893)
(0, 0, 1, 130, 224.52719872261576)
(0, 0, 1, 131, 227.40434503187598)
(0, 0, 1, 132, 249.08655969771212)
(0, 0, 1, 133, 251.58628355758196)
(0, 0, 1, 134, 246.66080842288613)
(0, 0, 1, 135, 242.10434169414756)
(0, 0, 1, 136, 223.2223425914811)
(0, 0, 1, 137, 234.90699131522263)
(0, 0, 1, 138, 238.91812815321526)
(0, 0, 1, 139, 256.04755672052823)
(0, 0, 1, 140, 262.47770831144015)
(0, 0, 1, 141, 268.29336499055205)
(0, 0, 1, 142, 225.2789445744908)
(0, 0, 1, 143, 233.77719594168408)
(0, 0, 1, 144, 232.53507001801933)
(0, 0, 1, 145, 233.47376711573978)
(0, 0, 1, 146, 244.02226875986878)
(0, 0, 1, 147, 250.50523527436323)
(0, 0, 1, 148, 241.27032390538386)
(0, 0, 1, 149, 262.30323564362146)
(0, 0, 1, 150, 278.2280265363953)
(0, 0, 1, 151, 261.0422085390702)
(0, 0, 1, 152, 266.40397350047436)
(0, 0, 1, 153, 261.8988721983621)
(0, 0, 1, 154, 253.1481958607276)
(0, 0, 1, 155, 263.4994620492665)
(0, 0, 1, 156, 230.00549284159288)
(0, 0, 1, 157, 302.72737934837414)
(0, 0, 1, 158, 235.46611065964052)
(0, 0, 1, 159, 234.14367868843536)
(0, 0, 1, 160, 233.6827042599445)
(0, 0, 1, 161, 259.1839627155065)
(0, 0, 1, 162, 229.7818564930018)
(0, 0, 1, 163, 234.90475752261992)
(0, 0, 1, 164, 230.9850041072741)
(0, 0, 1, 165, 256.3995331979756)
(0, 0, 1, 166, 247.1553600068073)
(0, 0, 1, 167, 218.72788752855703)
(0, 0, 1, 168, 241.01028271008698)
(0, 0, 1, 169, 208.89831229228008)
(0, 0, 1, 170, 246.79108228418568)
(0, 0, 1, 171, 251.57891013739905)
(0, 0, 1, 172, 209.9870957960828)
(0, 0, 1, 173, 241.74146641551036)
(0, 0, 1, 174, 272.7550200177881)
(0, 0, 1, 175, 254.92771021699957)
(0, 0, 1, 176, 221.5171467931757)
(0, 0, 1, 177, 239.58524950582952)
(0, 0, 1, 178, 262.5029150108235)
(0, 0, 1, 179, 268.2648750175164)
(0, 0, 1, 180, 262.7384469946759)
(0, 0, 1, 181, 209.75207096741718)
(0, 0, 1, 182, 259.92295295069323)
(0, 0, 1, 183, 167.75669589585453)
(0, 0, 1, 184, 217.91129605911962)
(0, 0, 1, 185, 244.95609693380206)
(0, 0, 1, 186, 259.4136933721982)
(0, 0, 1, 187, 235.06993623131484)
(0, 0, 1, 188, 241.9280876854881)
(0, 0, 1, 189, 229.30587146396718)
(0, 0, 1, 190, 182.2240085721194)
(0, 0, 1, 191, 239.42907901754378)
(0, 0, 1, 192, 208.88122041324286)
(0, 0, 1, 193, 240.13498513927007)
(0, 0, 1, 194, 259.3883439470425)
(0, 0, 1, 195, 241.9548390193037)
(0, 0, 1, 196, 251.72825168186304)
(0, 0, 1, 197, 237.89637484363953)
(0, 0, 1, 198, 259.0373400117233)
(0, 0, 1, 199, 239.3599597051796)
(0, 0, 1, 200, 221.04434500369447)
(0, 0, 1, 201, 226.89878346770413)
(0, 0, 1, 202, 250.77076277620571)
(0, 0, 1, 203, 229.9089496376167)
(0, 0, 1, 204, 245.19642558269345)
(0, 0, 1, 205, 205.17467878827577)
(0, 0, 1, 206, 278.68705702226987)
(0, 0, 1, 207, 219.65246675831818)
(0, 0, 1, 208, 237.92079934825966)
(0, 0, 1, 209, 268.2629426394305)
(0, 0, 1, 210, 243.3163851740609)
(0, 0, 1, 211, 260.991794474987)
(0, 0, 1, 212, 256.5290186698631)
(0, 0, 1, 213, 250.19121715474475)
(0, 0, 1, 214, 236.31255800737367)
(0, 0, 1, 215, 233.18691713999266)
(0, 0, 1, 216, 250.59460805399283)
(0, 0, 1, 217, 241.037100800332)
(0, 0, 1, 218, 218.3651577901465)
(0, 0, 1, 219, 249.40772978181516)
(0, 0, 1, 220, 302.76339434704306)
(0, 0, 1, 221, 264.2540913519286)
(0, 0, 1, 222, 282.8881941843842)
(0, 0, 1, 223, 265.8100735266593)
(0, 0, 1, 224, 248.6255825550443)
(0, 0, 1, 225, 274.0557494086136)
(0, 0, 1, 226, 254.67415834063286)
(0, 0, 1, 227, 224.4244950858991)
(0, 0, 1, 228, 249.40980932693515)
(0, 0, 1, 229, 206.14479922609576)
(0, 0, 1, 230, 248.50095918531696)
(0, 0, 1, 231, 243.75379864123997)
(0, 0, 1, 232, 250.07233935571892)
(0, 0, 1, 233, 245.74792483879753)
(0, 0, 1, 234, 265.0264711291391)
(0, 0, 1, 235, 247.97916103605732)
(0, 0, 1, 236, 293.7816095153504)
(0, 0, 1, 237, 241.8385909706673)
(0, 0, 1, 238, 251.15040876502852)
(0, 0, 1, 239, 204.93700225427224)
(0, 0, 1, 240, 264.5025761266475)
(0, 0, 1, 241, 286.3179368853367)
(0, 0, 1, 242, 295.490298555461)
(0, 0, 1, 243, 230.53760840872388)
(0, 0, 1, 244, 267.0296455367639)
(0, 0, 1, 245, 286.70657487799457)
(0, 0, 1, 246, 244.57641226227958)
(0, 0, 1, 247, 190.9661079199096)
(0, 0, 1, 248, 267.3955978486149)
(0, 0, 1, 249, 247.0138625737061)
(0, 1, 0, 0, 399.49193234214226)
(0, 1, 0, 1, 800.4140510199186)
(0, 1, 0, 2, 342.045213804325)
(0, 1, 0, 3, 1142.607121208217)
(0, 1, 0, 4, 319.2931812264064)
(0, 1, 0, 5, 516.7653177690715)
(0, 1, 0, 6, 415.6172299778646)
(0, 1, 0, 7, 348.09464329261766)
(0, 1, 0, 8, 399.86640604447166)
(0, 1, 0, 9, 800.0829823281491)
(0, 1, 0, 10, 197.27881123753306)
(0, 1, 0, 11, 471.2612370878009)
(0, 1, 0, 12, 328.1456455246621)
(0, 1, 0, 13, 346.5451565297237)
(0, 1, 0, 14, 342.5075930374618)
(0, 1, 0, 15, 539.648382712126)
(0, 1, 0, 16, 449.472106893105)
(0, 1, 0, 17, 448.83819552535533)
(0, 1, 0, 18, 420.02115076953856)
(0, 1, 0, 19, 341.10312944664946)
(0, 1, 0, 20, 184.53871908441224)
(0, 1, 0, 21, 358.2896666769607)
(0, 1, 0, 22, 254.0397647543012)
(0, 1, 0, 23, 346.4905503077231)
(0, 1, 0, 24, 302.19908992292227)
(0, 1, 0, 25, 574.859800273336)
(0, 1, 0, 26, 367.68378876754366)
(0, 1, 0, 27, 299.6162342665105)
(0, 1, 0, 28, 380.91417043606697)
(0, 1, 0, 29, 284.41415741362715)
(0, 1, 0, 30, 188.62301461471594)
(0, 1, 0, 31, 835.9232098339386)
(0, 1, 0, 32, 523.975919215651)
(0, 1, 0, 33, 247.59153300133545)
(0, 1, 0, 34, 279.63190977241896)
(0, 1, 0, 35, 306.0933046595237)
(0, 1, 0, 36, 337.5349222171846)
(0, 1, 0, 37, 255.2524532939793)
(0, 1, 0, 38, 326.71981740745434)
(0, 1, 0, 39, 429.06870625129733)
(0, 1, 0, 40, 219.1729639396259)
(0, 1, 0, 41, 375.830413296322)
(0, 1, 0, 42, 436.0423551613399)
(0, 1, 0, 43, 888.6573516757395)
(0, 1, 0, 44, 434.8137609149763)
(0, 1, 0, 45, 422.13903437531314)
(0, 1, 0, 46, 497.9231604640665)
(0, 1, 0, 47, 696.6859853672775)
(0, 1, 0, 48, 343.89388577869425)
(0, 1, 0, 49, 293.3823602800889)
(0, 1, 0, 50, 919.396708046422)
(0, 1, 0, 51, 488.46048051812585)
(0, 1, 0, 52, 420.28847673782394)
(0, 1, 0, 53, 788.9421485994703)
(0, 1, 0, 54, 251.27469256596618)
(0, 1, 0, 55, 426.7472190916633)
(0, 1, 0, 56, 380.30894264119485)
(0, 1, 0, 57, 368.6851310315022)
(0, 1, 0, 58, 285.09567399305735)
(0, 1, 0, 59, 465.26841418361846)
(0, 1, 0, 60, 381.9029492360738)
(0, 1, 0, 61, 903.8000325290697)
(0, 1, 0, 62, 236.89798159908247)
(0, 1, 0, 63, 276.09445057840327)
(0, 1, 0, 64, 410.7007289758986)
(0, 1, 0, 65, 578.5981742625663)
(0, 1, 0, 66, 224.358704580664)
(0, 1, 0, 67, 320.7477869663766)
(0, 1, 0, 68, 464.62651517919386)
(0, 1, 0, 69, 269.396581711359)
(0, 1, 0, 70, 536.8991259279003)
(0, 1, 0, 71, 674.1074997065531)
(0, 1, 0, 72, 385.22313494081686)
(0, 1, 0, 73, 329.5005389226907)
(0, 1, 0, 74, 231.9124740270799)
(0, 1, 0, 75, 220.40953368227335)
(0, 1, 0, 76, 253.34040066009078)
(0, 1, 0, 77, 496.06765255030325)
(0, 1, 0, 78, 476.5625119082599)
(0, 1, 0, 79, 433.8943025000478)
(0, 1, 0, 80, 352.49911979106486)
(0, 1, 0, 81, 272.6010862214205)
(0, 1, 0, 82, 449.0121514285301)
(0, 1, 0, 83, 290.57334001193254)
(0, 1, 0, 84, 382.2275490310433)
(0, 1, 0, 85, 459.283380095373)
(0, 1, 0, 86, 392.88924910152497)
(0, 1, 0, 87, 265.9512233767621)
(0, 1, 0, 88, 483.8934925988524)
(0, 1, 0, 89, 537.8470125329626)
(0, 1, 0, 90, 288.42366014362875)
(0, 1, 0, 91, 211.71942942225118)
(0, 1, 0, 92, 394.0662903329328)
(0, 1, 0, 93, 407.71185101928336)
(0, 1, 0, 94, 563.4075931122173)
(0, 1, 0, 95, 266.9013550634805)
(0, 1, 0, 96, 263.4166838643117)
(0, 1, 0, 97, 1444.7351705692772)
(0, 1, 0, 98, 421.0425419397368)
(0, 1, 0, 99, 476.4634565167323)
(0, 1, 0, 100, 397.63386127449536)
(0, 1, 0, 101, 630.8419206285943)
(0, 1, 0, 102, 313.35594516706783)
(0, 1, 0, 103, 327.6613303078435)
(0, 1, 0, 104, 269.1534379343852)
(0, 1, 0, 105, 480.26420431411054)
(0, 1, 0, 106, 528.2579791909667)
(0, 1, 0, 107, 309.8961040316351)
(0, 1, 0, 108, 975.7470671489112)
(0, 1, 0, 109, 395.68680142913496)
(0, 1, 0, 110, 378.02091490303775)
(0, 1, 0, 111, 522.5384197889844)
(0, 1, 0, 112, 207.47617753548215)
(0, 1, 0, 113, 354.8103426691946)
(0, 1, 0, 114, 1147.4290011902801)
(0, 1, 0, 115, 247.00405604070653)
(0, 1, 0, 116, 482.6238324414301)
(0, 1, 0, 117, 365.5305029544058)
(0, 1, 0, 118, 933.2065752261765)
(0, 1, 0, 119, 454.57914249923385)
(0, 1, 0, 120, 415.48323158127175)
(0, 1, 0, 121, 462.2849482251417)
(0, 1, 0, 122, 499.7192088116619)
(0, 1, 0, 123, 254.53126106652067)
(0, 1, 0, 124, 380.54162333869596)
(0, 1, 0, 125, 318.9561770963569)
(0, 1, 0, 126, 475.2851587562633)
(0, 1, 0, 127, 290.74467677830273)
(0, 1, 0, 128, 444.1499827498866)
(0, 1, 0, 129, 540.8550377683063)
(0, 1, 0, 130, 258.9955612156235)
(0, 1, 0, 131, 242.06396216445256)
(0, 1, 0, 132, 204.5274338594138)
(0, 1, 0, 133, 372.7401538120547)
(0, 1, 0, 134, 712.8966075691517)
(0, 1, 0, 135, 324.94926197362076)
(0, 1, 0, 136, 775.3196405745826)
(0, 1, 0, 137, 393.39888727220654)
(0, 1, 0, 138, 331.1544375916871)
(0, 1, 0, 139, 470.73482005034896)
(0, 1, 0, 140, 364.3111695525751)
(0, 1, 0, 141, 311.11833278415276)
(0, 1, 0, 142, 206.1919535481657)
(0, 1, 0, 143, 604.1124635950429)
(0, 1, 0, 144, 773.2219606849453)
(0, 1, 0, 145, 244.50244534995517)
(0, 1, 0, 146, 361.5488337653084)
(0, 1, 0, 147, 352.38920958663647)
(0, 1, 0, 148, 402.2477559713088)
(0, 1, 0, 149, 180.1558096880023)
(0, 1, 0, 150, 291.27943495557196)
(0, 1, 0, 151, 276.7896515999181)
(0, 1, 0, 152, 454.0698597661606)
(0, 1, 0, 153, 368.123895740129)
(0, 1, 0, 154, 295.33086886883564)
(0, 1, 0, 155, 442.5745633361798)
(0, 1, 0, 156, 449.19273795890314)
(0, 1, 0, 157, 389.3340716454014)
(0, 1, 0, 158, 264.891686138943)
(0, 1, 0, 159, 517.1725736251346)
(0, 1, 0, 160, 422.0519003077493)
(0, 1, 0, 161, 218.4202986433791)
(0, 1, 0, 162, 308.02038995813297)
(0, 1, 0, 163, 272.1352171384084)
(0, 1, 0, 164, 249.3971917414529)
(0, 1, 0, 165, 803.5835605847028)
(0, 1, 0, 166, 289.63993390584875)
(0, 1, 0, 167, 539.3873448997941)
(0, 1, 0, 168, 662.1808155574535)
(0, 1, 0, 169, 334.43886938817934)
(0, 1, 0, 170, 321.3891814768132)
(0, 1, 0, 171, 290.064954513008)
(0, 1, 0, 172, 433.1891638965002)
(0, 1, 0, 173, 272.8026335648438)
(0, 1, 0, 174, 307.86430327238264)
(0, 1, 0, 175, 509.0620319059505)
(0, 1, 0, 176, 222.09546907763053)
(0, 1, 0, 177, 237.04391651387854)
(0, 1, 0, 178, 462.4582697650924)
(0, 1, 0, 179, 463.06404070324817)
(0, 1, 0, 180, 538.149051802296)
(0, 1, 0, 181, 262.2511890296498)
(0, 1, 0, 182, 187.8134164341102)
(0, 1, 0, 183, 241.81943836152848)
(0, 1, 0, 184, 327.3043358655016)
(0, 1, 0, 185, 392.6733671629246)
(0, 1, 0, 186, 200.5024825070438)
(0, 1, 0, 187, 206.91682304362436)
(0, 1, 0, 188, 382.4820217845744)
(0, 1, 0, 189, 518.6545909430589)
(0, 1, 0, 190, 418.3922756176651)
(0, 1, 0, 191, 403.3152453084109)
(0, 1, 0, 192, 396.3343331673388)
(0, 1, 0, 193, 269.69076582224926)
(0, 1, 0, 194, 1399.702358323774)
(0, 1, 0, 195, 688.6402167503414)
(0, 1, 0, 196, 1203.1928081018912)
(0, 1, 0, 197, 288.37508243494295)
(0, 1, 0, 198, 759.3038888597375)
(0, 1, 0, 199, 1471.9490622605013)
(0, 1, 0, 200, 619.2614011986532)
(0, 1, 0, 201, 825.658780907717)
(0, 1, 0, 202, 466.66460080281496)
(0, 1, 0, 203, 446.5227147935454)
(0, 1, 0, 204, 433.51874687213535)
(0, 1, 0, 205, 277.57708043185886)
(0, 1, 0, 206, 421.50452992081244)
(0, 1, 0, 207, 469.2136749810876)
(0, 1, 0, 208, 526.1622823585852)
(0, 1, 0, 209, 238.96148839548087)
(0, 1, 0, 210, 287.20628810784547)
(0, 1, 0, 211, 589.6799162281072)
(0, 1, 0, 212, 172.57254402330108)
(0, 1, 0, 213, 438.26285198559407)
(0, 1, 0, 214, 388.5078188720558)
(0, 1, 0, 215, 350.0193505494603)
(0, 1, 0, 216, 436.39338652767043)
(0, 1, 0, 217, 322.9089281606086)
(0, 1, 0, 218, 346.9016223842666)
(0, 1, 0, 219, 276.8046157020698)
(0, 1, 0, 220, 1398.4503992441098)
(0, 1, 0, 221, 373.5296602161496)
(0, 1, 0, 222, 430.8755658167957)
(0, 1, 0, 223, 397.07749215510506)
(0, 1, 0, 224, 367.8308505682428)
(0, 1, 0, 225, 300.55071055467)
(0, 1, 0, 226, 319.4962390522507)
(0, 1, 0, 227, 277.68029088857514)
(0, 1, 0, 228, 288.9711480845277)
(0, 1, 0, 229, 505.2524557874555)
(0, 1, 0, 230, 335.01091215610387)
(0, 1, 0, 231, 274.0184756991729)
(0, 1, 0, 232, 258.62168621571755)
(0, 1, 0, 233, 438.89177375134307)
(0, 1, 0, 234, 438.5061896149118)
(0, 1, 0, 235, 418.4094480434195)
(0, 1, 0, 236, 336.7415970293979)
(0, 1, 0, 237, 506.35877277311937)
(0, 1, 0, 238, 343.34149283375586)
(0, 1, 0, 239, 544.7264839586734)
(0, 1, 0, 240, 398.58152141570224)
(0, 1, 0, 241, 322.707223520601)
(0, 1, 0, 242, 325.7669940584774)
(0, 1, 0, 243, 363.681436757377)
(0, 1, 0, 244, 412.6185393203048)
(0, 1, 0, 245, 275.4908549859031)
(0, 1, 0, 246, 254.0144468629098)
(0, 1, 0, 247, 740.6124821706004)
(0, 1, 0, 248, 340.28183649092864)
(0, 1, 0, 249, 1009.2227706419354)
(0, 1, 1, 0, 532.1831001342931)
(0, 1, 1, 1, 445.2273491921342)
(0, 1, 1, 2, 401.2988876278802)
(0, 1, 1, 3, 593.6383624844882)
(0, 1, 1, 4, 357.6666467445496)
(0, 1, 1, 5, 418.74325555643475)
(0, 1, 1, 6, 469.05615801594894)
(0, 1, 1, 7, 512.6169835862343)
(0, 1, 1, 8, 336.25293406167395)
(0, 1, 1, 9, 449.05721329652965)
(0, 1, 1, 10, 636.9155017977538)
(0, 1, 1, 11, 374.8039885477913)
(0, 1, 1, 12, 288.01441484002936)
(0, 1, 1, 13, 507.55257392960976)
(0, 1, 1, 14, 435.0152779489233)
(0, 1, 1, 15, 362.67906485746744)
(0, 1, 1, 16, 649.3335915835535)
(0, 1, 1, 17, 522.1421845888115)
(0, 1, 1, 18, 350.88346389427056)
(0, 1, 1, 19, 386.2323097439463)
(0, 1, 1, 20, 416.5572133875144)
(0, 1, 1, 21, 453.35488365502766)
(0, 1, 1, 22, 563.8653015346837)
(0, 1, 1, 23, 500.66224088663716)
(0, 1, 1, 24, 498.8385229492428)
(0, 1, 1, 25, 429.82708771633474)
(0, 1, 1, 26, 319.05192957573735)
(0, 1, 1, 27, 519.7728404172668)
(0, 1, 1, 28, 469.36612191476)
(0, 1, 1, 29, 541.5359984866419)
(0, 1, 1, 30, 274.31749818037815)
(0, 1, 1, 31, 421.76102360473243)
(0, 1, 1, 32, 396.3912205244511)
(0, 1, 1, 33, 549.1495112421769)
(0, 1, 1, 34, 445.70893450501785)
(0, 1, 1, 35, 367.943876532189)
(0, 1, 1, 36, 504.5797449365537)
(0, 1, 1, 37, 368.3116430682217)
(0, 1, 1, 38, 462.59518465847424)
(0, 1, 1, 39, 489.6862873650547)
(0, 1, 1, 40, 641.0926550710401)
(0, 1, 1, 41, 336.5098098367392)
(0, 1, 1, 42, 408.1622448344896)
(0, 1, 1, 43, 417.6029403477298)
(0, 1, 1, 44, 486.033341972651)
(0, 1, 1, 45, 326.9066489537281)
(0, 1, 1, 46, 584.9699834597428)
(0, 1, 1, 47, 459.65865279884054)
(0, 1, 1, 48, 445.2114031277447)
(0, 1, 1, 49, 546.6837747505199)
(0, 1, 1, 50, 350.78270212308945)
(0, 1, 1, 51, 315.69242398345557)
(0, 1, 1, 52, 346.2232856416544)
(0, 1, 1, 53, 641.2447898135011)
(0, 1, 1, 54, 427.53748444215483)
(0, 1, 1, 55, 671.4402416288546)
(0, 1, 1, 56, 438.1503107475184)
(0, 1, 1, 57, 534.6774112124358)
(0, 1, 1, 58, 561.2912626541996)
(0, 1, 1, 59, 475.94948312297527)
(0, 1, 1, 60, 441.35751406260397)
(0, 1, 1, 61, 422.30293237445494)
(0, 1, 1, 62, 344.9375465183773)
(0, 1, 1, 63, 432.8694471922859)
(0, 1, 1, 64, 500.78650992635284)
(0, 1, 1, 65, 354.53272205846315)
(0, 1, 1, 66, 573.794801997312)
(0, 1, 1, 67, 375.0791869511939)
(0, 1, 1, 68, 636.5402540910113)
(0, 1, 1, 69, 726.6568063204313)
(0, 1, 1, 70, 393.9544956098402)
(0, 1, 1, 71, 436.69964535337834)
(0, 1, 1, 72, 374.15241141112136)
(0, 1, 1, 73, 209.78349739857487)
(0, 1, 1, 74, 529.9906109260345)
(0, 1, 1, 75, 392.04987910484056)
(0, 1, 1, 76, 704.3549830650969)
(0, 1, 1, 77, 355.34558240642326)
(0, 1, 1, 78, 383.8627313891042)
(0, 1, 1, 79, 377.456570374069)
(0, 1, 1, 80, 513.2811327873271)
(0, 1, 1, 81, 377.6265462930063)
(0, 1, 1, 82, 473.42519550181987)
(0, 1, 1, 83, 397.5619334734469)
(0, 1, 1, 84, 253.2330747899177)
(0, 1, 1, 85, 339.00248717637436)
(0, 1, 1, 86, 448.72896516475186)
(0, 1, 1, 87, 575.3512312329622)
(0, 1, 1, 88, 419.49421735353224)
(0, 1, 1, 89, 480.5616908631298)
(0, 1, 1, 90, 537.1986937132583)
(0, 1, 1, 91, 416.70502041709995)
(0, 1, 1, 92, 554.0038399208416)
(0, 1, 1, 93, 436.94125951234645)
(0, 1, 1, 94, 502.3746004752012)
(0, 1, 1, 95, 505.06715474697046)
(0, 1, 1, 96, 514.5881667632508)
(0, 1, 1, 97, 337.81739230107087)
(0, 1, 1, 98, 472.09121332975997)
(0, 1, 1, 99, 424.66010953227936)
(0, 1, 1, 100, 414.6070302136844)
(0, 1, 1, 101, 440.17475622458835)
(0, 1, 1, 102, 461.58394011605026)
(0, 1, 1, 103, 698.8030692347152)
(0, 1, 1, 104, 409.71438511907314)
(0, 1, 1, 105, 311.5279216020498)
(0, 1, 1, 106, 416.1800064005055)
(0, 1, 1, 107, 443.85400530384953)
(0, 1, 1, 108, 320.74980927602803)
(0, 1, 1, 109, 764.1027857251913)
(0, 1, 1, 110, 577.2963271232729)
(0, 1, 1, 111, 468.89101503990486)
(0, 1, 1, 112, 423.6344157948967)
(0, 1, 1, 113, 480.0532391959457)
(0, 1, 1, 114, 660.4942739334941)
(0, 1, 1, 115, 340.6475711940395)
(0, 1, 1, 116, 539.45417359513)
(0, 1, 1, 117, 419.7384828461788)
(0, 1, 1, 118, 505.0518349034)
(0, 1, 1, 119, 485.1176523051873)
(0, 1, 1, 120, 471.3229208908324)
(0, 1, 1, 121, 496.3103663256611)
(0, 1, 1, 122, 204.8440306817771)
(0, 1, 1, 123, 429.5095350856131)
(0, 1, 1, 124, 394.1541737375443)
(0, 1, 1, 125, 519.9855080577274)
(0, 1, 1, 126, 494.46629510197477)
(0, 1, 1, 127, 515.5170320515457)
(0, 1, 1, 128, 557.138775143633)
(0, 1, 1, 129, 441.83193013335335)
(0, 1, 1, 130, 363.2537178361766)
(0, 1, 1, 131, 369.36005626158845)
(0, 1, 1, 132, 441.16277546964153)
(0, 1, 1, 133, 425.8910297069543)
(0, 1, 1, 134, 423.7643263442347)
(0, 1, 1, 135, 413.9419313420032)
(0, 1, 1, 136, 343.43614954791684)
(0, 1, 1, 137, 497.99790515463565)
(0, 1, 1, 138, 480.58514709917256)
(0, 1, 1, 139, 457.48392171691717)
(0, 1, 1, 140, 471.1350271496365)
(0, 1, 1, 141, 431.64701592668666)
(0, 1, 1, 142, 327.07192059780203)
(0, 1, 1, 143, 405.001638236088)
(0, 1, 1, 144, 385.99273130470766)
(0, 1, 1, 145, 355.5479276074133)
(0, 1, 1, 146, 488.2433480769795)
(0, 1, 1, 147, 457.6788750512203)
(0, 1, 1, 148, 413.281666748537)
(0, 1, 1, 149, 470.48900981423725)
(0, 1, 1, 150, 517.2328313565686)
(0, 1, 1, 151, 531.5805776897369)
(0, 1, 1, 152, 454.41482244626616)
(0, 1, 1, 153, 491.59594955114665)
(0, 1, 1, 154, 458.2117857362817)
(0, 1, 1, 155, 410.94359026875856)
(0, 1, 1, 156, 376.0860552656441)
(0, 1, 1, 157, 823.2618781870711)
(0, 1, 1, 158, 397.31566926172627)
(0, 1, 1, 159, 384.05873364383956)
(0, 1, 1, 160, 395.40272022749673)
(0, 1, 1, 161, 533.2645454190017)
(0, 1, 1, 162, 371.119273940477)
(0, 1, 1, 163, 333.18695794289675)
(0, 1, 1, 164, 449.0473408679014)
(0, 1, 1, 165, 387.4883550436061)
(0, 1, 1, 166, 427.1332534550147)
(0, 1, 1, 167, 340.41520700535614)
(0, 1, 1, 168, 462.69920248379947)
(0, 1, 1, 169, 283.552924289149)
(0, 1, 1, 170, 455.2419773902612)
(0, 1, 1, 171, 588.2254937138902)
(0, 1, 1, 172, 309.63032396602983)
(0, 1, 1, 173, 443.3426730119773)
(0, 1, 1, 174, 501.5655568594409)
(0, 1, 1, 175, 467.2084852919363)
(0, 1, 1, 176, 347.82745990986473)
(0, 1, 1, 177, 481.92831256466974)
(0, 1, 1, 178, 425.57454131136916)
(0, 1, 1, 179, 728.717583585226)
(0, 1, 1, 180, 558.0004630915248)
(0, 1, 1, 181, 436.55697062573046)
(0, 1, 1, 182, 598.9735445697602)
(0, 1, 1, 183, 217.17373523219797)
(0, 1, 1, 184, 307.8423859511693)
(0, 1, 1, 185, 496.03405382487045)
(0, 1, 1, 186, 452.6041469612618)
(0, 1, 1, 187, 344.5091713514573)
(0, 1, 1, 188, 401.72591518358945)
(0, 1, 1, 189, 346.65844009563125)
(0, 1, 1, 190, 235.80912503131745)
(0, 1, 1, 191, 412.0202002885483)
(0, 1, 1, 192, 311.73758699569316)
(0, 1, 1, 193, 430.1621680501305)
(0, 1, 1, 194, 503.09885420796655)
(0, 1, 1, 195, 558.8919110687516)
(0, 1, 1, 196, 418.53593468791473)
(0, 1, 1, 197, 392.30052681537285)
(0, 1, 1, 198, 419.2536986719749)
(0, 1, 1, 199, 434.43494812287526)
(0, 1, 1, 200, 353.611316867451)
(0, 1, 1, 201, 318.38455487023407)
(0, 1, 1, 202, 478.6614843424757)
(0, 1, 1, 203, 424.3837588855265)
(0, 1, 1, 204, 484.6116734352279)
(0, 1, 1, 205, 352.10095767165615)
(0, 1, 1, 206, 549.9336588474212)
(0, 1, 1, 207, 301.17858984670517)
(0, 1, 1, 208, 424.7110341268032)
(0, 1, 1, 209, 437.96019066926385)
(0, 1, 1, 210, 435.0992592611658)
(0, 1, 1, 211, 636.6479539935992)
(0, 1, 1, 212, 418.87137753157725)
(0, 1, 1, 213, 427.57949512511715)
(0, 1, 1, 214, 466.20550510950494)
(0, 1, 1, 215, 434.5887242651849)
(0, 1, 1, 216, 357.6691151339952)
(0, 1, 1, 217, 491.8297411913189)
(0, 1, 1, 218, 307.0572753913778)
(0, 1, 1, 219, 435.7037334506963)
(0, 1, 1, 220, 648.5574189333493)
(0, 1, 1, 221, 539.1712635471426)
(0, 1, 1, 222, 657.6908447913545)
(0, 1, 1, 223, 470.7034984836853)
(0, 1, 1, 224, 425.7545942169539)
(0, 1, 1, 225, 555.179627135636)
(0, 1, 1, 226, 497.1448378319291)
(0, 1, 1, 227, 390.263033618493)
(0, 1, 1, 228, 515.6885584392412)
(0, 1, 1, 229, 325.1023078643314)
(0, 1, 1, 230, 484.39191758561674)
(0, 1, 1, 231, 472.74109093451625)
(0, 1, 1, 232, 447.3356926254063)
(0, 1, 1, 233, 529.2095220522672)
(0, 1, 1, 234, 562.1468519509451)
(0, 1, 1, 235, 414.0939658224871)
(0, 1, 1, 236, 567.9781339020382)
(0, 1, 1, 237, 501.2935221156084)
(0, 1, 1, 238, 477.0102051542)
(0, 1, 1, 239, 380.3802193650516)
(0, 1, 1, 240, 463.3985431666987)
(0, 1, 1, 241, 517.1575418529394)
(0, 1, 1, 242, 733.5585048754951)
(0, 1, 1, 243, 440.1998238354633)
(0, 1, 1, 244, 643.4222189266433)
(0, 1, 1, 245, 526.6840383494325)
(0, 1, 1, 246, 519.8551059520657)
(0, 1, 1, 247, 280.9374168565326)
(0, 1, 1, 248, 451.6396537212961)
(0, 1, 1, 249, 598.955547190984)
(0, 2, 0, 0, 667.9543266297986)
(0, 2, 0, 1, 988.3750398444829)
(0, 2, 0, 2, 609.5410128385865)
(0, 2, 0, 3, 1131.9569371275602)
(0, 2, 0, 4, 539.9773761191464)
(0, 2, 0, 5, 775.1570833146392)
(0, 2, 0, 6, 439.81146292539603)
(0, 2, 0, 7, 660.8950728021481)
(0, 2, 0, 8, 782.6084725875018)
(0, 2, 0, 9, 1198.9151737026955)
(0, 2, 0, 10, 418.7464278291148)
(0, 2, 0, 11, 496.25281430050774)
(0, 2, 0, 12, 672.4319564357028)
(0, 2, 0, 13, 883.2850395333571)
(0, 2, 0, 14, 518.2011477086126)
(0, 2, 0, 15, 498.52436703210833)
(0, 2, 0, 16, 616.7289238491089)
(0, 2, 0, 17, 865.5832671235155)
(0, 2, 0, 18, 837.2159102452795)
(0, 2, 0, 19, 596.237037923437)
(0, 2, 0, 20, 440.93264657848255)
(0, 2, 0, 21, 895.576002916707)
(0, 2, 0, 22, 333.21467626974277)
(0, 2, 0, 23, 658.3593786588052)
(0, 2, 0, 24, 502.2793951372104)
(0, 2, 0, 25, 718.0381980713864)
(0, 2, 0, 26, 630.0684864463439)
(0, 2, 0, 27, 499.3584208300496)
(0, 2, 0, 28, 530.9549090859546)
(0, 2, 0, 29, 589.5297446059243)
(0, 2, 0, 30, 421.4529344290359)
(0, 2, 0, 31, 1147.843554325279)
(0, 2, 0, 32, 891.9085337559994)
(0, 2, 0, 33, 359.18388400409094)
(0, 2, 0, 34, 548.585149510329)
(0, 2, 0, 35, 561.9394841187492)
(0, 2, 0, 36, 459.2220304427203)
(0, 2, 0, 37, 384.6820094326442)
(0, 2, 0, 38, 534.3088476677777)
(0, 2, 0, 39, 569.6330606227501)
(0, 2, 0, 40, 627.718813982801)
(0, 2, 0, 41, 605.0840040124184)
(0, 2, 0, 42, 667.7891102181542)
(0, 2, 0, 43, 784.4180688350397)
(0, 2, 0, 44, 515.1616709512735)
(0, 2, 0, 45, 716.4615377476985)
(0, 2, 0, 46, 812.9201861317471)
(0, 2, 0, 47, 738.2310044963418)
(0, 2, 0, 48, 466.21235651138863)
(0, 2, 0, 49, 460.5297071953046)
(0, 2, 0, 50, 1171.456540264681)
(0, 2, 0, 51, 603.5139613734383)
(0, 2, 0, 52, 681.4675727583166)
(0, 2, 0, 53, 674.4016182819955)
(0, 2, 0, 54, 356.8276650324694)
(0, 2, 0, 55, 689.3280281694983)
(0, 2, 0, 56, 513.8902387284154)
(0, 2, 0, 57, 425.80850453150913)
(0, 2, 0, 58, 633.7285364539214)
(0, 2, 0, 59, 938.0838599670975)
(0, 2, 0, 60, 879.2370761641059)
(0, 2, 0, 61, 1124.1491953028255)
(0, 2, 0, 62, 474.8218954820607)
(0, 2, 0, 63, 506.153729778561)
(0, 2, 0, 64, 757.7334848233277)
(0, 2, 0, 65, 785.7345978808115)
(0, 2, 0, 66, 380.2955075130227)
(0, 2, 0, 67, 504.70668562623564)
(0, 2, 0, 68, 694.4118779597014)
(0, 2, 0, 69, 706.7892722272177)
(0, 2, 0, 70, 576.8196243897107)
(0, 2, 0, 71, 885.2278089011148)
(0, 2, 0, 72, 693.2444746660533)
(0, 2, 0, 73, 589.9113884007933)
(0, 2, 0, 74, 399.3102424783252)
(0, 2, 0, 75, 516.4153868565959)
(0, 2, 0, 76, 516.4041596026074)
(0, 2, 0, 77, 656.0059622059337)
(0, 2, 0, 78, 664.1408913911763)
(0, 2, 0, 79, 774.8919333813672)
(0, 2, 0, 80, 745.4626804586403)
(0, 2, 0, 81, 776.9041961199041)
(0, 2, 0, 82, 897.3637186533555)
(0, 2, 0, 83, 487.6689926813997)
(0, 2, 0, 84, 422.8430083260534)
(0, 2, 0, 85, 729.3098306777734)
(0, 2, 0, 86, 676.7977336487796)
(0, 2, 0, 87, 484.84487008880495)
(0, 2, 0, 88, 904.8136383573899)
(0, 2, 0, 89, 767.1212457703917)
(0, 2, 0, 90, 615.9477976167581)
(0, 2, 0, 91, 615.5636227747339)
(0, 2, 0, 92, 611.2016726512677)
(0, 2, 0, 93, 819.5968672722796)
(0, 2, 0, 94, 911.4181650159986)
(0, 2, 0, 95, 445.68488767787437)
(0, 2, 0, 96, 518.4254253560737)
(0, 2, 0, 97, 1246.217715726383)
(0, 2, 0, 98, 611.454859772734)
(0, 2, 0, 99, 766.7094009163716)
(0, 2, 0, 100, 741.0636800243623)
(0, 2, 0, 101, 1024.39592293268)
(0, 2, 0, 102, 397.8410051625619)
(0, 2, 0, 103, 521.1963686455626)
(0, 2, 0, 104, 632.5278055761988)
(0, 2, 0, 105, 582.3467816711562)
(0, 2, 0, 106, 814.704902385566)
(0, 2, 0, 107, 471.7409580265085)
(0, 2, 0, 108, 1075.948430375937)
(0, 2, 0, 109, 604.6727337178189)
(0, 2, 0, 110, 884.8513121788677)
(0, 2, 0, 111, 855.5941298672118)
(0, 2, 0, 112, 309.1994750986411)
(0, 2, 0, 113, 540.7772388620239)
(0, 2, 0, 114, 1382.1275027370789)
(0, 2, 0, 115, 320.182649751913)
(0, 2, 0, 116, 551.7855253273747)
(0, 2, 0, 117, 468.75820229617756)
(0, 2, 0, 118, 979.077537421168)
(0, 2, 0, 119, 739.3303151481289)
(0, 2, 0, 120, 954.3388648861787)
(0, 2, 0, 121, 701.5160560519231)
(0, 2, 0, 122, 834.4748582745015)
(0, 2, 0, 123, 500.7115188684287)
(0, 2, 0, 124, 606.2873416747458)
(0, 2, 0, 125, 445.9993679118184)
(0, 2, 0, 126, 648.6806535269722)
(0, 2, 0, 127, 485.6936016512099)
(0, 2, 0, 128, 463.36406741334594)
(0, 2, 0, 129, 887.9600812743302)
(0, 2, 0, 130, 778.773693198498)
(0, 2, 0, 131, 412.1566981101566)
(0, 2, 0, 132, 459.356558266312)
(0, 2, 0, 133, 828.8203962874001)
(0, 2, 0, 134, 687.7144732346935)
(0, 2, 0, 135, 440.7825681388711)
(0, 2, 0, 136, 793.6984735913926)
(0, 2, 0, 137, 499.91456373075374)
(0, 2, 0, 138, 484.77814699832396)
(0, 2, 0, 139, 545.8394102314065)
(0, 2, 0, 140, 489.7227994950945)
(0, 2, 0, 141, 545.2798136646742)
(0, 2, 0, 142, 333.90037516114677)
(0, 2, 0, 143, 1037.9390913479835)
(0, 2, 0, 144, 695.7623155721128)
(0, 2, 0, 145, 377.0360561977658)
(0, 2, 0, 146, 559.4278194693503)
(0, 2, 0, 147, 511.85419593817494)
(0, 2, 0, 148, 659.9768500244274)
(0, 2, 0, 149, 449.1546589134501)
(0, 2, 0, 150, 459.9925045513391)
(0, 2, 0, 151, 549.3128435180801)
(0, 2, 0, 152, 715.5579688518749)
(0, 2, 0, 153, 614.662440493451)
(0, 2, 0, 154, 395.62741972689054)
(0, 2, 0, 155, 740.9466848765837)
(0, 2, 0, 156, 544.445774501825)
(0, 2, 0, 157, 543.5525277570591)
(0, 2, 0, 158, 291.83113760581995)
(0, 2, 0, 159, 775.7094273921331)
(0, 2, 0, 160, 585.3470273077243)
(0, 2, 0, 161, 405.63455779337136)
(0, 2, 0, 162, 560.101181805843)
(0, 2, 0, 163, 526.4447089576083)
(0, 2, 0, 164, 328.2059454719282)
(0, 2, 0, 165, 1092.6624125024969)
(0, 2, 0, 166, 372.25798037523884)
(0, 2, 0, 167, 1326.8808188430087)
(0, 2, 0, 168, 930.4884953033643)
(0, 2, 0, 169, 390.8575950684009)
(0, 2, 0, 170, 599.3042668262515)
(0, 2, 0, 171, 428.23458960308653)
(0, 2, 0, 172, 659.5823787803918)
(0, 2, 0, 173, 530.9161454681232)
(0, 2, 0, 174, 417.76922064132964)
(0, 2, 0, 175, 778.9146412332294)
(0, 2, 0, 176, 448.4962432732752)
(0, 2, 0, 177, 546.5510247096735)
(0, 2, 0, 178, 572.2953199266478)
(0, 2, 0, 179, 681.561317151309)
(0, 2, 0, 180, 808.8624071075934)
(0, 2, 0, 181, 433.91039479961194)
(0, 2, 0, 182, 467.6017673506618)
(0, 2, 0, 183, 403.81194286247614)
(0, 2, 0, 184, 466.1068250212912)
(0, 2, 0, 185, 940.2575306543113)
(0, 2, 0, 186, 322.0034437023152)
(0, 2, 0, 187, 295.20240297360994)
(0, 2, 0, 188, 571.47206653979)
(0, 2, 0, 189, 906.414707410708)
(0, 2, 0, 190, 487.2407534137524)
(0, 2, 0, 191, 765.4885141751295)
(0, 2, 0, 192, 449.6225388500817)
(0, 2, 0, 193, 521.5514734904766)
(0, 2, 0, 194, 1248.056304621896)
(0, 2, 0, 195, 1691.67158250599)
(0, 2, 0, 196, 1360.7595360010926)
(0, 2, 0, 197, 400.6387099816679)
(0, 2, 0, 198, 783.9154257982487)
(0, 2, 0, 199, 1598.0947037243209)
(0, 2, 0, 200, 809.7969057833063)
(0, 2, 0, 201, 1008.0941666673581)
(0, 2, 0, 202, 667.284185208847)
(0, 2, 0, 203, 567.520637703098)
(0, 2, 0, 204, 695.7444069986469)
(0, 2, 0, 205, 284.0270096498725)
(0, 2, 0, 206, 501.28336248788196)
(0, 2, 0, 207, 635.8921032736915)
(0, 2, 0, 208, 643.5445612017392)
(0, 2, 0, 209, 684.9719125888066)
(0, 2, 0, 210, 551.8020177294503)
(0, 2, 0, 211, 760.8329758286694)
(0, 2, 0, 212, 344.8184273706794)
(0, 2, 0, 213, 528.4846319663163)
(0, 2, 0, 214, 614.7355489603225)
(0, 2, 0, 215, 610.9402907228832)
(0, 2, 0, 216, 662.3051818573585)
(0, 2, 0, 217, 638.5049768964986)
(0, 2, 0, 218, 454.9842990788031)
(0, 2, 0, 219, 456.03250668791173)
(0, 2, 0, 220, 1221.1184452365537)
(0, 2, 0, 221, 418.87216638515275)
(0, 2, 0, 222, 610.2956787334905)
(0, 2, 0, 223, 820.2312929049435)
(0, 2, 0, 224, 644.7993207311911)
(0, 2, 0, 225, 555.3774462164838)
(0, 2, 0, 226, 687.793678659412)
(0, 2, 0, 227, 410.4589750974064)
(0, 2, 0, 228, 380.1632699627845)
(0, 2, 0, 229, 858.1394938844126)
(0, 2, 0, 230, 481.81003512391936)
(0, 2, 0, 231, 818.9693553254032)
(0, 2, 0, 232, 602.9841219960748)
(0, 2, 0, 233, 1165.49240995225)
(0, 2, 0, 234, 475.96584487368096)
(0, 2, 0, 235, 637.4338761324956)
(0, 2, 0, 236, 459.9075230876119)
(0, 2, 0, 237, 617.3354702786761)
(0, 2, 0, 238, 814.0314186345819)
(0, 2, 0, 239, 765.1105042513038)
(0, 2, 0, 240, 590.7186763069534)
(0, 2, 0, 241, 690.3126456643749)
(0, 2, 0, 242, 540.2606413036749)
(0, 2, 0, 243, 613.8486658403549)
(0, 2, 0, 244, 681.2110851515798)
(0, 2, 0, 245, 523.9590994718861)
(0, 2, 0, 246, 493.6102388884225)
(0, 2, 0, 247, 803.3969103528427)
(0, 2, 0, 248, 507.2124868646143)
(0, 2, 0, 249, 927.0802975808386)
(0, 2, 1, 0, 754.9255669997259)
(0, 2, 1, 1, 683.7546061415065)
(0, 2, 1, 2, 617.5817345427275)
(0, 2, 1, 3, 926.6085656241727)
(0, 2, 1, 4, 694.5018407003009)
(0, 2, 1, 5, 731.7471401682064)
(0, 2, 1, 6, 964.7765494349383)
(0, 2, 1, 7, 1057.1491974915114)
(0, 2, 1, 8, 571.4947401496125)
(0, 2, 1, 9, 1031.6905951417007)
(0, 2, 1, 10, 1090.0001363181814)
(0, 2, 1, 11, 759.531562819121)
(0, 2, 1, 12, 531.0746684889867)
(0, 2, 1, 13, 938.1753949658373)
(0, 2, 1, 14, 964.4472812238517)
(0, 2, 1, 15, 866.3137215147283)
(0, 2, 1, 16, 975.0840366921007)
(0, 2, 1, 17, 622.7218269842137)
(0, 2, 1, 18, 471.5316115198773)
(0, 2, 1, 19, 621.3161995381223)
(0, 2, 1, 20, 852.6147423817592)
(0, 2, 1, 21, 742.5805555124015)
(0, 2, 1, 22, 745.3511019350384)
(0, 2, 1, 23, 866.2966932517666)
(0, 2, 1, 24, 1058.24799175253)
(0, 2, 1, 25, 663.1800246327218)
(0, 2, 1, 26, 564.9073794655849)
(0, 2, 1, 27, 898.7069957985085)
(0, 2, 1, 28, 1000.5643156879469)
(0, 2, 1, 29, 855.9653449232469)
(0, 2, 1, 30, 482.8170060283978)
(0, 2, 1, 31, 732.1686305357883)
(0, 2, 1, 32, 632.7714999991005)
(0, 2, 1, 33, 867.5253784090874)
(0, 2, 1, 34, 1042.4220567718914)
(0, 2, 1, 35, 630.2208509721986)
(0, 2, 1, 36, 808.5562028761454)
(0, 2, 1, 37, 777.2222219708041)
(0, 2, 1, 38, 758.0734745151127)
(0, 2, 1, 39, 1062.399277682954)
(0, 2, 1, 40, 1008.7643429548732)
(0, 2, 1, 41, 729.0772714273543)
(0, 2, 1, 42, 690.7098592821505)
(0, 2, 1, 43, 876.8446835616508)
(0, 2, 1, 44, 978.8763202020823)
(0, 2, 1, 45, 617.6043659849992)
(0, 2, 1, 46, 830.0800253060726)
(0, 2, 1, 47, 1127.8569586816304)
(0, 2, 1, 48, 832.9062281865783)
(0, 2, 1, 49, 712.3379513702598)
(0, 2, 1, 50, 679.4447871340844)
(0, 2, 1, 51, 658.2939245974482)
(0, 2, 1, 52, 767.7332740173017)
(0, 2, 1, 53, 845.6192974898271)
(0, 2, 1, 54, 627.8417436568451)
(0, 2, 1, 55, 1005.9052079601767)
(0, 2, 1, 56, 874.7950277754035)
(0, 2, 1, 57, 1055.6983393810517)
(0, 2, 1, 58, 838.9799623973889)
(0, 2, 1, 59, 950.188684559943)
(0, 2, 1, 60, 1026.9857151035367)
(0, 2, 1, 61, 751.9278321206177)
(0, 2, 1, 62, 705.6963668715573)
(0, 2, 1, 63, 965.7559107353381)
(0, 2, 1, 64, 923.9867103730801)
(0, 2, 1, 65, 732.9139808137371)
(0, 2, 1, 66, 870.2152423042604)
(0, 2, 1, 67, 559.3650083646494)
(0, 2, 1, 68, 1074.3534365265905)
(0, 2, 1, 69, 1215.8660702622137)
(0, 2, 1, 70, 764.562194724944)
(0, 2, 1, 71, 633.2365757370967)
(0, 2, 1, 72, 779.3059629416668)
(0, 2, 1, 73, 393.4394938055329)
(0, 2, 1, 74, 963.8941161060447)
(0, 2, 1, 75, 914.945322196921)
(0, 2, 1, 76, 1024.4357198710707)
(0, 2, 1, 77, 820.3920770513668)
(0, 2, 1, 78, 818.0242955318915)
(0, 2, 1, 79, 706.3854887763733)
(0, 2, 1, 80, 645.1197057841177)
(0, 2, 1, 81, 733.2242998274239)
(0, 2, 1, 82, 875.5525264590109)
(0, 2, 1, 83, 697.3049735473617)
(0, 2, 1, 84, 515.7934634013803)
(0, 2, 1, 85, 621.8880833124211)
(0, 2, 1, 86, 1043.9171852859633)
(0, 2, 1, 87, 810.3200574570524)
(0, 2, 1, 88, 722.6198666683109)
(0, 2, 1, 89, 657.1905960063427)
(0, 2, 1, 90, 880.1441206749932)
(0, 2, 1, 91, 762.556226777228)
(0, 2, 1, 92, 921.7048239757028)
(0, 2, 1, 93, 626.2546393790711)
(0, 2, 1, 94, 739.4221636250583)
(0, 2, 1, 95, 1030.0358304054814)
(0, 2, 1, 96, 882.9760254254295)
(0, 2, 1, 97, 527.716479915257)
(0, 2, 1, 98, 805.0211534356822)
(0, 2, 1, 99, 687.7209282544975)
(0, 2, 1, 100, 892.1272416585482)
(0, 2, 1, 101, 688.7243184520518)
(0, 2, 1, 102, 1134.0814817459252)
(0, 2, 1, 103, 1001.1918017424931)
(0, 2, 1, 104, 745.6382541061577)
(0, 2, 1, 105, 460.01273426012835)
(0, 2, 1, 106, 888.7064542102645)
(0, 2, 1, 107, 869.9297572310304)
(0, 2, 1, 108, 723.6973504764907)
(0, 2, 1, 109, 1092.7605710227251)
(0, 2, 1, 110, 910.1920098057536)
(0, 2, 1, 111, 724.6611832872146)
(0, 2, 1, 112, 846.9162892202921)
(0, 2, 1, 113, 954.3194580593164)
(0, 2, 1, 114, 1115.918711408723)
(0, 2, 1, 115, 553.2791214101381)
(0, 2, 1, 116, 1017.5714490262869)
(0, 2, 1, 117, 804.7755370344222)
(0, 2, 1, 118, 965.0065241551739)
(0, 2, 1, 119, 1145.4379383015705)
(0, 2, 1, 120, 905.072356962297)
(0, 2, 1, 121, 849.3838033694835)
(0, 2, 1, 122, 378.6761055585296)
(0, 2, 1, 123, 911.146677181799)
(0, 2, 1, 124, 797.8632917147003)
(0, 2, 1, 125, 784.8237781872508)
(0, 2, 1, 126, 683.2942684269054)
(0, 2, 1, 127, 908.0166125912432)
(0, 2, 1, 128, 926.6808863823403)
(0, 2, 1, 129, 797.7419309171449)
(0, 2, 1, 130, 579.7816483009265)
(0, 2, 1, 131, 870.1498691632248)
(0, 2, 1, 132, 869.7062246385599)
(0, 2, 1, 133, 995.0284677200468)
(0, 2, 1, 134, 854.4615615958045)
(0, 2, 1, 135, 655.7241846033768)
(0, 2, 1, 136, 695.7178914867358)
(0, 2, 1, 137, 816.0117900623403)
(0, 2, 1, 138, 845.4307440109189)
(0, 2, 1, 139, 732.6137737831338)
(0, 2, 1, 140, 912.6041557615905)
(0, 2, 1, 141, 842.433067020409)
(0, 2, 1, 142, 573.3043350926092)
(0, 2, 1, 143, 980.448970641594)
(0, 2, 1, 144, 948.4824425804346)
(0, 2, 1, 145, 705.3279905671674)
(0, 2, 1, 146, 614.4511044831987)
(0, 2, 1, 147, 708.0717047457603)
(0, 2, 1, 148, 982.505908285991)
(0, 2, 1, 149, 799.9348237873625)
(0, 2, 1, 150, 1072.387739289305)
(0, 2, 1, 151, 1017.1632690056985)
(0, 2, 1, 152, 1137.2715699134455)
(0, 2, 1, 153, 750.1964717914877)
(0, 2, 1, 154, 880.0497946651882)
(0, 2, 1, 155, 826.7849978611237)
(0, 2, 1, 156, 565.9663368760225)
(0, 2, 1, 157, 1202.401876810712)
(0, 2, 1, 158, 941.0232869390624)
(0, 2, 1, 159, 727.4221176351521)
(0, 2, 1, 160, 712.5243475430105)
(0, 2, 1, 161, 1044.6545973377617)
(0, 2, 1, 162, 713.7884506010034)
(0, 2, 1, 163, 662.628108127031)
(0, 2, 1, 164, 654.3298969332693)
(0, 2, 1, 165, 894.8505775632846)
(0, 2, 1, 166, 926.4812742854156)
(0, 2, 1, 167, 609.2850435633136)
(0, 2, 1, 168, 881.2021032976019)
(0, 2, 1, 169, 565.1703099275751)
(0, 2, 1, 170, 968.1789310223559)
(0, 2, 1, 171, 921.8636982337142)
(0, 2, 1, 172, 499.98040671782235)
(0, 2, 1, 173, 887.9254873222542)
(0, 2, 1, 174, 827.8354099536905)
(0, 2, 1, 175, 1116.8063873957751)
(0, 2, 1, 176, 569.6822019613181)
(0, 2, 1, 177, 1042.0335031551554)
(0, 2, 1, 178, 838.4303407824548)
(0, 2, 1, 179, 878.8126785584374)
(0, 2, 1, 180, 1118.6961990069938)
(0, 2, 1, 181, 590.2436838195835)
(0, 2, 1, 182, 978.0398656123916)
(0, 2, 1, 183, 330.58645064976656)
(0, 2, 1, 184, 659.89818537103)
(0, 2, 1, 185, 808.9506822143949)
(0, 2, 1, 186, 829.2094659889015)
(0, 2, 1, 187, 642.1101001203692)
(0, 2, 1, 188, 759.4285408291292)
(0, 2, 1, 189, 849.4193963390259)
(0, 2, 1, 190, 353.9053360160336)
(0, 2, 1, 191, 618.8210572505238)
(0, 2, 1, 192, 727.9481753117475)
(0, 2, 1, 193, 631.1389384647334)
(0, 2, 1, 194, 842.6877033533698)
(0, 2, 1, 195, 650.4880543475947)
(0, 2, 1, 196, 806.8695828629322)
(0, 2, 1, 197, 867.5953001217695)
(0, 2, 1, 198, 885.8464689834143)
(0, 2, 1, 199, 648.3662518024576)
(0, 2, 1, 200, 704.0833723063184)
(0, 2, 1, 201, 601.5489985589434)
(0, 2, 1, 202, 1085.5203640447623)
(0, 2, 1, 203, 1120.5428401795941)
(0, 2, 1, 204, 871.443705605981)
(0, 2, 1, 205, 677.453417753953)
(0, 2, 1, 206, 1095.4498914177846)
(0, 2, 1, 207, 677.4136879846653)
(0, 2, 1, 208, 756.1812286553708)
(0, 2, 1, 209, 727.9547850933468)
(0, 2, 1, 210, 758.4740241837084)
(0, 2, 1, 211, 791.7907191193864)
(0, 2, 1, 212, 836.22861058189)
(0, 2, 1, 213, 960.2467364526352)
(0, 2, 1, 214, 754.0461226028882)
(0, 2, 1, 215, 903.4259428830242)
(0, 2, 1, 216, 892.6443964639247)
(0, 2, 1, 217, 871.8483342489714)
(0, 2, 1, 218, 461.037429557534)
(0, 2, 1, 219, 877.6272863678108)
(0, 2, 1, 220, 1240.1693364842988)
(0, 2, 1, 221, 1017.563533588037)
(0, 2, 1, 222, 1027.086417605588)
(0, 2, 1, 223, 906.5668104105321)
(0, 2, 1, 224, 958.8636022741495)
(0, 2, 1, 225, 1094.6890875967624)
(0, 2, 1, 226, 935.0438634105417)
(0, 2, 1, 227, 692.8283291114855)
(0, 2, 1, 228, 884.42100549645)
(0, 2, 1, 229, 719.6756841552603)
(0, 2, 1, 230, 683.8511100821721)
(0, 2, 1, 231, 993.3086416531731)
(0, 2, 1, 232, 1078.986225430844)
(0, 2, 1, 233, 728.5242163589311)
(0, 2, 1, 234, 729.746976493445)
(0, 2, 1, 235, 883.1898561362617)
(0, 2, 1, 236, 1100.8940164891726)
(0, 2, 1, 237, 973.430048286536)
(0, 2, 1, 238, 934.3218000943623)
(0, 2, 1, 239, 676.6051694027799)
(0, 2, 1, 240, 1079.2669425358067)
(0, 2, 1, 241, 923.2793032074296)
(0, 2, 1, 242, 1098.514762761331)
(0, 2, 1, 243, 718.0608553611477)
(0, 2, 1, 244, 1076.0721302558452)
(0, 2, 1, 245, 1047.3449012986587)
(0, 2, 1, 246, 662.2436144050174)
(0, 2, 1, 247, 542.9944349352355)
(0, 2, 1, 248, 907.0731019807076)
(0, 2, 1, 249, 752.6099676829324)
(0, 3, 0, 0, 509.1419719665068)
(0, 3, 0, 1, 1103.507857064594)
(0, 3, 0, 2, 610.8753699316742)
(0, 3, 0, 3, 897.7183157951309)
(0, 3, 0, 4, 475.12610418937913)
(0, 3, 0, 5, 899.6651563804194)
(0, 3, 0, 6, 505.1392713508799)
(0, 3, 0, 7, 697.7917105122899)
(0, 3, 0, 8, 1244.8471399671687)
(0, 3, 0, 9, 987.5107570159284)
(0, 3, 0, 10, 530.7641873222595)
(0, 3, 0, 11, 847.2851721363779)
(0, 3, 0, 12, 895.8058627581853)
(0, 3, 0, 13, 652.7537463840997)
(0, 3, 0, 14, 806.1732698722161)
(0, 3, 0, 15, 1128.3034769318947)
(0, 3, 0, 16, 737.9836258572661)
(0, 3, 0, 17, 1298.4069840016093)
(0, 3, 0, 18, 1227.1185217625707)
(0, 3, 0, 19, 620.946695138692)
(0, 3, 0, 20, 400.5110199319034)
(0, 3, 0, 21, 784.7949124279235)
(0, 3, 0, 22, 507.2737727868788)
(0, 3, 0, 23, 701.5050288103332)
(0, 3, 0, 24, 526.6535539292105)
(0, 3, 0, 25, 1020.1628035542105)
(0, 3, 0, 26, 1203.570942580927)
(0, 3, 0, 27, 566.2595134001032)
(0, 3, 0, 28, 684.2059254341093)
(0, 3, 0, 29, 565.9433413637812)
(0, 3, 0, 30, 436.7254326551018)
(0, 3, 0, 31, 1279.3267817579722)
(0, 3, 0, 32, 930.0039850649918)
(0, 3, 0, 33, 621.656275699512)
(0, 3, 0, 34, 592.8391567931532)
(0, 3, 0, 35, 635.634590049285)
(0, 3, 0, 36, 697.0476207663535)
(0, 3, 0, 37, 413.17680976063355)
(0, 3, 0, 38, 602.4045836733998)
(0, 3, 0, 39, 1017.5959255226934)
(0, 3, 0, 40, 647.770608119003)
(0, 3, 0, 41, 604.801655070089)
(0, 3, 0, 42, 755.5787174194811)
(0, 3, 0, 43, 956.3337078488809)
(0, 3, 0, 44, 481.3174786484314)
(0, 3, 0, 45, 773.2763778488211)
(0, 3, 0, 46, 1065.5421092480162)
(0, 3, 0, 47, 772.9295522925577)
(0, 3, 0, 48, 618.4834396130406)
(0, 3, 0, 49, 927.6617691563405)
(0, 3, 0, 50, 1297.4977062026153)
(0, 3, 0, 51, 693.30241466165)
(0, 3, 0, 52, 603.1452132145383)
(0, 3, 0, 53, 1199.8707107792204)
(0, 3, 0, 54, 498.46528343761724)
(0, 3, 0, 55, 782.9001316791713)
(0, 3, 0, 56, 919.4873799922599)
(0, 3, 0, 57, 1002.6366148042774)
(0, 3, 0, 58, 528.8988571380892)
(0, 3, 0, 59, 755.1184147119134)
(0, 3, 0, 60, 1445.0779691275543)
(0, 3, 0, 61, 982.6237929650556)
(0, 3, 0, 62, 484.9912736649531)
(0, 3, 0, 63, 870.233013147442)
(0, 3, 0, 64, 989.4205954525952)
(0, 3, 0, 65, 1024.6237636332605)
(0, 3, 0, 66, 425.7793452378894)
(0, 3, 0, 67, 672.9700270504692)
(0, 3, 0, 68, 996.3298585650635)
(0, 3, 0, 69, 652.0542758798103)
(0, 3, 0, 70, 882.7724676721184)
(0, 3, 0, 71, 974.8169441610053)
(0, 3, 0, 72, 879.2385310224932)
(0, 3, 0, 73, 782.5781128936757)
(0, 3, 0, 74, 659.4376393555822)
(0, 3, 0, 75, 1066.1865733046504)
(0, 3, 0, 76, 454.9207527558243)
(0, 3, 0, 77, 1145.32654503601)
(0, 3, 0, 78, 1396.5099087281849)
(0, 3, 0, 79, 834.664899445051)
(0, 3, 0, 80, 1026.3529961843808)
(0, 3, 0, 81, 715.607557150637)
(0, 3, 0, 82, 597.550769255394)
(0, 3, 0, 83, 686.034519614595)
(0, 3, 0, 84, 643.1226136835361)
(0, 3, 0, 85, 620.5689641542785)
(0, 3, 0, 86, 673.9343897173353)
(0, 3, 0, 87, 574.9582588443827)
(0, 3, 0, 88, 1449.9137898341987)
(0, 3, 0, 89, 791.5492328663868)
(0, 3, 0, 90, 587.0930694868827)
(0, 3, 0, 91, 488.5122770007227)
(0, 3, 0, 92, 824.6352366969817)
(0, 3, 0, 93, 773.0115266673422)
(0, 3, 0, 94, 1258.0126044338958)
(0, 3, 0, 95, 515.6958985480377)
(0, 3, 0, 96, 395.62245914146115)
(0, 3, 0, 97, 1310.500939808144)
(0, 3, 0, 98, 1162.556219893012)
(0, 3, 0, 99, 1113.0360964667177)
(0, 3, 0, 100, 934.4172331832301)
(0, 3, 0, 101, 1069.2447631846367)
(0, 3, 0, 102, 511.3644821855971)
(0, 3, 0, 103, 815.2781208176065)
(0, 3, 0, 104, 977.9230135006729)
(0, 3, 0, 105, 814.1062727284383)
(0, 3, 0, 106, 875.1604947876189)
(0, 3, 0, 107, 794.5777488354629)
(0, 3, 0, 108, 998.7414530648638)
(0, 3, 0, 109, 652.4511158231106)
(0, 3, 0, 110, 954.7897058092042)
(0, 3, 0, 111, 844.8716770718225)
(0, 3, 0, 112, 340.8159657947844)
(0, 3, 0, 113, 657.6196938390913)
(0, 3, 0, 114, 1060.8623966810967)
(0, 3, 0, 115, 684.2325025629733)
(0, 3, 0, 116, 695.7653615810237)
(0, 3, 0, 117, 771.1680214590331)
(0, 3, 0, 118, 1076.0088915636277)
(0, 3, 0, 119, 923.1409481248181)
(0, 3, 0, 120, 756.0787956597682)
(0, 3, 0, 121, 1325.5752604966538)
(0, 3, 0, 122, 1029.97718551751)
(0, 3, 0, 123, 667.134528590476)
(0, 3, 0, 124, 701.4489296195845)
(0, 3, 0, 125, 505.73458225412054)
(0, 3, 0, 126, 1071.239801441507)
(0, 3, 0, 127, 653.7701550707912)
(0, 3, 0, 128, 1009.227042587341)
(0, 3, 0, 129, 858.2397639346924)
(0, 3, 0, 130, 723.7852310367806)
(0, 3, 0, 131, 457.65903221375356)
(0, 3, 0, 132, 540.6747169488616)
(0, 3, 0, 133, 746.7454877556005)
(0, 3, 0, 134, 813.7954922821548)
(0, 3, 0, 135, 571.8402691824351)
(0, 3, 0, 136, 908.7746151875753)
(0, 3, 0, 137, 585.7086179553643)
(0, 3, 0, 138, 709.7437838077471)
(0, 3, 0, 139, 1057.9366144442602)
(0, 3, 0, 140, 414.60580818117995)
(0, 3, 0, 141, 720.1506408016135)
(0, 3, 0, 142, 353.71422384777077)
(0, 3, 0, 143, 737.6002298950935)
(0, 3, 0, 144, 803.4644217206534)
(0, 3, 0, 145, 459.10235736717755)
(0, 3, 0, 146, 626.3479037044227)
(0, 3, 0, 147, 602.714992994365)
(0, 3, 0, 148, 824.0228424945752)
(0, 3, 0, 149, 374.48778394154135)
(0, 3, 0, 150, 933.8738518854519)
(0, 3, 0, 151, 632.8517510796823)
(0, 3, 0, 152, 867.208220017276)
(0, 3, 0, 153, 747.5651719805718)
(0, 3, 0, 154, 536.2383867473413)
(0, 3, 0, 155, 928.2827616310495)
(0, 3, 0, 156, 1023.434836624522)
(0, 3, 0, 157, 690.7286838792601)
(0, 3, 0, 158, 659.2419180408522)
(0, 3, 0, 159, 854.8799490048652)
(0, 3, 0, 160, 809.9113274950397)
(0, 3, 0, 161, 902.4399797474434)
(0, 3, 0, 162, 597.1662862811006)
(0, 3, 0, 163, 729.3263683430879)
(0, 3, 0, 164, 759.598838635733)
(0, 3, 0, 165, 1132.1707752311295)
(0, 3, 0, 166, 546.2863527664557)
(0, 3, 0, 167, 1079.3686924722044)
(0, 3, 0, 168, 1010.0727826229622)
(0, 3, 0, 169, 547.560664854206)
(0, 3, 0, 170, 895.730962039738)
(0, 3, 0, 171, 441.23263346322955)
(0, 3, 0, 172, 744.8042718364059)
(0, 3, 0, 173, 329.7359496617184)
(0, 3, 0, 174, 516.8502598321909)
(0, 3, 0, 175, 903.5349871487667)
(0, 3, 0, 176, 438.51642898761054)
(0, 3, 0, 177, 623.1094612983013)
(0, 3, 0, 178, 627.4709845853355)
(0, 3, 0, 179, 814.9598285075094)
(0, 3, 0, 180, 1042.1628883694148)
(0, 3, 0, 181, 343.84952199025815)
(0, 3, 0, 182, 459.88645514256456)
(0, 3, 0, 183, 529.4585443474506)
(0, 3, 0, 184, 436.60280775569447)
(0, 3, 0, 185, 809.7816717028569)
(0, 3, 0, 186, 383.0810225602463)
(0, 3, 0, 187, 455.50017524513015)
(0, 3, 0, 188, 683.2078465106464)
(0, 3, 0, 189, 864.9004980776966)
(0, 3, 0, 190, 457.80388149944065)
(0, 3, 0, 191, 620.5663263451771)
(0, 3, 0, 192, 935.6078082004519)
(0, 3, 0, 193, 660.6758560531255)
(0, 3, 0, 194, 1506.1572581131052)
(0, 3, 0, 195, 1021.1519217581689)
(0, 3, 0, 196, 1324.1179918859216)
(0, 3, 0, 197, 1000.2781738160514)
(0, 3, 0, 198, 881.221287541109)
(0, 3, 0, 199, 1548.2006637678135)
(0, 3, 0, 200, 1492.1978227157254)
(0, 3, 0, 201, 738.1740640247816)
(0, 3, 0, 202, 964.3592026283452)
(0, 3, 0, 203, 801.453083640093)
(0, 3, 0, 204, 939.6755036158406)
(0, 3, 0, 205, 885.9339585872553)
(0, 3, 0, 206, 557.4892868125461)
(0, 3, 0, 207, 574.732667345918)
(0, 3, 0, 208, 1206.0859894855496)
(0, 3, 0, 209, 823.4724971641043)
(0, 3, 0, 210, 1019.5613631714983)
(0, 3, 0, 211, 646.7605516482881)
(0, 3, 0, 212, 331.24434192160913)
(0, 3, 0, 213, 540.0249991164294)
(0, 3, 0, 214, 850.1469895102173)
(0, 3, 0, 215, 997.1311587275992)
(0, 3, 0, 216, 637.0119692226042)
(0, 3, 0, 217, 811.8893811006986)
(0, 3, 0, 218, 611.7668605228249)
(0, 3, 0, 219, 578.9229387252404)
(0, 3, 0, 220, 1368.0807804042615)
(0, 3, 0, 221, 613.1390776629624)
(0, 3, 0, 222, 665.9769932299957)
(0, 3, 0, 223, 703.9194627780561)
(0, 3, 0, 224, 760.1137324508294)
(0, 3, 0, 225, 875.6415360816461)
(0, 3, 0, 226, 526.4876009334151)
(0, 3, 0, 227, 840.6583034533974)
(0, 3, 0, 228, 515.2710138202038)
(0, 3, 0, 229, 844.6911807247307)
(0, 3, 0, 230, 538.4909993989384)
(0, 3, 0, 231, 557.7840318203979)
(0, 3, 0, 232, 996.544040902215)
(0, 3, 0, 233, 608.6779048929697)
(0, 3, 0, 234, 802.7373889041532)
(0, 3, 0, 235, 750.3386079264128)
(0, 3, 0, 236, 631.8549606440446)
(0, 3, 0, 237, 940.8409582037478)
(0, 3, 0, 238, 783.8226542072431)
(0, 3, 0, 239, 909.8902211077259)
(0, 3, 0, 240, 974.7069355060441)
(0, 3, 0, 241, 1174.6334670183328)
(0, 3, 0, 242, 753.7985849398084)
(0, 3, 0, 243, 771.7153366028789)
(0, 3, 0, 244, 869.3786564869152)
(0, 3, 0, 245, 606.9029770743847)
(0, 3, 0, 246, 624.2991687835314)
(0, 3, 0, 247, 970.1109936186291)
(0, 3, 0, 248, 682.6282806837563)
(0, 3, 0, 249, 1089.8381806740067)
(0, 3, 1, 0, 1320.0131135538895)
(0, 3, 1, 1, 1132.6099142698883)
(0, 3, 1, 2, 1180.8565975430547)
(0, 3, 1, 3, 1259.9084162099332)
(0, 3, 1, 4, 922.246666911313)
(0, 3, 1, 5, 1259.2984824003734)
(0, 3, 1, 6, 1386.5135962266072)
(0, 3, 1, 7, 1478.1924892384634)
(0, 3, 1, 8, 1045.901475724996)
(0, 3, 1, 9, 1338.4874104964103)
(0, 3, 1, 10, 1632.4937730104778)
(0, 3, 1, 11, 1164.2472350384974)
(0, 3, 1, 12, 850.8474671390163)
(0, 3, 1, 13, 1510.601889713206)
(0, 3, 1, 14, 1309.1592225147847)
(0, 3, 1, 15, 1081.3042922979866)
(0, 3, 1, 16, 1280.069863794864)
(0, 3, 1, 17, 1226.845702259841)
(0, 3, 1, 18, 816.6520845586676)
(0, 3, 1, 19, 1153.116258856179)
(0, 3, 1, 20, 1184.3161427995672)
(0, 3, 1, 21, 1405.0230220526778)
(0, 3, 1, 22, 1320.7320795579883)
(0, 3, 1, 23, 1112.2808327432415)
(0, 3, 1, 24, 1658.4977537581033)
(0, 3, 1, 25, 1244.443945351675)
(0, 3, 1, 26, 824.8214509057269)
(0, 3, 1, 27, 1740.2619201318976)
(0, 3, 1, 28, 1512.8865210664374)
(0, 3, 1, 29, 1447.8247195113402)
(0, 3, 1, 30, 809.5358428644632)
(0, 3, 1, 31, 1239.2936532666204)
(0, 3, 1, 32, 1213.461649092416)
(0, 3, 1, 33, 1314.1518400807302)
(0, 3, 1, 34, 1571.4155439230738)
(0, 3, 1, 35, 1055.6112448971621)
(0, 3, 1, 36, 1293.9638420217673)
(0, 3, 1, 37, 1086.7942103483647)
(0, 3, 1, 38, 1368.1100110300895)
(0, 3, 1, 39, 1440.2028629004026)
(0, 3, 1, 40, 1392.4425682555434)
(0, 3, 1, 41, 956.3512878160776)
(0, 3, 1, 42, 1294.7582726509802)
(0, 3, 1, 43, 1380.589495235212)
(0, 3, 1, 44, 1349.5454289218526)
(0, 3, 1, 45, 918.0017473076109)
(0, 3, 1, 46, 1391.7635939503207)
(0, 3, 1, 47, 1436.7090877217265)
(0, 3, 1, 48, 1174.173463000086)
(0, 3, 1, 49, 1319.6937126496537)
(0, 3, 1, 50, 1161.6791204939227)
(0, 3, 1, 51, 966.6925412768164)
(0, 3, 1, 52, 950.4306993134458)
(0, 3, 1, 53, 1327.5229316048951)
(0, 3, 1, 54, 1193.666793534368)
(0, 3, 1, 55, 1489.578461400823)
(0, 3, 1, 56, 1545.6027019822923)
(0, 3, 1, 57, 1469.1372132429256)
(0, 3, 1, 58, 1196.766935847267)
(0, 3, 1, 59, 1360.3041409185735)
(0, 3, 1, 60, 1386.2030433991185)
(0, 3, 1, 61, 1186.5319211556123)
(0, 3, 1, 62, 1060.7906615566055)
(0, 3, 1, 63, 1454.6530159192964)
(0, 3, 1, 64, 1471.2631039482208)
(0, 3, 1, 65, 1070.84383097325)
(0, 3, 1, 66, 1209.8692241572721)
(0, 3, 1, 67, 1109.2047798424549)
(0, 3, 1, 68, 1346.9702897733923)
(0, 3, 1, 69, 1614.1974889386415)
(0, 3, 1, 70, 1272.525426576559)
(0, 3, 1, 71, 1051.9937563447056)
(0, 3, 1, 72, 1188.9741829946167)
(0, 3, 1, 73, 503.4985622569095)
(0, 3, 1, 74, 1507.3720004240467)
(0, 3, 1, 75, 1229.1047536738038)
(0, 3, 1, 76, 1656.2852214582647)
(0, 3, 1, 77, 1059.9604662331872)
(0, 3, 1, 78, 1305.0827456524555)
(0, 3, 1, 79, 873.0533867942214)
(0, 3, 1, 80, 1115.7415222307602)
(0, 3, 1, 81, 1282.3024996822294)
(0, 3, 1, 82, 1298.2169706075301)
(0, 3, 1, 83, 1160.7138377323158)
(0, 3, 1, 84, 752.0836264402263)
(0, 3, 1, 85, 1070.547733526707)
(0, 3, 1, 86, 1398.497775393459)
(0, 3, 1, 87, 1555.316529288501)
(0, 3, 1, 88, 1140.3247059752055)
(0, 3, 1, 89, 1196.6822560896321)
(0, 3, 1, 90, 1592.7451327859858)
(0, 3, 1, 91, 1131.4720064383075)
(0, 3, 1, 92, 1334.617442545942)
(0, 3, 1, 93, 857.0961116537342)
(0, 3, 1, 94, 1369.0858606527174)
(0, 3, 1, 95, 1375.8135170341689)
(0, 3, 1, 96, 1354.7351903636115)
(0, 3, 1, 97, 818.5914493359495)
(0, 3, 1, 98, 1464.697649596266)
(0, 3, 1, 99, 1280.130127787734)
(0, 3, 1, 100, 1221.0761798996837)
(0, 3, 1, 101, 1304.1038506686773)
(0, 3, 1, 102, 1376.12194275522)
(0, 3, 1, 103, 1342.821533178713)
(0, 3, 1, 104, 1020.4984540169826)
(0, 3, 1, 105, 720.236780130829)
(0, 3, 1, 106, 1082.0884869675951)
(0, 3, 1, 107, 1436.773347661017)
(0, 3, 1, 108, 953.9225548267608)
(0, 3, 1, 109, 1415.7473435419167)
(0, 3, 1, 110, 1256.8571081353123)
(0, 3, 1, 111, 1024.264156772119)
(0, 3, 1, 112, 1168.4259591796301)
(0, 3, 1, 113, 1488.4548524756701)
(0, 3, 1, 114, 1459.4424946086444)
(0, 3, 1, 115, 880.8271451686708)
(0, 3, 1, 116, 1428.506344291525)
(0, 3, 1, 117, 1176.8954653675203)
(0, 3, 1, 118, 1464.653278238688)
(0, 3, 1, 119, 1772.1647541261545)
(0, 3, 1, 120, 1167.7146259342912)
(0, 3, 1, 121, 1435.8452377352808)
(0, 3, 1, 122, 542.2133626943464)
(0, 3, 1, 123, 1238.4842690255487)
(0, 3, 1, 124, 961.3070016224643)
(0, 3, 1, 125, 1441.1748560285594)
(0, 3, 1, 126, 1342.9290661495318)
(0, 3, 1, 127, 1306.0565946939917)
(0, 3, 1, 128, 1581.2971199374856)
(0, 3, 1, 129, 1169.4736630749846)
(0, 3, 1, 130, 1014.3118104863838)
(0, 3, 1, 131, 1156.7851889188269)
(0, 3, 1, 132, 1065.1355594671593)
(0, 3, 1, 133, 1467.678290087256)
(0, 3, 1, 134, 1339.2213447282766)
(0, 3, 1, 135, 1311.3482807166301)
(0, 3, 1, 136, 989.5680372079909)
(0, 3, 1, 137, 1034.4645053124004)
(0, 3, 1, 138, 1335.7026856072496)
(0, 3, 1, 139, 1312.5670614112944)
(0, 3, 1, 140, 1144.5638396104396)
(0, 3, 1, 141, 1095.8538134875703)
(0, 3, 1, 142, 906.7595151443645)
(0, 3, 1, 143, 1351.442297525499)
(0, 3, 1, 144, 1413.8288509591478)
(0, 3, 1, 145, 1195.8091907226878)
(0, 3, 1, 146, 1032.3970785298159)
(0, 3, 1, 147, 1232.985684502009)
(0, 3, 1, 148, 1271.9146347427347)
(0, 3, 1, 149, 1175.5602298589308)
(0, 3, 1, 150, 1803.614189261384)
(0, 3, 1, 151, 1336.7003758638286)
(0, 3, 1, 152, 1437.4167089908638)
(0, 3, 1, 153, 1400.3704334783924)
(0, 3, 1, 154, 1363.5374953438443)
(0, 3, 1, 155, 1241.2909767658261)
(0, 3, 1, 156, 1031.6707455129074)
(0, 3, 1, 157, 1558.8770784733367)
(0, 3, 1, 158, 1270.3612220157297)
(0, 3, 1, 159, 931.6009565877098)
(0, 3, 1, 160, 939.1775708603644)
(0, 3, 1, 161, 1303.3532390022344)
(0, 3, 1, 162, 985.4719558805566)
(0, 3, 1, 163, 1064.9101990860818)
(0, 3, 1, 164, 1116.677565119177)
(0, 3, 1, 165, 1292.2651419749493)
(0, 3, 1, 166, 1176.5808156996245)
(0, 3, 1, 167, 950.2510589565959)
(0, 3, 1, 168, 1229.718425351655)
(0, 3, 1, 169, 889.3204504820804)
(0, 3, 1, 170, 1328.6400001422069)
(0, 3, 1, 171, 1441.8386340016734)
(0, 3, 1, 172, 961.0538893565896)
(0, 3, 1, 173, 1233.6153060257707)
(0, 3, 1, 174, 1453.7248167581595)
(0, 3, 1, 175, 1418.8339388760057)
(0, 3, 1, 176, 838.0563634945462)
(0, 3, 1, 177, 1476.4304991225013)
(0, 3, 1, 178, 1339.8715933797575)
(0, 3, 1, 179, 1625.6703824955)
(0, 3, 1, 180, 1552.5890692939395)
(0, 3, 1, 181, 1012.4493551251311)
(0, 3, 1, 182, 1345.3338054587246)
(0, 3, 1, 183, 515.6816231264567)
(0, 3, 1, 184, 996.8438438823956)
(0, 3, 1, 185, 1328.111750773196)
(0, 3, 1, 186, 1413.6105354242363)
(0, 3, 1, 187, 967.2155809522885)
(0, 3, 1, 188, 1208.7663179593585)
(0, 3, 1, 189, 1146.5495140884793)
(0, 3, 1, 190, 575.3794654194619)
(0, 3, 1, 191, 946.6774836809038)
(0, 3, 1, 192, 1046.7599527426066)
(0, 3, 1, 193, 1099.4753496237893)
(0, 3, 1, 194, 1322.2100510879197)
(0, 3, 1, 195, 1325.4311029440314)
(0, 3, 1, 196, 1347.8563853538694)
(0, 3, 1, 197, 1127.672654254905)
(0, 3, 1, 198, 1329.1927411298616)
(0, 3, 1, 199, 1072.6725722738145)
(0, 3, 1, 200, 1098.4001497284223)
(0, 3, 1, 201, 813.6263398991987)
(0, 3, 1, 202, 1384.0862225623707)
(0, 3, 1, 203, 1362.5531561959765)
(0, 3, 1, 204, 1298.705430232638)
(0, 3, 1, 205, 1000.0769380636709)
(0, 3, 1, 206, 1418.037082682577)
(0, 3, 1, 207, 939.2796457265025)
(0, 3, 1, 208, 1032.2770735804959)
(0, 3, 1, 209, 1310.982281527737)
(0, 3, 1, 210, 1496.559021114149)
(0, 3, 1, 211, 1540.8617341378842)
(0, 3, 1, 212, 1163.3429352162934)
(0, 3, 1, 213, 1219.3247451614075)
(0, 3, 1, 214, 987.1672410761412)
(0, 3, 1, 215, 1579.4540643015862)
(0, 3, 1, 216, 1221.1624736455199)
(0, 3, 1, 217, 1317.3676555922523)
(0, 3, 1, 218, 814.8659048029258)
(0, 3, 1, 219, 1289.1681996738998)
(0, 3, 1, 220, 1684.7127712843903)
(0, 3, 1, 221, 1389.5555940395689)
(0, 3, 1, 222, 1422.177514892069)
(0, 3, 1, 223, 1360.0092060286277)
(0, 3, 1, 224, 1257.4115539825432)
(0, 3, 1, 225, 1544.0525069876824)
(0, 3, 1, 226, 1282.59046702415)
(0, 3, 1, 227, 1227.5557202239736)
(0, 3, 1, 228, 1146.0239777426407)
(0, 3, 1, 229, 1078.6659079690721)
(0, 3, 1, 230, 1224.8753529602066)
(0, 3, 1, 231, 1238.034510268774)
(0, 3, 1, 232, 1355.789995259497)
(0, 3, 1, 233, 1317.153145625408)
(0, 3, 1, 234, 1281.1969705987344)
(0, 3, 1, 235, 1306.8352557273236)
(0, 3, 1, 236, 1633.5019804865947)
(0, 3, 1, 237, 1303.5278180006922)
(0, 3, 1, 238, 1291.681496000132)
(0, 3, 1, 239, 1025.2933020737912)
(0, 3, 1, 240, 1434.8493174517719)
(0, 3, 1, 241, 1396.4704621239368)
(0, 3, 1, 242, 1458.5113555457292)
(0, 3, 1, 243, 1351.3905438015852)
(0, 3, 1, 244, 1536.6136105727905)
(0, 3, 1, 245, 1389.7386824956277)
(0, 3, 1, 246, 1419.3976908882269)
(0, 3, 1, 247, 797.3488663477611)
(0, 3, 1, 248, 1372.3314152623998)
(0, 3, 1, 249, 1471.132919498452)
(0, 4, 0, 0, 1038.5439160642)
(0, 4, 0, 1, 1114.8534579252464)
(0, 4, 0, 2, 1230.6766088266475)
(0, 4, 0, 3, 1074.1665516046276)
(0, 4, 0, 4, 1013.6829063945347)
(0, 4, 0, 5, 1503.265600151305)
(0, 4, 0, 6, 621.1802102613478)
(0, 4, 0, 7, 648.9147522509937)
(0, 4, 0, 8, 1086.5613600543406)
(0, 4, 0, 9, 1069.9866641754156)
(0, 4, 0, 10, 298.42883516570424)
(0, 4, 0, 11, 818.7541344805801)
(0, 4, 0, 12, 1228.6227198527547)
(0, 4, 0, 13, 1157.199335424668)
(0, 4, 0, 14, 1055.8216030636656)
(0, 4, 0, 15, 747.2785360181161)
(0, 4, 0, 16, 1208.5391397789426)
(0, 4, 0, 17, 1140.3432021589874)
(0, 4, 0, 18, 1286.4291591546926)
(0, 4, 0, 19, 945.0691042483714)
(0, 4, 0, 20, 813.5058691790962)
(0, 4, 0, 21, 1187.8260969984215)
(0, 4, 0, 22, 680.0461134545967)
(0, 4, 0, 23, 1289.0595633042392)
(0, 4, 0, 24, 660.7128657053323)
(0, 4, 0, 25, 985.9744959458721)
(0, 4, 0, 26, 959.8560018345042)
(0, 4, 0, 27, 751.3421737365942)
(0, 4, 0, 28, 1322.1795937345107)
(0, 4, 0, 29, 1040.2419527875138)
(0, 4, 0, 30, 729.2087790045646)
(0, 4, 0, 31, 1255.4571065231726)
(0, 4, 0, 32, 960.5944041359007)
(0, 4, 0, 33, 548.8462723351655)
(0, 4, 0, 34, 978.6594180266834)
(0, 4, 0, 35, 548.0190841230618)
(0, 4, 0, 36, 475.78536936481225)
(0, 4, 0, 37, 715.4732573559046)
(0, 4, 0, 38, 481.29244173009295)
(0, 4, 0, 39, 1028.1672053636082)
(0, 4, 0, 40, 863.1317540998416)
(0, 4, 0, 41, 1562.4744926378344)
(0, 4, 0, 42, 804.4927474225195)
(0, 4, 0, 43, 866.6197624610119)
(0, 4, 0, 44, 890.794925935765)
(0, 4, 0, 45, 623.9764078552508)
(0, 4, 0, 46, 1371.1430304564976)
(0, 4, 0, 47, 838.0957064038874)
(0, 4, 0, 48, 710.8392659567623)
(0, 4, 0, 49, 1146.5146670698914)
(0, 4, 0, 50, 1497.9671474611994)
(0, 4, 0, 51, 632.1417716341158)
(0, 4, 0, 52, 1216.9330087969417)
(0, 4, 0, 53, 1001.6327350074805)
(0, 4, 0, 54, 808.3569488977002)
(0, 4, 0, 55, 1310.834812156243)
(0, 4, 0, 56, 862.6423349167109)
(0, 4, 0, 57, 1089.8448170090771)
(0, 4, 0, 58, 1073.7621174084697)
(0, 4, 0, 59, 1334.0263320189197)
(0, 4, 0, 60, 1259.010953439306)
(0, 4, 0, 61, 1251.8783130672011)
(0, 4, 0, 62, 456.51085792490727)
(0, 4, 0, 63, 531.8618352713714)
(0, 4, 0, 64, 1815.7270285425263)
(0, 4, 0, 65, 957.4555761883579)
(0, 4, 0, 66, 451.1134931276933)
(0, 4, 0, 67, 624.590373889542)
(0, 4, 0, 68, 1000.4605507337964)
(0, 4, 0, 69, 710.4823554958421)
(0, 4, 0, 70, 932.0749577509771)
(0, 4, 0, 71, 869.3118816008608)
(0, 4, 0, 72, 1238.4991369201618)
(0, 4, 0, 73, 993.6196802844411)
(0, 4, 0, 74, 719.8351453763071)
(0, 4, 0, 75, 751.511296578071)
(0, 4, 0, 76, 979.2838421679102)
(0, 4, 0, 77, 1351.918504355148)
(0, 4, 0, 78, 1141.1143743475286)
(0, 4, 0, 79, 1046.173104021572)
(0, 4, 0, 80, 830.685631399265)
(0, 4, 0, 81, 1169.7224481835144)
(0, 4, 0, 82, 732.1352431199555)
(0, 4, 0, 83, 801.7155580205521)
(0, 4, 0, 84, 596.1025743657368)
(0, 4, 0, 85, 721.7700896060036)
(0, 4, 0, 86, 528.6305453763681)
(0, 4, 0, 87, 972.1296335911834)
(0, 4, 0, 88, 1110.587471835305)
(0, 4, 0, 89, 1223.2307569726745)
(0, 4, 0, 90, 1083.640707297918)
(0, 4, 0, 91, 795.0370566976093)
(0, 4, 0, 92, 1292.0200066231462)
(0, 4, 0, 93, 1034.3427414844136)
(0, 4, 0, 94, 1297.9306057880083)
(0, 4, 0, 95, 758.583356454441)
(0, 4, 0, 96, 757.4956312665003)
(0, 4, 0, 97, 1481.6919028314687)
(0, 4, 0, 98, 809.7528227215498)
(0, 4, 0, 99, 1327.6984162697759)
(0, 4, 0, 100, 872.7903791042844)
(0, 4, 0, 101, 1619.4108116780544)
(0, 4, 0, 102, 416.31165423917355)
(0, 4, 0, 103, 855.5111172154376)
(0, 4, 0, 104, 1248.909533228908)
(0, 4, 0, 105, 706.0993825396843)
(0, 4, 0, 106, 1348.7583668483549)
(0, 4, 0, 107, 1098.673337705886)
(0, 4, 0, 108, 1401.4485454777864)
(0, 4, 0, 109, 734.1410227045396)
(0, 4, 0, 110, 1269.8614599512864)
(0, 4, 0, 111, 899.1350222980273)
(0, 4, 0, 112, 546.8796815326687)
(0, 4, 0, 113, 939.3375217481113)
(0, 4, 0, 114, 1637.2492223162017)
(0, 4, 0, 115, 614.9548035683287)
(0, 4, 0, 116, 845.082495814585)
(0, 4, 0, 117, 1007.0408540405631)
(0, 4, 0, 118, 1220.1130047253155)
(0, 4, 0, 119, 920.5079533335779)
(0, 4, 0, 120, 1113.4194538456895)
(0, 4, 0, 121, 1181.6411644950176)
(0, 4, 0, 122, 1164.3744246576318)
(0, 4, 0, 123, 881.887476843297)
(0, 4, 0, 124, 662.7474533536397)
(0, 4, 0, 125, 554.2630747601)
(0, 4, 0, 126, 1182.879850811048)
(0, 4, 0, 127, 533.6287297385021)
(0, 4, 0, 128, 774.5302550539081)
(0, 4, 0, 129, 1067.2618019083275)
(0, 4, 0, 130, 901.9435699772025)
(0, 4, 0, 131, 765.2061826604396)
(0, 4, 0, 132, 799.756013934465)
(0, 4, 0, 133, 744.8308108543195)
(0, 4, 0, 134, 943.032884140364)
(0, 4, 0, 135, 875.7020864637568)
(0, 4, 0, 136, 1222.019946074265)
(0, 4, 0, 137, 827.1999063182935)
(0, 4, 0, 138, 1152.0030249257304)
(0, 4, 0, 139, 1031.8424852678095)
(0, 4, 0, 140, 502.0533236690955)
(0, 4, 0, 141, 815.752816262109)
(0, 4, 0, 142, 543.8871064175881)
(0, 4, 0, 143, 1272.9695791631461)
(0, 4, 0, 144, 1192.605203631255)
(0, 4, 0, 145, 588.2160931177091)
(0, 4, 0, 146, 843.1864700641481)
(0, 4, 0, 147, 608.2049987320067)
(0, 4, 0, 148, 1540.123736641005)
(0, 4, 0, 149, 930.0235113617672)
(0, 4, 0, 150, 550.5722010030863)
(0, 4, 0, 151, 371.6040345721727)
(0, 4, 0, 152, 1055.9187367054053)
(0, 4, 0, 153, 725.7645738309824)
(0, 4, 0, 154, 842.4335759066497)
(0, 4, 0, 155, 1224.3863189749143)
(0, 4, 0, 156, 1091.0518995630466)
(0, 4, 0, 157, 1264.4627020352436)
(0, 4, 0, 158, 625.9114245978286)
(0, 4, 0, 159, 1474.8611575531934)
(0, 4, 0, 160, 1124.5037118857122)
(0, 4, 0, 161, 694.0538079127969)
(0, 4, 0, 162, 806.5409563400253)
(0, 4, 0, 163, 925.2941591249296)
(0, 4, 0, 164, 828.3690246187555)
(0, 4, 0, 165, 1169.874317726021)
(0, 4, 0, 166, 1057.512564056455)
(0, 4, 0, 167, 1543.7353727834113)
(0, 4, 0, 168, 957.1226635295641)
(0, 4, 0, 169, 1089.0959980616117)
(0, 4, 0, 170, 1114.006068671744)
(0, 4, 0, 171, 793.3267007020175)
(0, 4, 0, 172, 936.3226596558002)
(0, 4, 0, 173, 666.4952556428158)
(0, 4, 0, 174, 911.2507728886382)
(0, 4, 0, 175, 1038.5643804830497)
(0, 4, 0, 176, 612.3411623644363)
(0, 4, 0, 177, 521.6715820075867)
(0, 4, 0, 178, 694.7128479330663)
(0, 4, 0, 179, 913.8149907152174)
(0, 4, 0, 180, 854.4652268263643)
(0, 4, 0, 181, 816.9445331125338)
(0, 4, 0, 182, 564.7988320570902)
(0, 4, 0, 183, 624.3791304237027)
(0, 4, 0, 184, 1021.7861233436214)
(0, 4, 0, 185, 951.0208982112482)
(0, 4, 0, 186, 400.21672337643963)
(0, 4, 0, 187, 564.4851415564548)
(0, 4, 0, 188, 1056.3290257932813)
(0, 4, 0, 189, 905.1008676995812)
(0, 4, 0, 190, 748.8840833461245)
(0, 4, 0, 191, 1375.4574009858063)
(0, 4, 0, 192, 561.9124737182125)
(0, 4, 0, 193, 862.739337363517)
(0, 4, 0, 194, 1536.6245933090588)
(0, 4, 0, 195, 1712.662646818938)
(0, 4, 0, 196, 1603.3304390453432)
(0, 4, 0, 197, 750.3316469030469)
(0, 4, 0, 198, 959.095956717863)
(0, 4, 0, 199, 1401.8107017769817)
(0, 4, 0, 200, 1106.9224206309225)
(0, 4, 0, 201, 960.6060038226715)
(0, 4, 0, 202, 1111.9118523347474)
(0, 4, 0, 203, 996.6073071823531)
(0, 4, 0, 204, 883.7443902783128)
(0, 4, 0, 205, 800.4336405727032)
(0, 4, 0, 206, 670.6031026424181)
(0, 4, 0, 207, 436.8302561272766)
(0, 4, 0, 208, 1256.8376028788107)
(0, 4, 0, 209, 1124.5980569766446)
(0, 4, 0, 210, 969.1072559843394)
(0, 4, 0, 211, 767.0812287686416)
(0, 4, 0, 212, 487.18753627891647)
(0, 4, 0, 213, 1022.3648995401072)
(0, 4, 0, 214, 823.2936414293448)
(0, 4, 0, 215, 877.4444376711646)
(0, 4, 0, 216, 742.0348162456315)
(0, 4, 0, 217, 1126.0583158171646)
(0, 4, 0, 218, 875.4398890095338)
(0, 4, 0, 219, 763.9032488568373)
(0, 4, 0, 220, 1288.6307515391159)
(0, 4, 0, 221, 878.9923324498412)
(0, 4, 0, 222, 807.962167155964)
(0, 4, 0, 223, 803.0843902356164)
(0, 4, 0, 224, 934.8042370665602)
(0, 4, 0, 225, 1013.0501340484691)
(0, 4, 0, 226, 860.831355002878)
(0, 4, 0, 227, 886.8668440722116)
(0, 4, 0, 228, 688.6721862821641)
(0, 4, 0, 229, 1024.9772273137685)
(0, 4, 0, 230, 998.6842834190996)
(0, 4, 0, 231, 1005.1132630140249)
(0, 4, 0, 232, 755.5355344208267)
(0, 4, 0, 233, 1396.4061058401974)
(0, 4, 0, 234, 735.1211685261726)
(0, 4, 0, 235, 1372.681008198852)
(0, 4, 0, 236, 1139.1999433991127)
(0, 4, 0, 237, 1205.3097503466631)
(0, 4, 0, 238, 882.6390581125643)
(0, 4, 0, 239, 1182.7825404944283)
(0, 4, 0, 240, 910.4809378683634)
(0, 4, 0, 241, 386.82586307000525)
(0, 4, 0, 242, 1205.5411025560124)
(0, 4, 0, 243, 820.6645140653135)
(0, 4, 0, 244, 1075.147725343185)
(0, 4, 0, 245, 1002.2732034706711)
(0, 4, 0, 246, 656.2907523238127)
(0, 4, 0, 247, 1020.0705459925575)
(0, 4, 0, 248, 896.4454062242974)
(0, 4, 0, 249, 1183.991052759453)
(0, 4, 1, 0, 1430.654742508556)
(0, 4, 1, 1, 983.3387988141379)
(0, 4, 1, 2, 1281.2750444635344)
(0, 4, 1, 3, 1479.0996340266881)
(0, 4, 1, 4, 1065.1509213277716)
(0, 4, 1, 5, 1390.6009016495923)
(0, 4, 1, 6, 1496.8404658687468)
(0, 4, 1, 7, 1818.6847430889434)
(0, 4, 1, 8, 1085.7115259151967)
(0, 4, 1, 9, 1624.1008165700912)
(0, 4, 1, 10, 1662.1250894411116)
(0, 4, 1, 11, 1289.1237129114459)
(0, 4, 1, 12, 886.9172328071026)
(0, 4, 1, 13, 1639.09481039971)
(0, 4, 1, 14, 1353.6555891351115)
(0, 4, 1, 15, 1232.2000854633957)
(0, 4, 1, 16, 1411.3074547561146)
(0, 4, 1, 17, 1487.2312603803841)
(0, 4, 1, 18, 858.1900986104127)
(0, 4, 1, 19, 1214.2665429549886)
(0, 4, 1, 20, 1394.5509153877006)
(0, 4, 1, 21, 1500.0861719300062)
(0, 4, 1, 22, 1555.1186872844505)
(0, 4, 1, 23, 1301.3164158699244)
(0, 4, 1, 24, 1566.332537096898)
(0, 4, 1, 25, 1444.842920725509)
(0, 4, 1, 26, 966.139101581682)
(0, 4, 1, 27, 1926.6746330230874)
(0, 4, 1, 28, 1613.9192205885565)
(0, 4, 1, 29, 1530.9650599375311)
(0, 4, 1, 30, 860.1146408421091)
(0, 4, 1, 31, 1273.4451431670623)
(0, 4, 1, 32, 1356.1400264614178)
(0, 4, 1, 33, 1431.063840022648)
(0, 4, 1, 34, 1582.5944095200941)
(0, 4, 1, 35, 1128.5263088450504)
(0, 4, 1, 36, 1478.7434962062505)
(0, 4, 1, 37, 1063.7000740161266)
(0, 4, 1, 38, 1484.1306028233262)
(0, 4, 1, 39, 1467.2606574633146)
(0, 4, 1, 40, 1521.9426804033474)
(0, 4, 1, 41, 956.0834799615819)
(0, 4, 1, 42, 1366.5170298967125)
(0, 4, 1, 43, 1587.8360172595571)
(0, 4, 1, 44, 1567.7804394697707)
(0, 4, 1, 45, 1035.8342995842288)
(0, 4, 1, 46, 1542.953559793605)
(0, 4, 1, 47, 1715.1628461523978)
(0, 4, 1, 48, 1532.5567462242375)
(0, 4, 1, 49, 1562.8550370042476)
(0, 4, 1, 50, 1293.8214208046627)
(0, 4, 1, 51, 931.6486662391317)
(0, 4, 1, 52, 1136.3768556415635)
(0, 4, 1, 53, 1542.639689411829)
(0, 4, 1, 54, 1281.3670034260779)
(0, 4, 1, 55, 1835.4344642863668)
(0, 4, 1, 56, 1644.4774562089378)
(0, 4, 1, 57, 1739.2700200416527)
(0, 4, 1, 58, 1285.223493927219)
(0, 4, 1, 59, 1351.0526619218865)
(0, 4, 1, 60, 1591.9274467958157)
(0, 4, 1, 61, 1194.197657978268)
(0, 4, 1, 62, 1185.4509307023536)
(0, 4, 1, 63, 1545.9210816533134)
(0, 4, 1, 64, 1539.0567485471277)
(0, 4, 1, 65, 1212.5162178353537)
(0, 4, 1, 66, 1268.691202469284)
(0, 4, 1, 67, 1193.443312189794)
(0, 4, 1, 68, 1528.3187753212608)
(0, 4, 1, 69, 1804.390671973324)
(0, 4, 1, 70, 1378.519821651926)
(0, 4, 1, 71, 1177.538111571786)
(0, 4, 1, 72, 1324.7649447472093)
(0, 4, 1, 73, 586.1575826280058)
(0, 4, 1, 74, 1529.1932220589583)
(0, 4, 1, 75, 1420.3374259194156)
(0, 4, 1, 76, 1968.7574206203344)
(0, 4, 1, 77, 1267.6319324776064)
(0, 4, 1, 78, 1434.4637226074851)
(0, 4, 1, 79, 1135.7685560536784)
(0, 4, 1, 80, 1255.6505394416354)
(0, 4, 1, 81, 1360.7279820733527)
(0, 4, 1, 82, 1485.2696077997111)
(0, 4, 1, 83, 1285.9811679580532)
(0, 4, 1, 84, 838.5382030291455)
(0, 4, 1, 85, 1079.7834533398025)
(0, 4, 1, 86, 1410.5222669100096)
(0, 4, 1, 87, 1703.0755997137817)
(0, 4, 1, 88, 1344.3310937231342)
(0, 4, 1, 89, 1226.6207728709694)
(0, 4, 1, 90, 1626.8243228751173)
(0, 4, 1, 91, 1326.2693036680687)
(0, 4, 1, 92, 1470.1132173000346)
(0, 4, 1, 93, 1002.6357452832066)
(0, 4, 1, 94, 1463.5197132002168)
(0, 4, 1, 95, 1640.530046509872)
(0, 4, 1, 96, 1288.3660949735988)
(0, 4, 1, 97, 895.1064022584865)
(0, 4, 1, 98, 1312.3203396616657)
(0, 4, 1, 99, 1360.8793694610779)
(0, 4, 1, 100, 1352.4004830069657)
(0, 4, 1, 101, 1470.7714691377937)
(0, 4, 1, 102, 1643.97363778713)
(0, 4, 1, 103, 1617.154601663957)
(0, 4, 1, 104, 1111.961936954354)
(0, 4, 1, 105, 757.0970182822696)
(0, 4, 1, 106, 1509.9867246690055)
(0, 4, 1, 107, 1533.9785460042876)
(0, 4, 1, 108, 1091.7406861617299)
(0, 4, 1, 109, 1618.0955087459772)
(0, 4, 1, 110, 1437.2953165207098)
(0, 4, 1, 111, 1129.4874787569827)
(0, 4, 1, 112, 1344.2792622345123)
(0, 4, 1, 113, 1624.485200660313)
(0, 4, 1, 114, 1630.4086790473823)
(0, 4, 1, 115, 940.7606424296075)
(0, 4, 1, 116, 1708.5074036640083)
(0, 4, 1, 117, 1280.3102540768402)
(0, 4, 1, 118, 1568.1685429016593)
(0, 4, 1, 119, 1682.283811897662)
(0, 4, 1, 120, 1250.478526219123)
(0, 4, 1, 121, 1603.917963071894)
(0, 4, 1, 122, 621.7795844479361)
(0, 4, 1, 123, 1224.917747822923)
(0, 4, 1, 124, 1233.244814608493)
(0, 4, 1, 125, 1572.6509995824642)
(0, 4, 1, 126, 1508.9109271031728)
(0, 4, 1, 127, 1471.7144736503167)
(0, 4, 1, 128, 1725.685565275916)
(0, 4, 1, 129, 1390.7214899214173)
(0, 4, 1, 130, 1066.9003271322315)
(0, 4, 1, 131, 1224.1323956631952)
(0, 4, 1, 132, 1429.2435570892433)
(0, 4, 1, 133, 1528.922049596849)
(0, 4, 1, 134, 1512.068025734012)
(0, 4, 1, 135, 1402.9057135022508)
(0, 4, 1, 136, 1171.378204784693)
(0, 4, 1, 137, 1395.0937051137673)
(0, 4, 1, 138, 1351.7094555912574)
(0, 4, 1, 139, 1333.79529814128)
(0, 4, 1, 140, 1403.8012382344325)
(0, 4, 1, 141, 1324.624856607421)
(0, 4, 1, 142, 1116.4525845484636)
(0, 4, 1, 143, 1377.2793461126905)
(0, 4, 1, 144, 1587.9489863708422)
(0, 4, 1, 145, 1397.673962347419)
(0, 4, 1, 146, 1260.5707809986804)
(0, 4, 1, 147, 1395.2492121130867)
(0, 4, 1, 148, 1419.1580866282704)
(0, 4, 1, 149, 1421.5328436525974)
(0, 4, 1, 150, 1959.2778343023074)
(0, 4, 1, 151, 1733.264651505604)
(0, 4, 1, 152, 1656.9870313937358)
(0, 4, 1, 153, 1424.0085217020253)
(0, 4, 1, 154, 1582.7247297658012)
(0, 4, 1, 155, 1342.6592908431276)
(0, 4, 1, 156, 1158.461736184126)
(0, 4, 1, 157, 1836.9504153461858)
(0, 4, 1, 158, 1388.281527278882)
(0, 4, 1, 159, 1118.4994446021126)
(0, 4, 1, 160, 958.9363765558879)
(0, 4, 1, 161, 1695.5248114454357)
(0, 4, 1, 162, 1213.2680117562672)
(0, 4, 1, 163, 1068.444000195791)
(0, 4, 1, 164, 1227.8223967370627)
(0, 4, 1, 165, 1494.385997006553)
(0, 4, 1, 166, 1353.346990516456)
(0, 4, 1, 167, 1029.8259411432655)
(0, 4, 1, 168, 1484.7085240274912)
(0, 4, 1, 169, 941.6281185126254)
(0, 4, 1, 170, 1583.1082827686485)
(0, 4, 1, 171, 1501.8022365078039)
(0, 4, 1, 172, 1020.835983740564)
(0, 4, 1, 173, 1404.7614257249713)
(0, 4, 1, 174, 1632.094989259603)
(0, 4, 1, 175, 1593.4276074465229)
(0, 4, 1, 176, 982.4531206493489)
(0, 4, 1, 177, 1454.4004373053765)
(0, 4, 1, 178, 1457.053754537354)
(0, 4, 1, 179, 1985.1775879716158)
(0, 4, 1, 180, 1728.4251197137805)
(0, 4, 1, 181, 1011.3080364419704)
(0, 4, 1, 182, 1684.78966119122)
(0, 4, 1, 183, 550.7977341760457)
(0, 4, 1, 184, 1013.2531738578598)
(0, 4, 1, 185, 1361.717213662914)
(0, 4, 1, 186, 1433.0731313178428)
(0, 4, 1, 187, 1255.7374292194863)
(0, 4, 1, 188, 1355.0321716140909)
(0, 4, 1, 189, 1261.7709392016789)
(0, 4, 1, 190, 623.3867975061623)
(0, 4, 1, 191, 1122.2564851713307)
(0, 4, 1, 192, 1103.3524438779612)
(0, 4, 1, 193, 1145.3187606845245)
(0, 4, 1, 194, 1435.450213851768)
(0, 4, 1, 195, 1577.7043794641124)
(0, 4, 1, 196, 1412.2249565460381)
(0, 4, 1, 197, 1328.6678633649935)
(0, 4, 1, 198, 1561.7164698816716)
(0, 4, 1, 199, 1250.5039255431116)
(0, 4, 1, 200, 1209.5055606960138)
(0, 4, 1, 201, 928.0770022769275)
(0, 4, 1, 202, 1686.2479026251158)
(0, 4, 1, 203, 1554.2431892674354)
(0, 4, 1, 204, 1497.3626092166664)
(0, 4, 1, 205, 1058.3908463901419)
(0, 4, 1, 206, 1627.7152195977674)
(0, 4, 1, 207, 1017.7849096348338)
(0, 4, 1, 208, 1165.8536946259158)
(0, 4, 1, 209, 1424.1611575600773)
(0, 4, 1, 210, 1561.3146985527685)
(0, 4, 1, 211, 1822.0471921732749)
(0, 4, 1, 212, 1356.880900280263)
(0, 4, 1, 213, 1429.0275850302808)
(0, 4, 1, 214, 1082.0722026797444)
(0, 4, 1, 215, 1685.2943223090354)
(0, 4, 1, 216, 1389.1735606823663)
(0, 4, 1, 217, 1396.9146489952568)
(0, 4, 1, 218, 892.7802399085996)
(0, 4, 1, 219, 1127.0645382371777)
(0, 4, 1, 220, 2002.8591346121943)
(0, 4, 1, 221, 1604.0026553937203)
(0, 4, 1, 222, 1651.2543167774334)
(0, 4, 1, 223, 1181.9517249802736)
(0, 4, 1, 224, 1433.233177485487)
(0, 4, 1, 225, 1737.5157532428907)
(0, 4, 1, 226, 1608.3980431875004)
(0, 4, 1, 227, 1291.5014586680365)
(0, 4, 1, 228, 1353.5468078146873)
(0, 4, 1, 229, 1028.60347124252)
(0, 4, 1, 230, 1354.2798576394707)
(0, 4, 1, 231, 1479.1036438840247)
(0, 4, 1, 232, 1694.4993738814528)
(0, 4, 1, 233, 1479.135615328962)
(0, 4, 1, 234, 1507.8988064052533)
(0, 4, 1, 235, 1368.644132256617)
(0, 4, 1, 236, 1438.6650857178727)
(0, 4, 1, 237, 1514.1361401223674)
(0, 4, 1, 238, 1377.4629987487995)
(0, 4, 1, 239, 857.557406221784)
(0, 4, 1, 240, 1559.623744404333)
(0, 4, 1, 241, 1225.3068024953843)
(0, 4, 1, 242, 1590.0886337220707)
(0, 4, 1, 243, 1457.5075078771629)
(0, 4, 1, 244, 1516.4623449035669)
(0, 4, 1, 245, 1237.0121640221419)
(0, 4, 1, 246, 1479.0611764269772)
(0, 4, 1, 247, 746.5906387632169)
(0, 4, 1, 248, 1589.0929808768037)
(0, 4, 1, 249, 1668.2362462978156)
