(0, 0, 0, 0, 161.3509955828047)
(0, 0, 0, 1, 316.15579851530265)
(0, 0, 0, 2, 185.5431034783484)
(0, 0, 0, 3, 157.27018743496274)
(0, 0, 0, 4, 224.17117452130967)
(0, 0, 0, 5, 194.9145339310607)
(0, 0, 0, 6, 263.2115434590886)
(0, 0, 0, 7, 241.5566001123894)
(0, 0, 0, 8, 244.88694661762628)
(0, 0, 0, 9, 173.56910451634852)
(0, 0, 0, 10, 151.3823252639943)
(0, 0, 0, 11, 277.45272995980423)
(0, 0, 0, 12, 220.75621465342144)
(0, 0, 0, 13, 216.21985423716077)
(0, 0, 0, 14, 282.88202485937586)
(0, 0, 0, 15, 299.8312949893869)
(0, 0, 0, 16, 238.40287321739274)
(0, 0, 0, 17, 263.5657263928838)
(0, 0, 0, 18, 331.9623270463193)
(0, 0, 0, 19, 218.5675655330402)
(0, 0, 0, 20, 175.60703956172588)
(0, 0, 0, 21, 200.71719314346998)
(0, 0, 0, 22, 193.94590280032136)
(0, 0, 0, 23, 235.74596722843182)
(0, 0, 0, 24, 159.70075699618005)
(0, 0, 0, 25, 174.2429479397233)
(0, 0, 0, 26, 194.04904740197026)
(0, 0, 0, 27, 195.8125996471805)
(0, 0, 0, 28, 259.34142865337947)
(0, 0, 0, 29, 219.76518192074647)
(0, 0, 0, 30, 160.6803784116058)
(0, 0, 0, 31, 241.2811602020354)
(0, 0, 0, 32, 375.19345765697614)
(0, 0, 0, 33, 200.67978447849256)
(0, 0, 0, 34, 237.4536070429475)
(0, 0, 0, 35, 151.23505366512458)
(0, 0, 0, 36, 281.2890645761962)
(0, 0, 0, 37, 159.33843114969198)
(0, 0, 0, 38, 151.25493564469383)
(0, 0, 0, 39, 201.6105326534658)
(0, 0, 0, 40, 183.98280019887318)
(0, 0, 0, 41, 267.46522935422433)
(0, 0, 0, 42, 293.08297305078577)
(0, 0, 0, 43, 304.1080896555829)
(0, 0, 0, 44, 287.13219401923857)
(0, 0, 0, 45, 241.44974829142836)
(0, 0, 0, 46, 191.93262158133535)
(0, 0, 0, 47, 230.41299855311618)
(0, 0, 0, 48, 183.1954971338173)
(0, 0, 0, 49, 228.32074989757993)
(0, 0, 0, 50, 364.79320068581535)
(0, 0, 0, 51, 160.1922997918413)
(0, 0, 0, 52, 233.8362917200987)
(0, 0, 0, 53, 254.43706752270435)
(0, 0, 0, 54, 151.21572679214503)
(0, 0, 0, 55, 269.2307068387093)
(0, 0, 0, 56, 221.22054455738532)
(0, 0, 0, 57, 257.14894189419454)
(0, 0, 0, 58, 222.81565683523155)
(0, 0, 0, 59, 243.58709259445794)
(0, 0, 0, 60, 360.9351935762117)
(0, 0, 0, 61, 392.53700565561985)
(0, 0, 0, 62, 178.83607925285511)
(0, 0, 0, 63, 221.3050373519341)
(0, 0, 0, 64, 273.948734695216)
(0, 0, 0, 65, 302.5601672114434)
(0, 0, 0, 66, 221.9180882821986)
(0, 0, 0, 67, 231.81032829674075)
(0, 0, 0, 68, 233.64684769488068)
(0, 0, 0, 69, 133.51226054862994)
(0, 0, 0, 70, 257.96443535721846)
(0, 0, 0, 71, 400.1077131996644)
(0, 0, 0, 72, 267.1242331636157)
(0, 0, 0, 73, 219.25548408119192)
(0, 0, 0, 74, 181.87639719451178)
(0, 0, 0, 75, 175.61669685633677)
(0, 0, 0, 76, 204.63877284597717)
(0, 0, 0, 77, 225.1212927589821)
(0, 0, 0, 78, 296.62419345805495)
(0, 0, 0, 79, 227.69483682648132)
(0, 0, 0, 80, 257.57464412577957)
(0, 0, 0, 81, 173.6225254036943)
(0, 0, 0, 82, 159.7430267826812)
(0, 0, 0, 83, 208.1172704966455)
(0, 0, 0, 84, 288.19297230917437)
(0, 0, 0, 85, 193.26899229930441)
(0, 0, 0, 86, 289.74853232730874)
(0, 0, 0, 87, 210.3768058808386)
(0, 0, 0, 88, 365.75185007173656)
(0, 0, 0, 89, 320.12412456284517)
(0, 0, 0, 90, 208.1994977775849)
(0, 0, 0, 91, 181.15447973670712)
(0, 0, 0, 92, 263.23989638476604)
(0, 0, 0, 93, 207.83201911627043)
(0, 0, 0, 94, 223.0540032098914)
(0, 0, 0, 95, 158.13354601659444)
(0, 0, 0, 96, 187.05714692346464)
(0, 0, 0, 97, 250.51725041507518)
(0, 0, 0, 98, 219.0960318655461)
(0, 0, 0, 99, 375.99734145046506)
(0, 0, 0, 100, 271.5659802110601)
(0, 0, 0, 101, 445.2186257161692)
(0, 0, 0, 102, 231.9782478687317)
(0, 0, 0, 103, 209.48712126958014)
(0, 0, 0, 104, 175.11086436582184)
(0, 0, 0, 105, 240.15362782992142)
(0, 0, 0, 106, 288.80215565631437)
(0, 0, 0, 107, 179.58671634634987)
(0, 0, 0, 108, 335.2407204320985)
(0, 0, 0, 109, 237.89091434395633)
(0, 0, 0, 110, 250.4277673156177)
(0, 0, 0, 111, 234.67743969532182)
(0, 0, 0, 112, 257.844276391982)
(0, 0, 0, 113, 235.24498543235956)
(0, 0, 0, 114, 287.7528248644286)
(0, 0, 0, 115, 197.49711910213463)
(0, 0, 0, 116, 177.60049246467)
(0, 0, 0, 117, 232.04075106374424)
(0, 0, 0, 118, 308.32686137117685)
(0, 0, 0, 119, 249.82563060893995)
(0, 0, 0, 120, 147.32523909600764)
(0, 0, 0, 121, 342.61016408623993)
(0, 0, 0, 122, 344.880958501942)
(0, 0, 0, 123, 148.64906205574724)
(0, 0, 0, 124, 298.5142835038852)
(0, 0, 0, 125, 222.77078428789434)
(0, 0, 0, 126, 336.47441389379)
(0, 0, 0, 127, 175.42500329994388)
(0, 0, 0, 128, 201.3830242050435)
(0, 0, 0, 129, 299.0237953840653)
(0, 0, 0, 130, 177.00678068545878)
(0, 0, 0, 131, 168.15683654266707)
(0, 0, 0, 132, 153.06453483965115)
(0, 0, 0, 133, 200.30238046953835)
(0, 0, 0, 134, 244.06947382430621)
(0, 0, 0, 135, 209.290631077207)
(0, 0, 0, 136, 175.32968930271204)
(0, 0, 0, 137, 281.3397994764701)
(0, 0, 0, 138, 216.99136240158447)
(0, 0, 0, 139, 243.29313780978518)
(0, 0, 0, 140, 169.96023834675898)
(0, 0, 0, 141, 171.3067438426069)
(0, 0, 0, 142, 211.9630580351565)
(0, 0, 0, 143, 245.17448433203242)
(0, 0, 0, 144, 235.29296391537662)
(0, 0, 0, 145, 223.36795640294824)
(0, 0, 0, 146, 238.01524149648543)
(0, 0, 0, 147, 250.01009838340136)
(0, 0, 0, 148, 215.1911908421912)
(0, 0, 0, 149, 146.81056903022125)
(0, 0, 0, 150, 170.88269415985496)
(0, 0, 0, 151, 180.35483517520817)
(0, 0, 0, 152, 360.9059326197671)
(0, 0, 0, 153, 223.09328633803966)
(0, 0, 0, 154, 188.8930834680996)
(0, 0, 0, 155, 259.3581123596997)
(0, 0, 0, 156, 217.01887902907634)
(0, 0, 0, 157, 212.3253189280688)
(0, 0, 0, 158, 198.28643898717414)
(0, 0, 0, 159, 363.25125905666994)
(0, 0, 0, 160, 271.4588708849962)
(0, 0, 0, 161, 178.88451021915978)
(0, 0, 0, 162, 179.96020112885915)
(0, 0, 0, 163, 168.6127836670376)
(0, 0, 0, 164, 182.77956634100732)
(0, 0, 0, 165, 294.58652578496884)
(0, 0, 0, 166, 217.1091434142221)
(0, 0, 0, 167, 263.243472211731)
(0, 0, 0, 168, 348.2194832084376)
(0, 0, 0, 169, 265.73621922520846)
(0, 0, 0, 170, 242.1655533733061)
(0, 0, 0, 171, 229.38208151953978)
(0, 0, 0, 172, 263.0139595116762)
(0, 0, 0, 173, 297.5660225125437)
(0, 0, 0, 174, 148.63032259679406)
(0, 0, 0, 175, 189.8232358516633)
(0, 0, 0, 176, 159.91282762748537)
(0, 0, 0, 177, 171.70680873982437)
(0, 0, 0, 178, 222.26224321656792)
(0, 0, 0, 179, 282.959315359993)
(0, 0, 0, 180, 339.7213385853395)
(0, 0, 0, 181, 155.279541293759)
(0, 0, 0, 182, 155.48107961706856)
(0, 0, 0, 183, 167.3660719978718)
(0, 0, 0, 184, 250.95262768564913)
(0, 0, 0, 185, 206.69780179929535)
(0, 0, 0, 186, 142.65024969236558)
(0, 0, 0, 187, 153.0893744004677)
(0, 0, 0, 188, 177.68822120224723)
(0, 0, 0, 189, 153.7209609840542)
(0, 0, 0, 190, 165.79606278938496)
(0, 0, 0, 191, 160.07303740053587)
(0, 0, 0, 192, 241.39636885937927)
(0, 0, 0, 193, 155.37545056431722)
(0, 0, 0, 194, 229.4269247798929)
(0, 0, 0, 195, 291.7074660698064)
(0, 0, 0, 196, 240.98599324841769)
(0, 0, 0, 197, 243.72052952671336)
(0, 0, 0, 198, 178.1540077321512)
(0, 0, 0, 199, 228.1402681111112)
(0, 0, 0, 200, 297.20047945815725)
(0, 0, 0, 201, 248.94282139859703)
(0, 0, 0, 202, 256.1647883493826)
(0, 0, 0, 203, 324.20699595149335)
(0, 0, 0, 204, 271.9043560474802)
(0, 0, 0, 205, 184.61374075410546)
(0, 0, 0, 206, 268.25205631108264)
(0, 0, 0, 207, 242.7642439313924)
(0, 0, 0, 208, 223.86667465930879)
(0, 0, 0, 209, 199.1174898085279)
(0, 0, 0, 210, 177.2212756538942)
(0, 0, 0, 211, 167.85288475810626)
(0, 0, 0, 212, 224.1083034037374)
(0, 0, 0, 213, 276.4884116101769)
(0, 0, 0, 214, 236.11229524333885)
(0, 0, 0, 215, 203.70685197353478)
(0, 0, 0, 216, 203.72652640078164)
(0, 0, 0, 217, 188.59777727029805)
(0, 0, 0, 218, 195.11187103132156)
(0, 0, 0, 219, 190.92093685353623)
(0, 0, 0, 220, 208.9488306130429)
(0, 0, 0, 221, 226.29501611973325)
(0, 0, 0, 222, 216.65496206822223)
(0, 0, 0, 223, 245.11853593797622)
(0, 0, 0, 224, 331.39497819402266)
(0, 0, 0, 225, 283.0259425275818)
(0, 0, 0, 226, 194.40452963123403)
(0, 0, 0, 227, 146.65494149807083)
(0, 0, 0, 228, 205.71097429969083)
(0, 0, 0, 229, 186.68849939988613)
(0, 0, 0, 230, 259.70144405792706)
(0, 0, 0, 231, 163.52118219949392)
(0, 0, 0, 232, 185.37451923144326)
(0, 0, 0, 233, 270.7459475377147)
(0, 0, 0, 234, 195.46530694296217)
(0, 0, 0, 235, 232.92198601344455)
(0, 0, 0, 236, 205.62237143970066)
(0, 0, 0, 237, 301.7815362097611)
(0, 0, 0, 238, 219.80803644151146)
(0, 0, 0, 239, 236.68251112216586)
(0, 0, 0, 240, 232.49365782694858)
(0, 0, 0, 241, 257.8457687089682)
(0, 0, 0, 242, 191.51854959201867)
(0, 0, 0, 243, 182.80798572992447)
(0, 0, 0, 244, 198.38117073762265)
(0, 0, 0, 245, 186.74836479695043)
(0, 0, 0, 246, 210.03826102588792)
(0, 0, 0, 247, 224.5248817444395)
(0, 0, 0, 248, 180.7196684324966)
(0, 0, 0, 249, 196.808370554397)
(0, 0, 1, 0, 256.95292524948013)
(0, 0, 1, 1, 221.992803251164)
(0, 0, 1, 2, 255.33586070268115)
(0, 0, 1, 3, 274.0636788916128)
(0, 0, 1, 4, 197.2021707683308)
(0, 0, 1, 5, 245.29147929088688)
(0, 0, 1, 6, 266.8311407487178)
(0, 0, 1, 7, 284.01513702009123)
(0, 0, 1, 8, 231.75478274157987)
(0, 0, 1, 9, 260.02337163755607)
(0, 0, 1, 10, 300.29013649754995)
(0, 0, 1, 11, 274.57206242012285)
(0, 0, 1, 12, 244.6144900528099)
(0, 0, 1, 13, 311.78524247264517)
(0, 0, 1, 14, 221.89483340292665)
(0, 0, 1, 15, 208.1908968349588)
(0, 0, 1, 16, 297.12370985688716)
(0, 0, 1, 17, 250.63536532227656)
(0, 0, 1, 18, 237.24992214720197)
(0, 0, 1, 19, 198.27558598292592)
(0, 0, 1, 20, 246.93407223159417)
(0, 0, 1, 21, 264.0261597881887)
(0, 0, 1, 22, 318.4481889243582)
(0, 0, 1, 23, 212.15372000323796)
(0, 0, 1, 24, 291.22748202789074)
(0, 0, 1, 25, 253.07310301993627)
(0, 0, 1, 26, 228.26488942814757)
(0, 0, 1, 27, 262.37971735066986)
(0, 0, 1, 28, 302.5789885193227)
(0, 0, 1, 29, 306.86116418298684)
(0, 0, 1, 30, 225.6616716059899)
(0, 0, 1, 31, 210.365298219516)
(0, 0, 1, 32, 278.7084740718628)
(0, 0, 1, 33, 240.80051364512434)
(0, 0, 1, 34, 236.66209246208047)
(0, 0, 1, 35, 227.5463510540578)
(0, 0, 1, 36, 253.8973844938025)
(0, 0, 1, 37, 205.34794294987225)
(0, 0, 1, 38, 253.79278582512174)
(0, 0, 1, 39, 259.1009895103739)
(0, 0, 1, 40, 294.3641751284318)
(0, 0, 1, 41, 289.2625870818231)
(0, 0, 1, 42, 252.4485854178453)
(0, 0, 1, 43, 304.3799381210285)
(0, 0, 1, 44, 304.8031320389487)
(0, 0, 1, 45, 244.37588640961212)
(0, 0, 1, 46, 300.35299305020374)
(0, 0, 1, 47, 277.7000136074787)
(0, 0, 1, 48, 218.28515251942795)
(0, 0, 1, 49, 273.12029237302784)
(0, 0, 1, 50, 206.04965471636822)
(0, 0, 1, 51, 189.0076185517451)
(0, 0, 1, 52, 241.73342924342975)
(0, 0, 1, 53, 276.6529601748736)
(0, 0, 1, 54, 210.12217316541657)
(0, 0, 1, 55, 287.3562924399959)
(0, 0, 1, 56, 240.16687329254887)
(0, 0, 1, 57, 253.71745208327576)
(0, 0, 1, 58, 239.34777684915585)
(0, 0, 1, 59, 279.45404496054584)
(0, 0, 1, 60, 309.264168626409)
(0, 0, 1, 61, 258.4831456214486)
(0, 0, 1, 62, 212.50803948361764)
(0, 0, 1, 63, 307.6220218692062)
(0, 0, 1, 64, 285.44029403925566)
(0, 0, 1, 65, 248.6555393545323)
(0, 0, 1, 66, 261.8203141870368)
(0, 0, 1, 67, 270.88805044147426)
(0, 0, 1, 68, 270.4545921856889)
(0, 0, 1, 69, 281.92096363519187)
(0, 0, 1, 70, 279.7062794370388)
(0, 0, 1, 71, 195.48561640088838)
(0, 0, 1, 72, 259.24476584984694)
(0, 0, 1, 73, 158.00230167415694)
(0, 0, 1, 74, 308.9721407749747)
(0, 0, 1, 75, 205.81528019786788)
(0, 0, 1, 76, 285.6390379436651)
(0, 0, 1, 77, 236.0763172769431)
(0, 0, 1, 78, 289.2769183944992)
(0, 0, 1, 79, 252.14927896497298)
(0, 0, 1, 80, 266.8936443599344)
(0, 0, 1, 81, 310.48486893446295)
(0, 0, 1, 82, 282.2530199808539)
(0, 0, 1, 83, 272.70646465287774)
(0, 0, 1, 84, 231.30771768927644)
(0, 0, 1, 85, 256.5594198889102)
(0, 0, 1, 86, 288.66040185452044)
(0, 0, 1, 87, 300.0735545558326)
(0, 0, 1, 88, 209.31215581899224)
(0, 0, 1, 89, 263.64329810178026)
(0, 0, 1, 90, 315.78032716289465)
(0, 0, 1, 91, 233.7815434131932)
(0, 0, 1, 92, 246.17521064238102)
(0, 0, 1, 93, 250.33568310810315)
(0, 0, 1, 94, 245.3934684975092)
(0, 0, 1, 95, 279.3604296259447)
(0, 0, 1, 96, 292.5867302618311)
(0, 0, 1, 97, 188.4947526017726)
(0, 0, 1, 98, 258.5295254300365)
(0, 0, 1, 99, 220.20000871064056)
(0, 0, 1, 100, 200.5779808438232)
(0, 0, 1, 101, 260.7844267889251)
(0, 0, 1, 102, 297.484609501139)
(0, 0, 1, 103, 257.1535450472737)
(0, 0, 1, 104, 200.4707089485749)
(0, 0, 1, 105, 260.08810097512276)
(0, 0, 1, 106, 245.8510205225053)
(0, 0, 1, 107, 270.97260732138136)
(0, 0, 1, 108, 189.36013445235443)
(0, 0, 1, 109, 258.23223948920764)
(0, 0, 1, 110, 242.14677198272167)
(0, 0, 1, 111, 255.83453771410186)
(0, 0, 1, 112, 252.2087252286627)
(0, 0, 1, 113, 266.0318363766205)
(0, 0, 1, 114, 249.17378854071075)
(0, 0, 1, 115, 193.51100887058584)
(0, 0, 1, 116, 289.03459977015706)
(0, 0, 1, 117, 289.14915790825194)
(0, 0, 1, 118, 284.55164152814075)
(0, 0, 1, 119, 296.9405181879541)
(0, 0, 1, 120, 243.5621934701267)
(0, 0, 1, 121, 243.01634256434542)
(0, 0, 1, 122, 137.76417404942416)
(0, 0, 1, 123, 236.9526200231546)
(0, 0, 1, 124, 286.33649495574133)
(0, 0, 1, 125, 260.29421085722305)
(0, 0, 1, 126, 276.9544056666233)
(0, 0, 1, 127, 290.4061875591981)
(0, 0, 1, 128, 262.55829451987955)
(0, 0, 1, 129, 256.37308171340885)
(0, 0, 1, 130, 220.9944425670988)
(0, 0, 1, 131, 240.50627405898666)
(0, 0, 1, 132, 293.8600912738681)
(0, 0, 1, 133, 283.13446550083927)
(0, 0, 1, 134, 264.07438896222)
(0, 0, 1, 135, 304.8470863241522)
(0, 0, 1, 136, 186.7005644741253)
(0, 0, 1, 137, 291.0444975088327)
(0, 0, 1, 138, 243.4506232041578)
(0, 0, 1, 139, 281.04176349422517)
(0, 0, 1, 140, 284.70214768286087)
(0, 0, 1, 141, 223.2365733052359)
(0, 0, 1, 142, 232.54655135821537)
(0, 0, 1, 143, 290.7067294155424)
(0, 0, 1, 144, 259.8118318373211)
(0, 0, 1, 145, 213.75673081815484)
(0, 0, 1, 146, 192.4517037127742)
(0, 0, 1, 147, 278.41761537677996)
(0, 0, 1, 148, 251.5415573549055)
(0, 0, 1, 149, 290.6270296695286)
(0, 0, 1, 150, 274.12041608116465)
(0, 0, 1, 151, 252.6937794069456)
(0, 0, 1, 152, 247.79470060224855)
(0, 0, 1, 153, 245.38559390938175)
(0, 0, 1, 154, 292.16064371561197)
(0, 0, 1, 155, 212.40718384181113)
(0, 0, 1, 156, 198.81017110974585)
(0, 0, 1, 157, 269.0495901334966)
(0, 0, 1, 158, 272.40990328497963)
(0, 0, 1, 159, 194.87025146424315)
(0, 0, 1, 160, 200.96424067952216)
(0, 0, 1, 161, 289.33143539763097)
(0, 0, 1, 162, 184.88157305649824)
(0, 0, 1, 163, 195.11918776516737)
(0, 0, 1, 164, 267.8881111416692)
(0, 0, 1, 165, 250.01056422266527)
(0, 0, 1, 166, 274.02802311961796)
(0, 0, 1, 167, 194.4394748614276)
(0, 0, 1, 168, 242.62855139108524)
(0, 0, 1, 169, 221.3136823929912)
(0, 0, 1, 170, 250.1617812532207)
(0, 0, 1, 171, 294.5168904499314)
(0, 0, 1, 172, 229.94679733746423)
(0, 0, 1, 173, 265.87415869511295)
(0, 0, 1, 174, 278.53042579720375)
(0, 0, 1, 175, 246.3060524734844)
(0, 0, 1, 176, 192.42530140647074)
(0, 0, 1, 177, 254.2709611729132)
(0, 0, 1, 178, 282.344721789475)
(0, 0, 1, 179, 253.36423471983602)
(0, 0, 1, 180, 267.6228220518772)
(0, 0, 1, 181, 267.76665709415636)
(0, 0, 1, 182, 240.62791230227467)
(0, 0, 1, 183, 150.4090538854693)
(0, 0, 1, 184, 228.1041052276453)
(0, 0, 1, 185, 249.91874263205378)
(0, 0, 1, 186, 229.38328382211478)
(0, 0, 1, 187, 227.11243873696623)
(0, 0, 1, 188, 278.20664542223875)
(0, 0, 1, 189, 277.08034154444465)
(0, 0, 1, 190, 155.55622154958303)
(0, 0, 1, 191, 207.1989111640528)
(0, 0, 1, 192, 237.71563500014003)
(0, 0, 1, 193, 278.31854627736027)
(0, 0, 1, 194, 226.16961736221836)
(0, 0, 1, 195, 257.1316932771541)
(0, 0, 1, 196, 325.5685683362957)
(0, 0, 1, 197, 244.09143696234662)
(0, 0, 1, 198, 271.6687726632951)
(0, 0, 1, 199, 223.32203939732474)
(0, 0, 1, 200, 274.2340900744773)
(0, 0, 1, 201, 241.5927033603385)
(0, 0, 1, 202, 261.8860347461825)
(0, 0, 1, 203, 273.1262068743153)
(0, 0, 1, 204, 256.3023586430444)
(0, 0, 1, 205, 174.04394933375838)
(0, 0, 1, 206, 290.8170815625089)
(0, 0, 1, 207, 242.04016432654979)
(0, 0, 1, 208, 238.6967199202225)
(0, 0, 1, 209, 231.80906608422666)
(0, 0, 1, 210, 276.63526807625306)
(0, 0, 1, 211, 271.4991093455344)
(0, 0, 1, 212, 243.7387668075584)
(0, 0, 1, 213, 222.08987603914179)
(0, 0, 1, 214, 249.03376258693228)
(0, 0, 1, 215, 277.62125808224727)
(0, 0, 1, 216, 277.52956161508257)
(0, 0, 1, 217, 236.45201316140052)
(0, 0, 1, 218, 232.2654013979242)
(0, 0, 1, 219, 216.13647986805776)
(0, 0, 1, 220, 299.14915782010036)
(0, 0, 1, 221, 287.11281690368236)
(0, 0, 1, 222, 267.804669857746)
(0, 0, 1, 223, 264.4617975135374)
(0, 0, 1, 224, 296.12470879858466)
(0, 0, 1, 225, 276.59435968597086)
(0, 0, 1, 226, 298.75194748696265)
(0, 0, 1, 227, 232.31172951657084)
(0, 0, 1, 228, 299.49854231588506)
(0, 0, 1, 229, 176.89831740169726)
(0, 0, 1, 230, 242.0603277065611)
(0, 0, 1, 231, 251.03461670104105)
(0, 0, 1, 232, 254.23391236056813)
(0, 0, 1, 233, 246.01373230087242)
(0, 0, 1, 234, 284.78734457286146)
(0, 0, 1, 235, 240.8407779590759)
(0, 0, 1, 236, 259.3265786585212)
(0, 0, 1, 237, 264.0255664586417)
(0, 0, 1, 238, 260.7649669766698)
(0, 0, 1, 239, 185.54327251328345)
(0, 0, 1, 240, 303.72816179868136)
(0, 0, 1, 241, 295.6562047325881)
(0, 0, 1, 242, 306.45654575466153)
(0, 0, 1, 243, 244.4519452706799)
(0, 0, 1, 244, 291.53232345695477)
(0, 0, 1, 245, 310.11842102611234)
(0, 0, 1, 246, 285.61524383851736)
(0, 0, 1, 247, 169.80920999885274)
(0, 0, 1, 248, 254.01552615275563)
(0, 0, 1, 249, 268.17734924602547)
(0, 1, 0, 0, 363.9609096311722)
(0, 1, 0, 1, 416.980077350417)
(0, 1, 0, 2, 401.4555785299817)
(0, 1, 0, 3, 268.00605219101084)
(0, 1, 0, 4, 459.1115838177187)
(0, 1, 0, 5, 579.9655182552348)
(0, 1, 0, 6, 518.7492017564645)
(0, 1, 0, 7, 460.83510896720975)
(0, 1, 0, 8, 390.7410906214312)
(0, 1, 0, 9, 310.702836173965)
(0, 1, 0, 10, 282.2858591810519)
(0, 1, 0, 11, 457.1786327995496)
(0, 1, 0, 12, 407.9748213343396)
(0, 1, 0, 13, 376.94015930724703)
(0, 1, 0, 14, 373.73980615222473)
(0, 1, 0, 15, 403.2701418611006)
(0, 1, 0, 16, 565.7929023670014)
(0, 1, 0, 17, 531.1570115433369)
(0, 1, 0, 18, 596.639473641777)
(0, 1, 0, 19, 393.58725631028386)
(0, 1, 0, 20, 348.5260309865797)
(0, 1, 0, 21, 385.561062807964)
(0, 1, 0, 22, 342.6791321691008)
(0, 1, 0, 23, 414.52489335272065)
(0, 1, 0, 24, 263.34719496236886)
(0, 1, 0, 25, 453.2214802915874)
(0, 1, 0, 26, 320.96922312104454)
(0, 1, 0, 27, 420.47764329396045)
(0, 1, 0, 28, 421.33491258689554)
(0, 1, 0, 29, 329.6198021272532)
(0, 1, 0, 30, 298.11064352801424)
(0, 1, 0, 31, 518.0723937435552)
(0, 1, 0, 32, 502.61138925691034)
(0, 1, 0, 33, 424.5202507868023)
(0, 1, 0, 34, 329.6547612437195)
(0, 1, 0, 35, 314.6857357083903)
(0, 1, 0, 36, 469.3888539597874)
(0, 1, 0, 37, 291.70365490700584)
(0, 1, 0, 38, 375.38440434258825)
(0, 1, 0, 39, 445.12218127715585)
(0, 1, 0, 40, 286.7645712962829)
(0, 1, 0, 41, 412.85389919380987)
(0, 1, 0, 42, 445.6948906845387)
(0, 1, 0, 43, 512.0257446357034)
(0, 1, 0, 44, 452.8015462254433)
(0, 1, 0, 45, 489.6310715179496)
(0, 1, 0, 46, 528.2317769186888)
(0, 1, 0, 47, 352.9349066494514)
(0, 1, 0, 48, 349.80160014424246)
(0, 1, 0, 49, 337.786471963125)
(0, 1, 0, 50, 534.4596155354549)
(0, 1, 0, 51, 356.2595247481086)
(0, 1, 0, 52, 433.35065650045436)
(0, 1, 0, 53, 399.99408967483345)
(0, 1, 0, 54, 303.46458897852983)
(0, 1, 0, 55, 400.41423283776686)
(0, 1, 0, 56, 426.0278872080365)
(0, 1, 0, 57, 351.87687716048885)
(0, 1, 0, 58, 334.799870146974)
(0, 1, 0, 59, 428.66605304516435)
(0, 1, 0, 60, 603.1499820791843)
(0, 1, 0, 61, 546.9441149916913)
(0, 1, 0, 62, 350.86832908750654)
(0, 1, 0, 63, 332.4426857517275)
(0, 1, 0, 64, 562.8561699095434)
(0, 1, 0, 65, 615.8862283012529)
(0, 1, 0, 66, 446.33748472871173)
(0, 1, 0, 67, 385.7385400674073)
(0, 1, 0, 68, 491.0717642420909)
(0, 1, 0, 69, 258.59900744936544)
(0, 1, 0, 70, 497.82275693529414)
(0, 1, 0, 71, 578.9233905339727)
(0, 1, 0, 72, 451.308947269164)
(0, 1, 0, 73, 392.05171180133595)
(0, 1, 0, 74, 282.94536611341516)
(0, 1, 0, 75, 274.11183062006114)
(0, 1, 0, 76, 330.2536139664985)
(0, 1, 0, 77, 570.9264722612133)
(0, 1, 0, 78, 403.94830943601175)
(0, 1, 0, 79, 429.809682707264)
(0, 1, 0, 80, 456.50176605201625)
(0, 1, 0, 81, 331.1467041986777)
(0, 1, 0, 82, 301.7677223221489)
(0, 1, 0, 83, 355.5992596583154)
(0, 1, 0, 84, 404.98587765472104)
(0, 1, 0, 85, 325.38169344639545)
(0, 1, 0, 86, 423.57668414019895)
(0, 1, 0, 87, 412.3952241606248)
(0, 1, 0, 88, 618.4397119069386)
(0, 1, 0, 89, 570.8051717038089)
(0, 1, 0, 90, 337.41506371288557)
(0, 1, 0, 91, 380.3337760890742)
(0, 1, 0, 92, 532.6934786592782)
(0, 1, 0, 93, 356.8045018334073)
(0, 1, 0, 94, 542.6826133631107)
(0, 1, 0, 95, 309.6772652635251)
(0, 1, 0, 96, 410.89017938954214)
(0, 1, 0, 97, 472.70950433515384)
(0, 1, 0, 98, 448.7575155393184)
(0, 1, 0, 99, 486.7331575016376)
(0, 1, 0, 100, 492.37071943097993)
(0, 1, 0, 101, 711.0130790861637)
(0, 1, 0, 102, 423.5149030469132)
(0, 1, 0, 103, 403.6280924764685)
(0, 1, 0, 104, 327.4814841050419)
(0, 1, 0, 105, 553.5368151430783)
(0, 1, 0, 106, 470.7292259342095)
(0, 1, 0, 107, 379.4155465177075)
(0, 1, 0, 108, 443.0884886521342)
(0, 1, 0, 109, 471.97337600553266)
(0, 1, 0, 110, 507.25349671729475)
(0, 1, 0, 111, 363.0491075409974)
(0, 1, 0, 112, 468.02055854604737)
(0, 1, 0, 113, 385.9429480516334)
(0, 1, 0, 114, 555.3781547685924)
(0, 1, 0, 115, 376.47679773941877)
(0, 1, 0, 116, 382.90838692192176)
(0, 1, 0, 117, 368.69267764242807)
(0, 1, 0, 118, 571.7199097924724)
(0, 1, 0, 119, 431.7587639106328)
(0, 1, 0, 120, 315.96967637962933)
(0, 1, 0, 121, 615.1943938617444)
(0, 1, 0, 122, 579.3360067217436)
(0, 1, 0, 123, 364.7308119066299)
(0, 1, 0, 124, 430.22453519829475)
(0, 1, 0, 125, 436.7289609135103)
(0, 1, 0, 126, 529.6426676291032)
(0, 1, 0, 127, 341.4083787701474)
(0, 1, 0, 128, 464.67186233840135)
(0, 1, 0, 129, 524.0415195735277)
(0, 1, 0, 130, 264.70597327393585)
(0, 1, 0, 131, 347.6909849177524)
(0, 1, 0, 132, 289.05644974935007)
(0, 1, 0, 133, 385.31436943347734)
(0, 1, 0, 134, 448.5001279050511)
(0, 1, 0, 135, 371.4439590154423)
(0, 1, 0, 136, 312.37430674292835)
(0, 1, 0, 137, 531.4685691076353)
(0, 1, 0, 138, 388.4887133641574)
(0, 1, 0, 139, 506.5554955715323)
(0, 1, 0, 140, 390.84267879043495)
(0, 1, 0, 141, 368.21412274258444)
(0, 1, 0, 142, 402.76963293276697)
(0, 1, 0, 143, 440.86661619112095)
(0, 1, 0, 144, 419.30873004952605)
(0, 1, 0, 145, 417.8638517451316)
(0, 1, 0, 146, 417.52606386291734)
(0, 1, 0, 147, 388.9742722302471)
(0, 1, 0, 148, 464.46223696441035)
(0, 1, 0, 149, 288.04074434618656)
(0, 1, 0, 150, 329.13540104978864)
(0, 1, 0, 151, 332.49326087381587)
(0, 1, 0, 152, 560.9726278838592)
(0, 1, 0, 153, 361.3503071166171)
(0, 1, 0, 154, 391.5406388327799)
(0, 1, 0, 155, 484.30946294646685)
(0, 1, 0, 156, 576.4308239380865)
(0, 1, 0, 157, 332.2013842007212)
(0, 1, 0, 158, 307.6067456739417)
(0, 1, 0, 159, 554.5612548310087)
(0, 1, 0, 160, 386.9561269948796)
(0, 1, 0, 161, 377.32677260763717)
(0, 1, 0, 162, 394.9291056772464)
(0, 1, 0, 163, 349.7806761526349)
(0, 1, 0, 164, 307.23587160805147)
(0, 1, 0, 165, 636.7781612424167)
(0, 1, 0, 166, 341.99230553073403)
(0, 1, 0, 167, 411.8682282421129)
(0, 1, 0, 168, 669.4553277284047)
(0, 1, 0, 169, 551.87607728699)
(0, 1, 0, 170, 372.2914506532913)
(0, 1, 0, 171, 420.38521083433056)
(0, 1, 0, 172, 565.6420011835477)
(0, 1, 0, 173, 609.1236797998489)
(0, 1, 0, 174, 324.5339826851713)
(0, 1, 0, 175, 482.97553000430304)
(0, 1, 0, 176, 325.999923201665)
(0, 1, 0, 177, 368.97191388105523)
(0, 1, 0, 178, 468.1585894755223)
(0, 1, 0, 179, 481.7632797888656)
(0, 1, 0, 180, 591.602462021038)
(0, 1, 0, 181, 366.0348821013761)
(0, 1, 0, 182, 321.7180599128447)
(0, 1, 0, 183, 341.20812935022195)
(0, 1, 0, 184, 443.9322536808548)
(0, 1, 0, 185, 374.1094829075572)
(0, 1, 0, 186, 265.20557085268047)
(0, 1, 0, 187, 375.17042881071603)
(0, 1, 0, 188, 386.7016241029636)
(0, 1, 0, 189, 418.18858260544323)
(0, 1, 0, 190, 376.71406788133373)
(0, 1, 0, 191, 305.0592594019901)
(0, 1, 0, 192, 462.3054172209904)
(0, 1, 0, 193, 288.7063355042958)
(0, 1, 0, 194, 488.8007600402993)
(0, 1, 0, 195, 502.48876185536113)
(0, 1, 0, 196, 392.82545146973837)
(0, 1, 0, 197, 458.6136906709268)
(0, 1, 0, 198, 313.1354359458576)
(0, 1, 0, 199, 486.64077980985184)
(0, 1, 0, 200, 562.5896516977341)
(0, 1, 0, 201, 407.85611455125195)
(0, 1, 0, 202, 474.3575603775758)
(0, 1, 0, 203, 491.9405264344782)
(0, 1, 0, 204, 463.64234804603444)
(0, 1, 0, 205, 369.9371559124459)
(0, 1, 0, 206, 406.45813351677936)
(0, 1, 0, 207, 547.6347207944655)
(0, 1, 0, 208, 563.9192312066148)
(0, 1, 0, 209, 369.69708522947)
(0, 1, 0, 210, 367.0301144917134)
(0, 1, 0, 211, 406.20257635881694)
(0, 1, 0, 212, 409.4025601193132)
(0, 1, 0, 213, 478.56947617269424)
(0, 1, 0, 214, 398.90641584498417)
(0, 1, 0, 215, 420.49600902285783)
(0, 1, 0, 216, 417.71316680048847)
(0, 1, 0, 217, 425.59068861440744)
(0, 1, 0, 218, 445.9142821330887)
(0, 1, 0, 219, 352.61102849377323)
(0, 1, 0, 220, 358.90667856634786)
(0, 1, 0, 221, 353.56701757266006)
(0, 1, 0, 222, 484.6803427223195)
(0, 1, 0, 223, 433.65000296620565)
(0, 1, 0, 224, 464.1777562339813)
(0, 1, 0, 225, 642.4447147914549)
(0, 1, 0, 226, 341.02177181177666)
(0, 1, 0, 227, 332.065862042596)
(0, 1, 0, 228, 362.9733896451888)
(0, 1, 0, 229, 498.05195508548593)
(0, 1, 0, 230, 464.5557632108423)
(0, 1, 0, 231, 310.32522338170514)
(0, 1, 0, 232, 302.7616433101854)
(0, 1, 0, 233, 349.443964497119)
(0, 1, 0, 234, 354.96217295131964)
(0, 1, 0, 235, 441.3682113985511)
(0, 1, 0, 236, 433.42287775895227)
(0, 1, 0, 237, 640.21525291522)
(0, 1, 0, 238, 502.7773685173245)
(0, 1, 0, 239, 512.3122503932498)
(0, 1, 0, 240, 440.6139845230846)
(0, 1, 0, 241, 425.63345905667546)
(0, 1, 0, 242, 391.5348148142749)
(0, 1, 0, 243, 409.18616877099913)
(0, 1, 0, 244, 406.9909381252322)
(0, 1, 0, 245, 373.5257110498746)
(0, 1, 0, 246, 428.02865549564325)
(0, 1, 0, 247, 507.9917009401262)
(0, 1, 0, 248, 349.2803798125111)
(0, 1, 0, 249, 279.6980640424145)
(0, 1, 1, 0, 717.8410044921633)
(0, 1, 1, 1, 616.7061025362348)
(0, 1, 1, 2, 662.5632722946032)
(0, 1, 1, 3, 859.7190227919275)
(0, 1, 1, 4, 581.1230277467239)
(0, 1, 1, 5, 683.8467619800438)
(0, 1, 1, 6, 716.2810800461516)
(0, 1, 1, 7, 750.3612871670374)
(0, 1, 1, 8, 637.3106802207839)
(0, 1, 1, 9, 743.3120369778882)
(0, 1, 1, 10, 879.7218937384168)
(0, 1, 1, 11, 840.466404375346)
(0, 1, 1, 12, 706.8608547924523)
(0, 1, 1, 13, 880.7823226480739)
(0, 1, 1, 14, 569.1943599774178)
(0, 1, 1, 15, 567.061554899184)
(0, 1, 1, 16, 933.3984535115814)
(0, 1, 1, 17, 796.8353567151686)
(0, 1, 1, 18, 713.2160305068838)
(0, 1, 1, 19, 587.4135560700388)
(0, 1, 1, 20, 667.8312188606116)
(0, 1, 1, 21, 759.2625539785957)
(0, 1, 1, 22, 878.2694442841506)
(0, 1, 1, 23, 603.1694169199174)
(0, 1, 1, 24, 788.9232295748943)
(0, 1, 1, 25, 672.4104283351219)
(0, 1, 1, 26, 683.438728793463)
(0, 1, 1, 27, 773.5517017964058)
(0, 1, 1, 28, 839.5032502792393)
(0, 1, 1, 29, 888.0082506336082)
(0, 1, 1, 30, 656.5247887326034)
(0, 1, 1, 31, 611.8735207845376)
(0, 1, 1, 32, 811.9511601054934)
(0, 1, 1, 33, 708.4912157598717)
(0, 1, 1, 34, 672.1843100259351)
(0, 1, 1, 35, 669.9769605837101)
(0, 1, 1, 36, 710.7614086656897)
(0, 1, 1, 37, 558.8921948499845)
(0, 1, 1, 38, 635.2040165298367)
(0, 1, 1, 39, 708.6748463199135)
(0, 1, 1, 40, 895.7356311860459)
(0, 1, 1, 41, 807.4414648378549)
(0, 1, 1, 42, 701.3953607428746)
(0, 1, 1, 43, 788.4317212044073)
(0, 1, 1, 44, 858.2225308730548)
(0, 1, 1, 45, 724.4652336021977)
(0, 1, 1, 46, 839.6601996421185)
(0, 1, 1, 47, 765.43027469443)
(0, 1, 1, 48, 635.2057649312915)
(0, 1, 1, 49, 805.8679419533728)
(0, 1, 1, 50, 605.7364594992554)
(0, 1, 1, 51, 456.85736567501164)
(0, 1, 1, 52, 727.4165901873586)
(0, 1, 1, 53, 811.6056986462387)
(0, 1, 1, 54, 597.1000628819454)
(0, 1, 1, 55, 846.9050597146395)
(0, 1, 1, 56, 667.0899487355185)
(0, 1, 1, 57, 763.1585674275619)
(0, 1, 1, 58, 739.9085326611716)
(0, 1, 1, 59, 760.7221336318675)
(0, 1, 1, 60, 782.2222472063986)
(0, 1, 1, 61, 712.1194651749163)
(0, 1, 1, 62, 613.8009683560766)
(0, 1, 1, 63, 816.1847504984997)
(0, 1, 1, 64, 822.7406665119302)
(0, 1, 1, 65, 659.6481408970864)
(0, 1, 1, 66, 784.8603878657991)
(0, 1, 1, 67, 769.607953064694)
(0, 1, 1, 68, 850.0323681834539)
(0, 1, 1, 69, 879.4614322265897)
(0, 1, 1, 70, 822.7314865427265)
(0, 1, 1, 71, 571.4440327045473)
(0, 1, 1, 72, 699.3002097164925)
(0, 1, 1, 73, 358.13884231717554)
(0, 1, 1, 74, 931.1791444763588)
(0, 1, 1, 75, 575.797791730197)
(0, 1, 1, 76, 832.4525560852768)
(0, 1, 1, 77, 633.8996598836584)
(0, 1, 1, 78, 807.2640534111544)
(0, 1, 1, 79, 753.0691162078186)
(0, 1, 1, 80, 823.2308325512503)
(0, 1, 1, 81, 955.8395132220991)
(0, 1, 1, 82, 825.2194776083508)
(0, 1, 1, 83, 812.3466620904119)
(0, 1, 1, 84, 661.7178150826105)
(0, 1, 1, 85, 728.7905843235867)
(0, 1, 1, 86, 788.1172403548211)
(0, 1, 1, 87, 840.2772765035836)
(0, 1, 1, 88, 597.1148688855603)
(0, 1, 1, 89, 799.6704550570623)
(0, 1, 1, 90, 884.8754128681538)
(0, 1, 1, 91, 700.8447572915691)
(0, 1, 1, 92, 721.8019316148013)
(0, 1, 1, 93, 773.8420154759295)
(0, 1, 1, 94, 615.9988766142053)
(0, 1, 1, 95, 818.1792925828016)
(0, 1, 1, 96, 847.2119863583224)
(0, 1, 1, 97, 576.4385165684293)
(0, 1, 1, 98, 771.8244435111577)
(0, 1, 1, 99, 665.2611530762958)
(0, 1, 1, 100, 569.4049895469498)
(0, 1, 1, 101, 718.4457206075882)
(0, 1, 1, 102, 781.6239135880497)
(0, 1, 1, 103, 716.4267315835037)
(0, 1, 1, 104, 643.6665344045372)
(0, 1, 1, 105, 794.8757432253038)
(0, 1, 1, 106, 677.0260459468384)
(0, 1, 1, 107, 720.3668794142116)
(0, 1, 1, 108, 540.8422954137441)
(0, 1, 1, 109, 763.1074111670547)
(0, 1, 1, 110, 728.257245761932)
(0, 1, 1, 111, 757.6021907083538)
(0, 1, 1, 112, 713.2840679739903)
(0, 1, 1, 113, 719.0371895550466)
(0, 1, 1, 114, 730.9169762588996)
(0, 1, 1, 115, 588.8118246088119)
(0, 1, 1, 116, 860.7163152656306)
(0, 1, 1, 117, 851.2485533042213)
(0, 1, 1, 118, 838.7501528647131)
(0, 1, 1, 119, 852.1627855617523)
(0, 1, 1, 120, 707.0533848135393)
(0, 1, 1, 121, 703.4865389859573)
(0, 1, 1, 122, 359.6775578640399)
(0, 1, 1, 123, 606.6963000219598)
(0, 1, 1, 124, 819.1220605483043)
(0, 1, 1, 125, 699.728751223938)
(0, 1, 1, 126, 822.2248323656373)
(0, 1, 1, 127, 852.417460865827)
(0, 1, 1, 128, 730.856304704463)
(0, 1, 1, 129, 775.9155668964039)
(0, 1, 1, 130, 653.0070069289225)
(0, 1, 1, 131, 628.2132453394994)
(0, 1, 1, 132, 866.5774375161767)
(0, 1, 1, 133, 777.5560489779313)
(0, 1, 1, 134, 779.7868297862652)
(0, 1, 1, 135, 881.7845876996647)
(0, 1, 1, 136, 534.3270754355351)
(0, 1, 1, 137, 876.6239941982285)
(0, 1, 1, 138, 705.8768981386082)
(0, 1, 1, 139, 794.7595924055016)
(0, 1, 1, 140, 807.5282488140026)
(0, 1, 1, 141, 623.3529050472283)
(0, 1, 1, 142, 682.190010035383)
(0, 1, 1, 143, 778.0549642711271)
(0, 1, 1, 144, 739.1194776278834)
(0, 1, 1, 145, 613.2611062730523)
(0, 1, 1, 146, 494.1404165750942)
(0, 1, 1, 147, 776.5386427855368)
(0, 1, 1, 148, 704.5228054754825)
(0, 1, 1, 149, 858.3464177547411)
(0, 1, 1, 150, 833.1693503177388)
(0, 1, 1, 151, 747.8964725952004)
(0, 1, 1, 152, 685.468046235072)
(0, 1, 1, 153, 666.1407270300472)
(0, 1, 1, 154, 816.039324963808)
(0, 1, 1, 155, 626.1804061279389)
(0, 1, 1, 156, 562.7456102932316)
(0, 1, 1, 157, 743.160624309364)
(0, 1, 1, 158, 731.8617708815656)
(0, 1, 1, 159, 586.696053036636)
(0, 1, 1, 160, 636.0703670824737)
(0, 1, 1, 161, 857.3700894435597)
(0, 1, 1, 162, 448.3531047942317)
(0, 1, 1, 163, 480.45964159352746)
(0, 1, 1, 164, 811.8775448352253)
(0, 1, 1, 165, 635.28818185584)
(0, 1, 1, 166, 789.6976412801791)
(0, 1, 1, 167, 584.7902272450405)
(0, 1, 1, 168, 757.8085302996392)
(0, 1, 1, 169, 631.8857721645885)
(0, 1, 1, 170, 751.9008700363445)
(0, 1, 1, 171, 868.6497093426318)
(0, 1, 1, 172, 630.3382033434825)
(0, 1, 1, 173, 824.0281195604537)
(0, 1, 1, 174, 745.8774938491352)
(0, 1, 1, 175, 660.98314874225)
(0, 1, 1, 176, 583.8868263617723)
(0, 1, 1, 177, 702.9050222016308)
(0, 1, 1, 178, 814.2010857111953)
(0, 1, 1, 179, 762.0325373112502)
(0, 1, 1, 180, 738.7204859994677)
(0, 1, 1, 181, 841.2126996227809)
(0, 1, 1, 182, 734.593625476131)
(0, 1, 1, 183, 392.6692675549903)
(0, 1, 1, 184, 624.43387545187)
(0, 1, 1, 185, 713.4515522588242)
(0, 1, 1, 186, 624.6083788319314)
(0, 1, 1, 187, 648.3260943502155)
(0, 1, 1, 188, 818.4539816293383)
(0, 1, 1, 189, 799.1165522864558)
(0, 1, 1, 190, 390.9228744910575)
(0, 1, 1, 191, 610.4792221652114)
(0, 1, 1, 192, 666.3566455445512)
(0, 1, 1, 193, 855.448030978225)
(0, 1, 1, 194, 667.5160631019193)
(0, 1, 1, 195, 799.5471320262268)
(0, 1, 1, 196, 931.3792943465058)
(0, 1, 1, 197, 656.2643217223425)
(0, 1, 1, 198, 729.648425774301)
(0, 1, 1, 199, 661.96275743368)
(0, 1, 1, 200, 749.8068366295042)
(0, 1, 1, 201, 730.3176015400784)
(0, 1, 1, 202, 690.978513761134)
(0, 1, 1, 203, 748.4688870443158)
(0, 1, 1, 204, 753.1653117182069)
(0, 1, 1, 205, 486.6389127105278)
(0, 1, 1, 206, 873.2523265825528)
(0, 1, 1, 207, 649.3058242635462)
(0, 1, 1, 208, 759.4168690823302)
(0, 1, 1, 209, 622.8653278375358)
(0, 1, 1, 210, 825.1628989649748)
(0, 1, 1, 211, 815.0797378483608)
(0, 1, 1, 212, 699.2951020633357)
(0, 1, 1, 213, 598.8764289903663)
(0, 1, 1, 214, 797.0253368580858)
(0, 1, 1, 215, 778.4686240765811)
(0, 1, 1, 216, 787.1296241331568)
(0, 1, 1, 217, 672.8687763538643)
(0, 1, 1, 218, 654.0858602777257)
(0, 1, 1, 219, 584.557079682555)
(0, 1, 1, 220, 754.0696416855367)
(0, 1, 1, 221, 849.5670494412765)
(0, 1, 1, 222, 771.3944981570727)
(0, 1, 1, 223, 668.819378392479)
(0, 1, 1, 224, 812.5712757685486)
(0, 1, 1, 225, 832.0506221561327)
(0, 1, 1, 226, 972.4261020222763)
(0, 1, 1, 227, 716.7623088998921)
(0, 1, 1, 228, 883.5680052142319)
(0, 1, 1, 229, 514.5675999439087)
(0, 1, 1, 230, 744.9989839233616)
(0, 1, 1, 231, 749.4847762503111)
(0, 1, 1, 232, 631.5854448191369)
(0, 1, 1, 233, 732.7909573317927)
(0, 1, 1, 234, 838.8084913508254)
(0, 1, 1, 235, 616.4230816646988)
(0, 1, 1, 236, 685.5376014375863)
(0, 1, 1, 237, 785.5096530548478)
(0, 1, 1, 238, 779.7622412141026)
(0, 1, 1, 239, 580.3088540423083)
(0, 1, 1, 240, 806.935007929147)
(0, 1, 1, 241, 740.7944384547635)
(0, 1, 1, 242, 898.1754188212893)
(0, 1, 1, 243, 648.1450054853719)
(0, 1, 1, 244, 854.5874234915661)
(0, 1, 1, 245, 897.5032770260639)
(0, 1, 1, 246, 843.7466137305544)
(0, 1, 1, 247, 470.47551827962616)
(0, 1, 1, 248, 772.8581612930217)
(0, 1, 1, 249, 794.8480431230857)
(0, 2, 0, 0, 431.59487030490516)
(0, 2, 0, 1, 581.4167648930054)
(0, 2, 0, 2, 559.9047349572863)
(0, 2, 0, 3, 425.43800595617586)
(0, 2, 0, 4, 640.6296247738385)
(0, 2, 0, 5, 674.9642844786616)
(0, 2, 0, 6, 559.6792285446596)
(0, 2, 0, 7, 500.25111722594573)
(0, 2, 0, 8, 586.5583632030749)
(0, 2, 0, 9, 558.9590594700189)
(0, 2, 0, 10, 434.7986752758024)
(0, 2, 0, 11, 509.86513938067606)
(0, 2, 0, 12, 603.5012348135756)
(0, 2, 0, 13, 509.00248677330796)
(0, 2, 0, 14, 584.5730003145978)
(0, 2, 0, 15, 486.6574881519918)
(0, 2, 0, 16, 703.7937943029638)
(0, 2, 0, 17, 803.7058249968846)
(0, 2, 0, 18, 799.7130287632551)
(0, 2, 0, 19, 543.2250942688162)
(0, 2, 0, 20, 472.6355899852097)
(0, 2, 0, 21, 578.5812567938801)
(0, 2, 0, 22, 495.2002004324992)
(0, 2, 0, 23, 498.8587722620295)
(0, 2, 0, 24, 436.25875959911014)
(0, 2, 0, 25, 543.9123939837216)
(0, 2, 0, 26, 504.13422877720103)
(0, 2, 0, 27, 574.0354228727197)
(0, 2, 0, 28, 621.9168173814818)
(0, 2, 0, 29, 538.8340564492524)
(0, 2, 0, 30, 536.9372932029519)
(0, 2, 0, 31, 649.0255492474104)
(0, 2, 0, 32, 797.9517096499092)
(0, 2, 0, 33, 495.9079416246554)
(0, 2, 0, 34, 484.3305320633559)
(0, 2, 0, 35, 503.7729046225213)
(0, 2, 0, 36, 556.9346453686663)
(0, 2, 0, 37, 438.0233950715775)
(0, 2, 0, 38, 511.5205407211876)
(0, 2, 0, 39, 542.553363584519)
(0, 2, 0, 40, 490.5944844157805)
(0, 2, 0, 41, 613.0257547640902)
(0, 2, 0, 42, 587.0749347968657)
(0, 2, 0, 43, 790.2341191115944)
(0, 2, 0, 44, 559.5537337968921)
(0, 2, 0, 45, 635.5807090413757)
(0, 2, 0, 46, 677.3935604794157)
(0, 2, 0, 47, 483.68987746425125)
(0, 2, 0, 48, 518.048225693027)
(0, 2, 0, 49, 450.5071856458696)
(0, 2, 0, 50, 867.1091569647341)
(0, 2, 0, 51, 446.78877719677325)
(0, 2, 0, 52, 566.3853051963563)
(0, 2, 0, 53, 544.8873315951189)
(0, 2, 0, 54, 399.2970200205033)
(0, 2, 0, 55, 475.1479923159201)
(0, 2, 0, 56, 632.2787264622541)
(0, 2, 0, 57, 494.7931744033667)
(0, 2, 0, 58, 553.3909747015422)
(0, 2, 0, 59, 644.4529596100347)
(0, 2, 0, 60, 894.8342063428943)
(0, 2, 0, 61, 765.6788105016208)
(0, 2, 0, 62, 511.9383873268715)
(0, 2, 0, 63, 481.6373392128682)
(0, 2, 0, 64, 726.5349617346031)
(0, 2, 0, 65, 697.9561187391237)
(0, 2, 0, 66, 593.5242845778577)
(0, 2, 0, 67, 579.7774747966653)
(0, 2, 0, 68, 587.9455668800026)
(0, 2, 0, 69, 522.7845389609139)
(0, 2, 0, 70, 629.1970684434355)
(0, 2, 0, 71, 753.7465667451951)
(0, 2, 0, 72, 640.8405227276673)
(0, 2, 0, 73, 663.638302297308)
(0, 2, 0, 74, 439.87584813176744)
(0, 2, 0, 75, 528.0359657815735)
(0, 2, 0, 76, 450.3900095193879)
(0, 2, 0, 77, 693.7435268885238)
(0, 2, 0, 78, 593.9223726816177)
(0, 2, 0, 79, 566.2445623476779)
(0, 2, 0, 80, 642.2669959060464)
(0, 2, 0, 81, 529.9250879931128)
(0, 2, 0, 82, 394.4263650561751)
(0, 2, 0, 83, 533.22885670919)
(0, 2, 0, 84, 500.84758569325504)
(0, 2, 0, 85, 607.6647670479836)
(0, 2, 0, 86, 592.379757426099)
(0, 2, 0, 87, 591.7258651016197)
(0, 2, 0, 88, 946.064179387508)
(0, 2, 0, 89, 659.5901961923674)
(0, 2, 0, 90, 485.2767533161343)
(0, 2, 0, 91, 556.3197857605933)
(0, 2, 0, 92, 672.3702586790507)
(0, 2, 0, 93, 512.7626521769153)
(0, 2, 0, 94, 690.034562501434)
(0, 2, 0, 95, 424.41593691751376)
(0, 2, 0, 96, 463.40024691728775)
(0, 2, 0, 97, 719.1346916478383)
(0, 2, 0, 98, 579.5022760757221)
(0, 2, 0, 99, 761.1668332369252)
(0, 2, 0, 100, 777.4782982289943)
(0, 2, 0, 101, 856.7808241225075)
(0, 2, 0, 102, 547.3864446814687)
(0, 2, 0, 103, 472.14150709271655)
(0, 2, 0, 104, 642.0509589934252)
(0, 2, 0, 105, 644.3620645012375)
(0, 2, 0, 106, 791.7612110122833)
(0, 2, 0, 107, 579.4352363892216)
(0, 2, 0, 108, 645.594917505088)
(0, 2, 0, 109, 601.4159512698045)
(0, 2, 0, 110, 736.4237889490925)
(0, 2, 0, 111, 526.4956154065699)
(0, 2, 0, 112, 471.45691938565886)
(0, 2, 0, 113, 519.7836161580658)
(0, 2, 0, 114, 651.26044351109)
(0, 2, 0, 115, 574.4530368816488)
(0, 2, 0, 116, 601.6674816895753)
(0, 2, 0, 117, 492.8663818908557)
(0, 2, 0, 118, 687.7649663254497)
(0, 2, 0, 119, 627.5061143961824)
(0, 2, 0, 120, 524.1293985571863)
(0, 2, 0, 121, 791.8173055729897)
(0, 2, 0, 122, 724.9805028962995)
(0, 2, 0, 123, 419.1492730188834)
(0, 2, 0, 124, 544.995522981416)
(0, 2, 0, 125, 586.7914102065164)
(0, 2, 0, 126, 703.9399306951435)
(0, 2, 0, 127, 537.1706728294444)
(0, 2, 0, 128, 593.8609239253686)
(0, 2, 0, 129, 631.0902682315184)
(0, 2, 0, 130, 462.19196270085394)
(0, 2, 0, 131, 451.77325199090365)
(0, 2, 0, 132, 407.06976213415976)
(0, 2, 0, 133, 593.1094649601297)
(0, 2, 0, 134, 682.0963296226735)
(0, 2, 0, 135, 464.34050936581554)
(0, 2, 0, 136, 529.3558808018585)
(0, 2, 0, 137, 708.4214319060426)
(0, 2, 0, 138, 562.4766739128295)
(0, 2, 0, 139, 668.8452877832617)
(0, 2, 0, 140, 457.58884695198833)
(0, 2, 0, 141, 529.6782112657216)
(0, 2, 0, 142, 509.22265843314295)
(0, 2, 0, 143, 588.2114711409342)
(0, 2, 0, 144, 553.9207190505521)
(0, 2, 0, 145, 474.8790554009153)
(0, 2, 0, 146, 575.993860386167)
(0, 2, 0, 147, 535.0072683234948)
(0, 2, 0, 148, 595.3288275803116)
(0, 2, 0, 149, 444.49378903231946)
(0, 2, 0, 150, 511.26324686280117)
(0, 2, 0, 151, 478.1999110158786)
(0, 2, 0, 152, 649.2212309988704)
(0, 2, 0, 153, 589.9818400217655)
(0, 2, 0, 154, 563.0559198963858)
(0, 2, 0, 155, 708.0738495223292)
(0, 2, 0, 156, 644.6698736155033)
(0, 2, 0, 157, 563.3008942528431)
(0, 2, 0, 158, 330.2087175506945)
(0, 2, 0, 159, 757.750592773645)
(0, 2, 0, 160, 548.1489188795208)
(0, 2, 0, 161, 525.9264609002408)
(0, 2, 0, 162, 586.8425444934222)
(0, 2, 0, 163, 488.8652140436255)
(0, 2, 0, 164, 524.2320959058165)
(0, 2, 0, 165, 936.8904481182436)
(0, 2, 0, 166, 466.36609385229156)
(0, 2, 0, 167, 522.7982399904253)
(0, 2, 0, 168, 810.7733670589226)
(0, 2, 0, 169, 757.496250785217)
(0, 2, 0, 170, 447.3138924830347)
(0, 2, 0, 171, 473.05072964449533)
(0, 2, 0, 172, 792.7787400635996)
(0, 2, 0, 173, 815.0566841338324)
(0, 2, 0, 174, 423.83959424941304)
(0, 2, 0, 175, 656.7295526106459)
(0, 2, 0, 176, 551.9538627088322)
(0, 2, 0, 177, 439.3208156523855)
(0, 2, 0, 178, 606.8251512662697)
(0, 2, 0, 179, 620.0951115791576)
(0, 2, 0, 180, 787.523858027801)
(0, 2, 0, 181, 456.13185955246433)
(0, 2, 0, 182, 494.3856206708883)
(0, 2, 0, 183, 471.22117815702256)
(0, 2, 0, 184, 788.6286672067563)
(0, 2, 0, 185, 577.0237964950659)
(0, 2, 0, 186, 471.70148140573974)
(0, 2, 0, 187, 473.63177587691916)
(0, 2, 0, 188, 519.0474641321041)
(0, 2, 0, 189, 474.5659956228666)
(0, 2, 0, 190, 508.7207868019522)
(0, 2, 0, 191, 536.6707385125733)
(0, 2, 0, 192, 523.1234599018127)
(0, 2, 0, 193, 405.564219678221)
(0, 2, 0, 194, 760.3461972468536)
(0, 2, 0, 195, 579.6956174248407)
(0, 2, 0, 196, 538.6794391786485)
(0, 2, 0, 197, 590.8428337661248)
(0, 2, 0, 198, 478.12337140145286)
(0, 2, 0, 199, 643.5685696646641)
(0, 2, 0, 200, 807.5204677172893)
(0, 2, 0, 201, 553.9412074382882)
(0, 2, 0, 202, 657.2020300080476)
(0, 2, 0, 203, 541.5462998632602)
(0, 2, 0, 204, 677.6272958678063)
(0, 2, 0, 205, 436.98716760772055)
(0, 2, 0, 206, 495.7438232697981)
(0, 2, 0, 207, 665.1885618979306)
(0, 2, 0, 208, 735.0365239372614)
(0, 2, 0, 209, 571.4847196862041)
(0, 2, 0, 210, 656.924234556165)
(0, 2, 0, 211, 429.54627231306006)
(0, 2, 0, 212, 470.55519745454825)
(0, 2, 0, 213, 515.5519222142069)
(0, 2, 0, 214, 664.2602296216174)
(0, 2, 0, 215, 629.1648685352343)
(0, 2, 0, 216, 543.5292567025975)
(0, 2, 0, 217, 687.7042655514645)
(0, 2, 0, 218, 566.3233540082304)
(0, 2, 0, 219, 426.7802448869075)
(0, 2, 0, 220, 613.9402109242556)
(0, 2, 0, 221, 522.7766279005627)
(0, 2, 0, 222, 649.4464437058978)
(0, 2, 0, 223, 623.049455573169)
(0, 2, 0, 224, 514.2321674393609)
(0, 2, 0, 225, 941.4484576350359)
(0, 2, 0, 226, 491.0543832066325)
(0, 2, 0, 227, 452.7097973937482)
(0, 2, 0, 228, 528.7817761480071)
(0, 2, 0, 229, 675.5701165765563)
(0, 2, 0, 230, 503.11859098349265)
(0, 2, 0, 231, 497.13815675692774)
(0, 2, 0, 232, 460.34720985102496)
(0, 2, 0, 233, 491.07258653409764)
(0, 2, 0, 234, 453.08251315299333)
(0, 2, 0, 235, 619.593923021606)
(0, 2, 0, 236, 566.4985144283221)
(0, 2, 0, 237, 867.5635465700273)
(0, 2, 0, 238, 722.9864056136028)
(0, 2, 0, 239, 646.6193806355933)
(0, 2, 0, 240, 612.200307884084)
(0, 2, 0, 241, 593.619352378467)
(0, 2, 0, 242, 586.6603646112552)
(0, 2, 0, 243, 533.7286370130122)
(0, 2, 0, 244, 611.1458768456789)
(0, 2, 0, 245, 562.7420936590214)
(0, 2, 0, 246, 718.9023943826827)
(0, 2, 0, 247, 605.9144776099205)
(0, 2, 0, 248, 431.654580937344)
(0, 2, 0, 249, 409.5847607874798)
(0, 2, 1, 0, 882.0615700257594)
(0, 2, 1, 1, 753.9110328204765)
(0, 2, 1, 2, 797.1731832605642)
(0, 2, 1, 3, 1120.7295210150753)
(0, 2, 1, 4, 870.2050526899691)
(0, 2, 1, 5, 800.0677146406867)
(0, 2, 1, 6, 1105.8703788141925)
(0, 2, 1, 7, 1210.3024020244038)
(0, 2, 1, 8, 764.1091162268185)
(0, 2, 1, 9, 1029.8169170093006)
(0, 2, 1, 10, 1194.128964057528)
(0, 2, 1, 11, 922.0802943962127)
(0, 2, 1, 12, 925.3619949106862)
(0, 2, 1, 13, 1027.375854859141)
(0, 2, 1, 14, 986.5488074335312)
(0, 2, 1, 15, 944.03571250274)
(0, 2, 1, 16, 1173.7743290358262)
(0, 2, 1, 17, 985.2986516050875)
(0, 2, 1, 18, 902.0256933852351)
(0, 2, 1, 19, 677.769980557703)
(0, 2, 1, 20, 1004.6440870719315)
(0, 2, 1, 21, 854.4196904739157)
(0, 2, 1, 22, 1018.8507534046498)
(0, 2, 1, 23, 916.4848433882049)
(0, 2, 1, 24, 1063.375252061491)
(0, 2, 1, 25, 799.4650238412444)
(0, 2, 1, 26, 887.1308397073769)
(0, 2, 1, 27, 962.2461114674188)
(0, 2, 1, 28, 1103.3405724548184)
(0, 2, 1, 29, 1046.0385242141376)
(0, 2, 1, 30, 884.0450513261037)
(0, 2, 1, 31, 745.6598797148921)
(0, 2, 1, 32, 943.8977276665712)
(0, 2, 1, 33, 917.4299216566999)
(0, 2, 1, 34, 943.5458254974783)
(0, 2, 1, 35, 825.7077377328181)
(0, 2, 1, 36, 919.6204003727814)
(0, 2, 1, 37, 889.2068799189267)
(0, 2, 1, 38, 776.564572889889)
(0, 2, 1, 39, 1043.2108400747063)
(0, 2, 1, 40, 1185.0449525092768)
(0, 2, 1, 41, 1084.500505772415)
(0, 2, 1, 42, 779.5143066984629)
(0, 2, 1, 43, 1045.994529792094)
(0, 2, 1, 44, 1182.3874002730213)
(0, 2, 1, 45, 981.2044292491994)
(0, 2, 1, 46, 1058.1641550040965)
(0, 2, 1, 47, 1150.3435925250408)
(0, 2, 1, 48, 861.2025155818563)
(0, 2, 1, 49, 969.2046875383403)
(0, 2, 1, 50, 774.4664207564156)
(0, 2, 1, 51, 752.2221508227677)
(0, 2, 1, 52, 1022.2727375791679)
(0, 2, 1, 53, 1027.6191574435031)
(0, 2, 1, 54, 689.8336496959075)
(0, 2, 1, 55, 1127.8243053684996)
(0, 2, 1, 56, 958.1097155694083)
(0, 2, 1, 57, 993.9715774860671)
(0, 2, 1, 58, 1002.0074975628216)
(0, 2, 1, 59, 1137.5858171732903)
(0, 2, 1, 60, 1090.262663572297)
(0, 2, 1, 61, 827.5837135187719)
(0, 2, 1, 62, 780.5980492931092)
(0, 2, 1, 63, 1098.1501715023774)
(0, 2, 1, 64, 1034.2738531395617)
(0, 2, 1, 65, 886.480929150747)
(0, 2, 1, 66, 948.4714842277288)
(0, 2, 1, 67, 902.7207696347349)
(0, 2, 1, 68, 1187.2266342393818)
(0, 2, 1, 69, 1180.567867658474)
(0, 2, 1, 70, 1113.4315412609446)
(0, 2, 1, 71, 707.9760516958261)
(0, 2, 1, 72, 994.236021790413)
(0, 2, 1, 73, 681.0073125302272)
(0, 2, 1, 74, 1017.4708158753616)
(0, 2, 1, 75, 914.1561718683867)
(0, 2, 1, 76, 1026.8451862726286)
(0, 2, 1, 77, 924.0323332207607)
(0, 2, 1, 78, 1080.7132254618634)
(0, 2, 1, 79, 920.2541057912746)
(0, 2, 1, 80, 999.6776472690219)
(0, 2, 1, 81, 1045.3190730621875)
(0, 2, 1, 82, 1070.0632609159225)
(0, 2, 1, 83, 912.1788290378797)
(0, 2, 1, 84, 889.1659970329463)
(0, 2, 1, 85, 861.7788651209823)
(0, 2, 1, 86, 1123.851763396824)
(0, 2, 1, 87, 989.6723240275486)
(0, 2, 1, 88, 771.448998066304)
(0, 2, 1, 89, 926.4823252170145)
(0, 2, 1, 90, 981.8320442234044)
(0, 2, 1, 91, 925.4210364342765)
(0, 2, 1, 92, 914.3205067227309)
(0, 2, 1, 93, 951.9394105129305)
(0, 2, 1, 94, 771.7901418933574)
(0, 2, 1, 95, 1131.0691234355277)
(0, 2, 1, 96, 1106.3583128729647)
(0, 2, 1, 97, 725.7825598620304)
(0, 2, 1, 98, 928.3188282340426)
(0, 2, 1, 99, 771.6179468334693)
(0, 2, 1, 100, 903.1766417425692)
(0, 2, 1, 101, 883.9271983383259)
(0, 2, 1, 102, 1210.4715110168493)
(0, 2, 1, 103, 1046.2452620836716)
(0, 2, 1, 104, 779.8730621788933)
(0, 2, 1, 105, 967.1963921671435)
(0, 2, 1, 106, 921.5165396833288)
(0, 2, 1, 107, 834.6679246179169)
(0, 2, 1, 108, 819.3402265785309)
(0, 2, 1, 109, 1017.4442633078036)
(0, 2, 1, 110, 872.1952161204788)
(0, 2, 1, 111, 890.2112793767908)
(0, 2, 1, 112, 1085.2155346708357)
(0, 2, 1, 113, 883.4282346381923)
(0, 2, 1, 114, 1124.9755187494902)
(0, 2, 1, 115, 726.0419703343507)
(0, 2, 1, 116, 1129.7533994800262)
(0, 2, 1, 117, 947.3987094604007)
(0, 2, 1, 118, 925.2685610061742)
(0, 2, 1, 119, 1176.0079174603536)
(0, 2, 1, 120, 962.9502339464561)
(0, 2, 1, 121, 861.0701312438161)
(0, 2, 1, 122, 619.3050124444578)
(0, 2, 1, 123, 955.4099078562112)
(0, 2, 1, 124, 962.1094999936195)
(0, 2, 1, 125, 950.6676870946611)
(0, 2, 1, 126, 1007.6656515164855)
(0, 2, 1, 127, 1128.6775569029626)
(0, 2, 1, 128, 993.9161930994914)
(0, 2, 1, 129, 982.8730163893009)
(0, 2, 1, 130, 764.0848037371289)
(0, 2, 1, 131, 995.793477268684)
(0, 2, 1, 132, 998.4919868988223)
(0, 2, 1, 133, 986.0424549336867)
(0, 2, 1, 134, 943.1308087050201)
(0, 2, 1, 135, 958.8054210550404)
(0, 2, 1, 136, 754.2230562640987)
(0, 2, 1, 137, 1101.2798503706065)
(0, 2, 1, 138, 870.3314479418419)
(0, 2, 1, 139, 1042.1359022199483)
(0, 2, 1, 140, 955.2155456376652)
(0, 2, 1, 141, 963.7695452128853)
(0, 2, 1, 142, 877.8185441869473)
(0, 2, 1, 143, 1095.6185325921958)
(0, 2, 1, 144, 983.8610218198291)
(0, 2, 1, 145, 793.0042679610552)
(0, 2, 1, 146, 634.3480320930008)
(0, 2, 1, 147, 941.5569697421973)
(0, 2, 1, 148, 1100.5558017392648)
(0, 2, 1, 149, 973.0138464380439)
(0, 2, 1, 150, 1045.4471850856269)
(0, 2, 1, 151, 1052.1757224206667)
(0, 2, 1, 152, 1095.746001055082)
(0, 2, 1, 153, 853.8229633278598)
(0, 2, 1, 154, 1010.7348168501459)
(0, 2, 1, 155, 803.3673868042017)
(0, 2, 1, 156, 730.7703275861788)
(0, 2, 1, 157, 1083.4013942390175)
(0, 2, 1, 158, 987.0770121508962)
(0, 2, 1, 159, 852.8475550636987)
(0, 2, 1, 160, 904.1141451313395)
(0, 2, 1, 161, 1108.343727605678)
(0, 2, 1, 162, 810.2972950948288)
(0, 2, 1, 163, 757.7396104505549)
(0, 2, 1, 164, 1029.4496001462244)
(0, 2, 1, 165, 916.7069352594277)
(0, 2, 1, 166, 1131.4677281199836)
(0, 2, 1, 167, 674.1284413201523)
(0, 2, 1, 168, 1050.8672284579159)
(0, 2, 1, 169, 747.2064324237505)
(0, 2, 1, 170, 1057.870957562957)
(0, 2, 1, 171, 1062.1960076783796)
(0, 2, 1, 172, 747.8449246895661)
(0, 2, 1, 173, 1136.1999492699128)
(0, 2, 1, 174, 943.6347865603171)
(0, 2, 1, 175, 1089.9411007031385)
(0, 2, 1, 176, 746.6614173391847)
(0, 2, 1, 177, 1017.1034447129728)
(0, 2, 1, 178, 880.6014111351494)
(0, 2, 1, 179, 969.1900432738539)
(0, 2, 1, 180, 1162.0164561358822)
(0, 2, 1, 181, 1070.4540678469968)
(0, 2, 1, 182, 1039.5972237091944)
(0, 2, 1, 183, 612.319656365991)
(0, 2, 1, 184, 811.1573417999748)
(0, 2, 1, 185, 803.4562003775469)
(0, 2, 1, 186, 810.8575024762204)
(0, 2, 1, 187, 881.1631087559447)
(0, 2, 1, 188, 1050.1330564604007)
(0, 2, 1, 189, 1058.4483106932269)
(0, 2, 1, 190, 599.4647914354551)
(0, 2, 1, 191, 786.0549282110597)
(0, 2, 1, 192, 901.7285571047844)
(0, 2, 1, 193, 1010.846938440163)
(0, 2, 1, 194, 834.051718881017)
(0, 2, 1, 195, 944.323813999981)
(0, 2, 1, 196, 994.1170264159731)
(0, 2, 1, 197, 960.4285343907264)
(0, 2, 1, 198, 1003.2919534462778)
(0, 2, 1, 199, 841.1740225171865)
(0, 2, 1, 200, 1039.1840646318503)
(0, 2, 1, 201, 901.9515028909867)
(0, 2, 1, 202, 1162.4650436989266)
(0, 2, 1, 203, 1155.6933238521142)
(0, 2, 1, 204, 1000.3463406448627)
(0, 2, 1, 205, 786.0529310243758)
(0, 2, 1, 206, 1222.867029688314)
(0, 2, 1, 207, 889.058244376301)
(0, 2, 1, 208, 1004.3815966306332)
(0, 2, 1, 209, 769.6668895429872)
(0, 2, 1, 210, 994.0421504854215)
(0, 2, 1, 211, 982.5678644483093)
(0, 2, 1, 212, 921.9665144950227)
(0, 2, 1, 213, 1012.3849977453119)
(0, 2, 1, 214, 990.3786747251031)
(0, 2, 1, 215, 1106.7666750421897)
(0, 2, 1, 216, 1046.8112928835228)
(0, 2, 1, 217, 890.2129805583471)
(0, 2, 1, 218, 858.5511096782534)
(0, 2, 1, 219, 832.2143570575502)
(0, 2, 1, 220, 1200.1030780801145)
(0, 2, 1, 221, 1129.0527604125762)
(0, 2, 1, 222, 1091.5638720003767)
(0, 2, 1, 223, 916.6538793678217)
(0, 2, 1, 224, 1167.0092828472364)
(0, 2, 1, 225, 1015.5499030434413)
(0, 2, 1, 226, 1068.3305442024855)
(0, 2, 1, 227, 870.9305552152238)
(0, 2, 1, 228, 957.0174477015158)
(0, 2, 1, 229, 752.149155403414)
(0, 2, 1, 230, 936.129607486651)
(0, 2, 1, 231, 929.5273687539681)
(0, 2, 1, 232, 1082.5645026191457)
(0, 2, 1, 233, 903.3106514631867)
(0, 2, 1, 234, 1052.4896821549632)
(0, 2, 1, 235, 956.888701711473)
(0, 2, 1, 236, 984.9742375980129)
(0, 2, 1, 237, 1085.1434826540487)
(0, 2, 1, 238, 1128.7524096983216)
(0, 2, 1, 239, 756.021240336158)
(0, 2, 1, 240, 1198.08975984791)
(0, 2, 1, 241, 978.7142146632606)
(0, 2, 1, 242, 1165.1339949036224)
(0, 2, 1, 243, 849.4261413414707)
(0, 2, 1, 244, 1133.7594663757409)
(0, 2, 1, 245, 1154.8411841776074)
(0, 2, 1, 246, 1041.1511861862173)
(0, 2, 1, 247, 679.3093335782391)
(0, 2, 1, 248, 872.1766144734996)
(0, 2, 1, 249, 960.4306280325454)
(0, 3, 0, 0, 520.4900943279831)
(0, 3, 0, 1, 744.6464273343664)
(0, 3, 0, 2, 696.6025204338857)
(0, 3, 0, 3, 555.0833755182963)
(0, 3, 0, 4, 739.9816842150249)
(0, 3, 0, 5, 734.7803194278939)
(0, 3, 0, 6, 597.4064613498917)
(0, 3, 0, 7, 560.6875733897083)
(0, 3, 0, 8, 685.8722145957488)
(0, 3, 0, 9, 633.790697466345)
(0, 3, 0, 10, 483.26790875439036)
(0, 3, 0, 11, 677.2237044903317)
(0, 3, 0, 12, 726.0646820938151)
(0, 3, 0, 13, 673.9956459749959)
(0, 3, 0, 14, 633.6676482515913)
(0, 3, 0, 15, 612.4973224368681)
(0, 3, 0, 16, 696.8570638393024)
(0, 3, 0, 17, 874.7247385958887)
(0, 3, 0, 18, 883.0898831409124)
(0, 3, 0, 19, 622.0670613454054)
(0, 3, 0, 20, 618.2288371987427)
(0, 3, 0, 21, 673.6863766650349)
(0, 3, 0, 22, 655.3891859372306)
(0, 3, 0, 23, 733.3200190045201)
(0, 3, 0, 24, 565.7371835612496)
(0, 3, 0, 25, 635.2927457931128)
(0, 3, 0, 26, 581.8596215497383)
(0, 3, 0, 27, 554.9760767549503)
(0, 3, 0, 28, 598.37952518167)
(0, 3, 0, 29, 644.4054341680674)
(0, 3, 0, 30, 751.8648185654238)
(0, 3, 0, 31, 795.156535758188)
(0, 3, 0, 32, 773.4880157877861)
(0, 3, 0, 33, 578.7700873127255)
(0, 3, 0, 34, 578.3195371939834)
(0, 3, 0, 35, 572.3969379723791)
(0, 3, 0, 36, 676.8600135318407)
(0, 3, 0, 37, 517.4930887792347)
(0, 3, 0, 38, 542.2622002447353)
(0, 3, 0, 39, 615.3399360996175)
(0, 3, 0, 40, 603.7838751744598)
(0, 3, 0, 41, 694.6604628671312)
(0, 3, 0, 42, 729.7761037788557)
(0, 3, 0, 43, 685.9250799088304)
(0, 3, 0, 44, 530.9059735941053)
(0, 3, 0, 45, 640.7816682835079)
(0, 3, 0, 46, 702.6867777236155)
(0, 3, 0, 47, 534.789340514088)
(0, 3, 0, 48, 522.691362548523)
(0, 3, 0, 49, 670.2307358184953)
(0, 3, 0, 50, 830.9996911139934)
(0, 3, 0, 51, 568.9838908520741)
(0, 3, 0, 52, 595.5359056752744)
(0, 3, 0, 53, 647.3413646312275)
(0, 3, 0, 54, 566.2036178998505)
(0, 3, 0, 55, 671.258254972475)
(0, 3, 0, 56, 656.8139020085017)
(0, 3, 0, 57, 642.7574347195422)
(0, 3, 0, 58, 664.9285432644474)
(0, 3, 0, 59, 640.8469730175161)
(0, 3, 0, 60, 909.6941898975713)
(0, 3, 0, 61, 957.7457995356092)
(0, 3, 0, 62, 420.32882686392463)
(0, 3, 0, 63, 514.7473862993245)
(0, 3, 0, 64, 878.5138395325164)
(0, 3, 0, 65, 805.1866356283715)
(0, 3, 0, 66, 569.0533278126329)
(0, 3, 0, 67, 666.3772432864732)
(0, 3, 0, 68, 659.1211873312135)
(0, 3, 0, 69, 459.7895015595399)
(0, 3, 0, 70, 643.6695703298592)
(0, 3, 0, 71, 913.2429319945783)
(0, 3, 0, 72, 761.4664278522048)
(0, 3, 0, 73, 774.94879503502)
(0, 3, 0, 74, 533.9954570897929)
(0, 3, 0, 75, 619.5935805044938)
(0, 3, 0, 76, 499.8123561668856)
(0, 3, 0, 77, 808.4147775454186)
(0, 3, 0, 78, 701.3401535108355)
(0, 3, 0, 79, 669.6088433078999)
(0, 3, 0, 80, 737.7819180190938)
(0, 3, 0, 81, 614.1505331844562)
(0, 3, 0, 82, 591.6742052333552)
(0, 3, 0, 83, 546.1957787207882)
(0, 3, 0, 84, 509.21232187520457)
(0, 3, 0, 85, 492.842581977909)
(0, 3, 0, 86, 754.3036217046352)
(0, 3, 0, 87, 623.8294140828784)
(0, 3, 0, 88, 1025.7347443692577)
(0, 3, 0, 89, 738.2703658161481)
(0, 3, 0, 90, 662.0473899150384)
(0, 3, 0, 91, 698.0465614312371)
(0, 3, 0, 92, 762.6711848553979)
(0, 3, 0, 93, 839.0285391561088)
(0, 3, 0, 94, 706.5208629634708)
(0, 3, 0, 95, 568.675826577212)
(0, 3, 0, 96, 616.8145108050777)
(0, 3, 0, 97, 750.2569075088737)
(0, 3, 0, 98, 657.1759045295387)
(0, 3, 0, 99, 727.5328870059907)
(0, 3, 0, 100, 797.6250686125125)
(0, 3, 0, 101, 1033.302181633586)
(0, 3, 0, 102, 672.8335746395379)
(0, 3, 0, 103, 593.2759804480468)
(0, 3, 0, 104, 791.2500487625394)
(0, 3, 0, 105, 720.3344133932977)
(0, 3, 0, 106, 902.5254895645204)
(0, 3, 0, 107, 644.8101530364074)
(0, 3, 0, 108, 671.8691533381846)
(0, 3, 0, 109, 735.4981804841051)
(0, 3, 0, 110, 791.1542017522102)
(0, 3, 0, 111, 523.2855016852432)
(0, 3, 0, 112, 482.24883834941943)
(0, 3, 0, 113, 690.6145797251118)
(0, 3, 0, 114, 839.2476577098029)
(0, 3, 0, 115, 427.0603687397337)
(0, 3, 0, 116, 677.4125892582075)
(0, 3, 0, 117, 616.3937944151556)
(0, 3, 0, 118, 730.5855679821152)
(0, 3, 0, 119, 764.0924502855528)
(0, 3, 0, 120, 674.9261287388827)
(0, 3, 0, 121, 823.8162147286661)
(0, 3, 0, 122, 811.2370165191019)
(0, 3, 0, 123, 691.0009263376994)
(0, 3, 0, 124, 581.7895903147371)
(0, 3, 0, 125, 740.7345393295769)
(0, 3, 0, 126, 859.7860018910645)
(0, 3, 0, 127, 662.9719018290598)
(0, 3, 0, 128, 868.3666896780284)
(0, 3, 0, 129, 713.8730978929256)
(0, 3, 0, 130, 500.097851046784)
(0, 3, 0, 131, 504.0666146070693)
(0, 3, 0, 132, 528.4639266195719)
(0, 3, 0, 133, 661.6003972706822)
(0, 3, 0, 134, 774.6619734003461)
(0, 3, 0, 135, 572.6572515159879)
(0, 3, 0, 136, 623.5796676320668)
(0, 3, 0, 137, 715.696186401661)
(0, 3, 0, 138, 563.5300691338413)
(0, 3, 0, 139, 845.3702177620763)
(0, 3, 0, 140, 515.3220852422552)
(0, 3, 0, 141, 684.9680385346885)
(0, 3, 0, 142, 456.52727963108543)
(0, 3, 0, 143, 852.4158809031399)
(0, 3, 0, 144, 643.4242394738164)
(0, 3, 0, 145, 594.813894150471)
(0, 3, 0, 146, 727.0973508730802)
(0, 3, 0, 147, 489.1129268064175)
(0, 3, 0, 148, 635.1408589838632)
(0, 3, 0, 149, 404.3642940825959)
(0, 3, 0, 150, 702.0163534041155)
(0, 3, 0, 151, 616.2304225313472)
(0, 3, 0, 152, 787.2427024454631)
(0, 3, 0, 153, 574.3643208525309)
(0, 3, 0, 154, 631.108692405707)
(0, 3, 0, 155, 708.2464169458615)
(0, 3, 0, 156, 680.1210574041756)
(0, 3, 0, 157, 659.3658260612632)
(0, 3, 0, 158, 509.8150926474287)
(0, 3, 0, 159, 866.5992537005955)
(0, 3, 0, 160, 626.3208339480018)
(0, 3, 0, 161, 622.4012914999915)
(0, 3, 0, 162, 658.7125947555725)
(0, 3, 0, 163, 705.1001164333145)
(0, 3, 0, 164, 600.2370310366031)
(0, 3, 0, 165, 1089.7232130630557)
(0, 3, 0, 166, 558.6460261484405)
(0, 3, 0, 167, 773.2028592791788)
(0, 3, 0, 168, 892.2181247990195)
(0, 3, 0, 169, 746.9020707346302)
(0, 3, 0, 170, 572.8509492161994)
(0, 3, 0, 171, 550.5325694748536)
(0, 3, 0, 172, 751.2750223935543)
(0, 3, 0, 173, 993.498836853343)
(0, 3, 0, 174, 500.3084858806542)
(0, 3, 0, 175, 787.3059618453115)
(0, 3, 0, 176, 550.1723210583518)
(0, 3, 0, 177, 524.5424636249506)
(0, 3, 0, 178, 641.0308235578195)
(0, 3, 0, 179, 727.2082418537992)
(0, 3, 0, 180, 727.9309699007042)
(0, 3, 0, 181, 487.12200378716886)
(0, 3, 0, 182, 466.9475499261309)
(0, 3, 0, 183, 478.77932585090764)
(0, 3, 0, 184, 828.0897851172789)
(0, 3, 0, 185, 631.5956943506984)
(0, 3, 0, 186, 452.90250961861057)
(0, 3, 0, 187, 634.4698407408282)
(0, 3, 0, 188, 608.5613335545137)
(0, 3, 0, 189, 594.3743088320626)
(0, 3, 0, 190, 625.8706915399284)
(0, 3, 0, 191, 619.1070299508284)
(0, 3, 0, 192, 579.369825323759)
(0, 3, 0, 193, 609.9227789071166)
(0, 3, 0, 194, 932.4821282132915)
(0, 3, 0, 195, 872.0405680624268)
(0, 3, 0, 196, 774.1765189127271)
(0, 3, 0, 197, 830.9104390764182)
(0, 3, 0, 198, 511.63529791711517)
(0, 3, 0, 199, 783.7854422888867)
(0, 3, 0, 200, 797.0676962587692)
(0, 3, 0, 201, 594.9301758419109)
(0, 3, 0, 202, 727.3056923494233)
(0, 3, 0, 203, 730.6022685530074)
(0, 3, 0, 204, 677.4894774682497)
(0, 3, 0, 205, 760.1205276861104)
(0, 3, 0, 206, 691.164001361433)
(0, 3, 0, 207, 872.8195655433709)
(0, 3, 0, 208, 886.3008261938543)
(0, 3, 0, 209, 572.977643505515)
(0, 3, 0, 210, 801.7459979358943)
(0, 3, 0, 211, 534.4183975781132)
(0, 3, 0, 212, 567.5840679093866)
(0, 3, 0, 213, 550.2390003640481)
(0, 3, 0, 214, 740.1300004283687)
(0, 3, 0, 215, 663.0398598867177)
(0, 3, 0, 216, 702.125264513427)
(0, 3, 0, 217, 791.3992662581586)
(0, 3, 0, 218, 629.6725915759343)
(0, 3, 0, 219, 506.95370313148885)
(0, 3, 0, 220, 593.5744512722358)
(0, 3, 0, 221, 640.8856882647408)
(0, 3, 0, 222, 666.117507375167)
(0, 3, 0, 223, 794.2014089404131)
(0, 3, 0, 224, 755.35473867669)
(0, 3, 0, 225, 951.6011957437572)
(0, 3, 0, 226, 597.9122999075522)
(0, 3, 0, 227, 673.1916345308441)
(0, 3, 0, 228, 535.6777268473165)
(0, 3, 0, 229, 783.2372150860334)
(0, 3, 0, 230, 585.0309049191098)
(0, 3, 0, 231, 636.8264350167909)
(0, 3, 0, 232, 602.178729023017)
(0, 3, 0, 233, 608.5319653252975)
(0, 3, 0, 234, 624.4233255710519)
(0, 3, 0, 235, 653.6829977501282)
(0, 3, 0, 236, 575.115597392166)
(0, 3, 0, 237, 1062.0222863626022)
(0, 3, 0, 238, 807.0803195206524)
(0, 3, 0, 239, 809.4257295666117)
(0, 3, 0, 240, 689.9769867800261)
(0, 3, 0, 241, 677.079870022415)
(0, 3, 0, 242, 601.212043192716)
(0, 3, 0, 243, 677.5249037473961)
(0, 3, 0, 244, 626.5488768070968)
(0, 3, 0, 245, 674.6788587438267)
(0, 3, 0, 246, 727.3581069860788)
(0, 3, 0, 247, 734.1481145298462)
(0, 3, 0, 248, 536.1288503707433)
(0, 3, 0, 249, 598.3214965158323)
(0, 3, 1, 0, 1155.7687691824544)
(0, 3, 1, 1, 881.3970263099817)
(0, 3, 1, 2, 1054.0747324183537)
(0, 3, 1, 3, 1037.757359937221)
(0, 3, 1, 4, 864.2478468610972)
(0, 3, 1, 5, 1102.153924106875)
(0, 3, 1, 6, 1203.2618148649076)
(0, 3, 1, 7, 1272.455406535785)
(0, 3, 1, 8, 918.113852458865)
(0, 3, 1, 9, 1152.7227578693223)
(0, 3, 1, 10, 1267.843686357206)
(0, 3, 1, 11, 1044.1645688282797)
(0, 3, 1, 12, 906.3615928689818)
(0, 3, 1, 13, 1328.657895034114)
(0, 3, 1, 14, 1104.7107828573992)
(0, 3, 1, 15, 1003.5126466872746)
(0, 3, 1, 16, 1143.3787631355758)
(0, 3, 1, 17, 1013.9010879056411)
(0, 3, 1, 18, 864.1479260300324)
(0, 3, 1, 19, 950.1062442707571)
(0, 3, 1, 20, 1111.8088540609833)
(0, 3, 1, 21, 1106.7764633114555)
(0, 3, 1, 22, 1221.0739670532907)
(0, 3, 1, 23, 1016.7817832028)
(0, 3, 1, 24, 1293.368928105135)
(0, 3, 1, 25, 1106.8686409942336)
(0, 3, 1, 26, 792.3289964646702)
(0, 3, 1, 27, 1256.9119184247004)
(0, 3, 1, 28, 1268.6162203290733)
(0, 3, 1, 29, 1250.0959607645373)
(0, 3, 1, 30, 871.6211293654869)
(0, 3, 1, 31, 1031.2090586600405)
(0, 3, 1, 32, 1112.7612152491288)
(0, 3, 1, 33, 982.0899418740673)
(0, 3, 1, 34, 1156.5869044699286)
(0, 3, 1, 35, 930.7832639720781)
(0, 3, 1, 36, 1012.3805691655668)
(0, 3, 1, 37, 989.6220268610705)
(0, 3, 1, 38, 1223.936985023164)
(0, 3, 1, 39, 1173.1305625833643)
(0, 3, 1, 40, 1112.3083663239954)
(0, 3, 1, 41, 1061.0651658025993)
(0, 3, 1, 42, 1115.2432062494531)
(0, 3, 1, 43, 1202.0747702813994)
(0, 3, 1, 44, 1078.7796103178782)
(0, 3, 1, 45, 963.7865989101746)
(0, 3, 1, 46, 1104.922148196977)
(0, 3, 1, 47, 1238.553257929528)
(0, 3, 1, 48, 998.4941258798941)
(0, 3, 1, 49, 1092.4227586539798)
(0, 3, 1, 50, 1026.249440568609)
(0, 3, 1, 51, 883.3723940373349)
(0, 3, 1, 52, 968.2225331453463)
(0, 3, 1, 53, 1058.2499131881864)
(0, 3, 1, 54, 1088.7475219719277)
(0, 3, 1, 55, 1135.6665484914186)
(0, 3, 1, 56, 1222.6218366969604)
(0, 3, 1, 57, 1253.4009335504375)
(0, 3, 1, 58, 990.9100760859892)
(0, 3, 1, 59, 1200.698567231104)
(0, 3, 1, 60, 1204.6204227061958)
(0, 3, 1, 61, 1054.999568778393)
(0, 3, 1, 62, 873.1269064413731)
(0, 3, 1, 63, 1234.7398801363909)
(0, 3, 1, 64, 1151.5027592125964)
(0, 3, 1, 65, 1018.4459532479713)
(0, 3, 1, 66, 1119.4603971245424)
(0, 3, 1, 67, 1023.687337788562)
(0, 3, 1, 68, 1162.4875652515416)
(0, 3, 1, 69, 1409.0067499706806)
(0, 3, 1, 70, 1208.5934174935662)
(0, 3, 1, 71, 830.3038526789421)
(0, 3, 1, 72, 1087.3841577465416)
(0, 3, 1, 73, 689.4147699466334)
(0, 3, 1, 74, 1314.246247334478)
(0, 3, 1, 75, 1065.075167269679)
(0, 3, 1, 76, 1264.1979206036162)
(0, 3, 1, 77, 1007.3480219607944)
(0, 3, 1, 78, 1196.4423831298536)
(0, 3, 1, 79, 950.088449955344)
(0, 3, 1, 80, 987.5063982592457)
(0, 3, 1, 81, 1151.551891698712)
(0, 3, 1, 82, 1005.9288920402405)
(0, 3, 1, 83, 1079.7902686453497)
(0, 3, 1, 84, 859.5476961556756)
(0, 3, 1, 85, 975.2507256085433)
(0, 3, 1, 86, 1205.8310067176449)
(0, 3, 1, 87, 1290.584077721906)
(0, 3, 1, 88, 967.7434096607376)
(0, 3, 1, 89, 1137.874517398918)
(0, 3, 1, 90, 1322.227238881907)
(0, 3, 1, 91, 916.1652970638345)
(0, 3, 1, 92, 1200.0724769810201)
(0, 3, 1, 93, 902.4726812860089)
(0, 3, 1, 94, 1218.0710845800018)
(0, 3, 1, 95, 1134.9967703197765)
(0, 3, 1, 96, 1062.546211148525)
(0, 3, 1, 97, 854.473007596647)
(0, 3, 1, 98, 1146.1571950131272)
(0, 3, 1, 99, 1058.9323531532152)
(0, 3, 1, 100, 1076.251181221685)
(0, 3, 1, 101, 1163.0594928705486)
(0, 3, 1, 102, 1240.6535696828605)
(0, 3, 1, 103, 1152.1215029047848)
(0, 3, 1, 104, 968.3111085011293)
(0, 3, 1, 105, 929.5955224830919)
(0, 3, 1, 106, 1033.5411082958155)
(0, 3, 1, 107, 1237.089081256633)
(0, 3, 1, 108, 931.4122388366239)
(0, 3, 1, 109, 1221.5949272189775)
(0, 3, 1, 110, 1136.188440994562)
(0, 3, 1, 111, 1003.6259861048575)
(0, 3, 1, 112, 1099.079611188383)
(0, 3, 1, 113, 1332.0869740549397)
(0, 3, 1, 114, 1229.8511735028278)
(0, 3, 1, 115, 899.5598735443675)
(0, 3, 1, 116, 1069.4126949625074)
(0, 3, 1, 117, 1102.8232002256548)
(0, 3, 1, 118, 1263.436984222774)
(0, 3, 1, 119, 1345.9096631413895)
(0, 3, 1, 120, 1071.622519113926)
(0, 3, 1, 121, 1184.737653068406)
(0, 3, 1, 122, 725.3110630503387)
(0, 3, 1, 123, 1069.9418907695913)
(0, 3, 1, 124, 1018.980050799894)
(0, 3, 1, 125, 1192.502799228009)
(0, 3, 1, 126, 1141.929483875158)
(0, 3, 1, 127, 1038.7667537540615)
(0, 3, 1, 128, 1285.6839321991156)
(0, 3, 1, 129, 1051.8894021186927)
(0, 3, 1, 130, 995.6793065802608)
(0, 3, 1, 131, 1061.1927333513922)
(0, 3, 1, 132, 1042.457745487176)
(0, 3, 1, 133, 1149.0125191555342)
(0, 3, 1, 134, 1138.1080897054994)
(0, 3, 1, 135, 1137.8210277685666)
(0, 3, 1, 136, 968.3013739185321)
(0, 3, 1, 137, 1033.6571000649583)
(0, 3, 1, 138, 1016.3055333085863)
(0, 3, 1, 139, 1052.7451066775745)
(0, 3, 1, 140, 1121.197362597579)
(0, 3, 1, 141, 1010.9608223335105)
(0, 3, 1, 142, 832.0504929162538)
(0, 3, 1, 143, 1179.962857518038)
(0, 3, 1, 144, 1162.4171773922749)
(0, 3, 1, 145, 1056.387911334133)
(0, 3, 1, 146, 996.0091600011513)
(0, 3, 1, 147, 1132.1277518780203)
(0, 3, 1, 148, 1158.0478878828314)
(0, 3, 1, 149, 1242.384807626186)
(0, 3, 1, 150, 1273.4898959006398)
(0, 3, 1, 151, 1131.3670897042941)
(0, 3, 1, 152, 1216.7809446926074)
(0, 3, 1, 153, 1119.4397644055487)
(0, 3, 1, 154, 1162.5896732088006)
(0, 3, 1, 155, 1018.2673490122082)
(0, 3, 1, 156, 973.4116110720103)
(0, 3, 1, 157, 1292.3941948728493)
(0, 3, 1, 158, 1059.1226302536538)
(0, 3, 1, 159, 852.0507142131477)
(0, 3, 1, 160, 878.5560542081803)
(0, 3, 1, 161, 1169.2987243421483)
(0, 3, 1, 162, 959.9044656498247)
(0, 3, 1, 163, 915.2352960759891)
(0, 3, 1, 164, 967.7579101814375)
(0, 3, 1, 165, 1105.8572878620012)
(0, 3, 1, 166, 1165.062559881642)
(0, 3, 1, 167, 946.9857193962117)
(0, 3, 1, 168, 983.7851309632753)
(0, 3, 1, 169, 848.8698557705436)
(0, 3, 1, 170, 1120.7665971989195)
(0, 3, 1, 171, 1326.8284434377515)
(0, 3, 1, 172, 876.3253419851053)
(0, 3, 1, 173, 1127.5250404480541)
(0, 3, 1, 174, 1244.7273944366475)
(0, 3, 1, 175, 1191.911441317441)
(0, 3, 1, 176, 812.110281336682)
(0, 3, 1, 177, 1183.607508311017)
(0, 3, 1, 178, 1156.0265155832642)
(0, 3, 1, 179, 1219.7031285061316)
(0, 3, 1, 180, 1239.7576016125122)
(0, 3, 1, 181, 1054.8471549996816)
(0, 3, 1, 182, 1071.0479207205474)
(0, 3, 1, 183, 716.7726638582478)
(0, 3, 1, 184, 879.2825699479715)
(0, 3, 1, 185, 1059.4996083046076)
(0, 3, 1, 186, 1007.2515078713825)
(0, 3, 1, 187, 851.1700958555175)
(0, 3, 1, 188, 970.670306133452)
(0, 3, 1, 189, 1069.459626096958)
(0, 3, 1, 190, 719.0539137697111)
(0, 3, 1, 191, 831.7671743640493)
(0, 3, 1, 192, 953.3213743132682)
(0, 3, 1, 193, 1077.1487067226533)
(0, 3, 1, 194, 1114.457116640798)
(0, 3, 1, 195, 1092.3147255054994)
(0, 3, 1, 196, 1173.9863955621881)
(0, 3, 1, 197, 1051.0271076683964)
(0, 3, 1, 198, 1144.069506436985)
(0, 3, 1, 199, 911.4940721495484)
(0, 3, 1, 200, 1108.0998563343376)
(0, 3, 1, 201, 831.5811019596331)
(0, 3, 1, 202, 1242.6202670940154)
(0, 3, 1, 203, 1206.4464894849852)
(0, 3, 1, 204, 1078.986060365907)
(0, 3, 1, 205, 974.4832666122628)
(0, 3, 1, 206, 1121.2904012906135)
(0, 3, 1, 207, 945.8078623562922)
(0, 3, 1, 208, 905.5811850493798)
(0, 3, 1, 209, 1128.71937388707)
(0, 3, 1, 210, 1176.0130068117808)
(0, 3, 1, 211, 1197.2047675929985)
(0, 3, 1, 212, 938.6830435271544)
(0, 3, 1, 213, 1113.8618597965285)
(0, 3, 1, 214, 966.1541240832431)
(0, 3, 1, 215, 1282.512459431904)
(0, 3, 1, 216, 1107.403150442729)
(0, 3, 1, 217, 975.1474327139341)
(0, 3, 1, 218, 803.1876320119986)
(0, 3, 1, 219, 924.8572512258469)
(0, 3, 1, 220, 1352.9783450580067)
(0, 3, 1, 221, 1132.8346156976277)
(0, 3, 1, 222, 1251.4618411167012)
(0, 3, 1, 223, 1017.8827883429165)
(0, 3, 1, 224, 1213.839937152524)
(0, 3, 1, 225, 1266.0226867483734)
(0, 3, 1, 226, 1195.0860119002182)
(0, 3, 1, 227, 999.4011961153154)
(0, 3, 1, 228, 1108.845980555144)
(0, 3, 1, 229, 929.9164734214606)
(0, 3, 1, 230, 950.79043159057)
(0, 3, 1, 231, 1167.8181787579822)
(0, 3, 1, 232, 1156.9676368565645)
(0, 3, 1, 233, 1046.4907881912184)
(0, 3, 1, 234, 1039.309610026005)
(0, 3, 1, 235, 1092.5508957599443)
(0, 3, 1, 236, 1128.3836925390683)
(0, 3, 1, 237, 1089.6237887388206)
(0, 3, 1, 238, 1182.3538649456073)
(0, 3, 1, 239, 866.7043722152081)
(0, 3, 1, 240, 1302.723435138742)
(0, 3, 1, 241, 1090.1986585774873)
(0, 3, 1, 242, 1264.7894039801458)
(0, 3, 1, 243, 1149.6381186407027)
(0, 3, 1, 244, 1256.3237775184828)
(0, 3, 1, 245, 1254.296127326991)
(0, 3, 1, 246, 1154.8554153402085)
(0, 3, 1, 247, 836.7209914272014)
(0, 3, 1, 248, 1172.6633007616886)
(0, 3, 1, 249, 1169.8402803602487)
(0, 4, 0, 0, 533.8608775591939)
(0, 4, 0, 1, 637.0602367781346)
(0, 4, 0, 2, 683.47512634529)
(0, 4, 0, 3, 708.4415143692466)
(0, 4, 0, 4, 607.2189651176321)
(0, 4, 0, 5, 872.024891068067)
(0, 4, 0, 6, 599.5909426759512)
(0, 4, 0, 7, 619.3400253508313)
(0, 4, 0, 8, 651.887529080621)
(0, 4, 0, 9, 653.5796712271989)
(0, 4, 0, 10, 444.9169071915169)
(0, 4, 0, 11, 585.6599604029309)
(0, 4, 0, 12, 806.6516285521776)
(0, 4, 0, 13, 810.6025963606465)
(0, 4, 0, 14, 839.201317012528)
(0, 4, 0, 15, 561.5890885825045)
(0, 4, 0, 16, 746.0406599179291)
(0, 4, 0, 17, 973.2784718923783)
(0, 4, 0, 18, 956.117263888335)
(0, 4, 0, 19, 879.1782405134189)
(0, 4, 0, 20, 602.5118305757813)
(0, 4, 0, 21, 908.3685257927845)
(0, 4, 0, 22, 661.6985938136103)
(0, 4, 0, 23, 958.9751004169001)
(0, 4, 0, 24, 756.7774267862703)
(0, 4, 0, 25, 504.08060707871977)
(0, 4, 0, 26, 568.4724128085289)
(0, 4, 0, 27, 776.9849676880602)
(0, 4, 0, 28, 814.5776829581383)
(0, 4, 0, 29, 517.4588572411817)
(0, 4, 0, 30, 702.2654711171132)
(0, 4, 0, 31, 730.3700104482268)
(0, 4, 0, 32, 889.3603418375247)
(0, 4, 0, 33, 683.4923791578616)
(0, 4, 0, 34, 562.3206870051275)
(0, 4, 0, 35, 475.92454809917416)
(0, 4, 0, 36, 663.8489064489207)
(0, 4, 0, 37, 577.8848068629111)
(0, 4, 0, 38, 699.3037593958883)
(0, 4, 0, 39, 684.7432922593775)
(0, 4, 0, 40, 651.2281357525927)
(0, 4, 0, 41, 724.4568509419879)
(0, 4, 0, 42, 718.701959824343)
(0, 4, 0, 43, 740.0530221163582)
(0, 4, 0, 44, 649.625510060445)
(0, 4, 0, 45, 668.1938351853764)
(0, 4, 0, 46, 808.2363676794747)
(0, 4, 0, 47, 718.7133233953889)
(0, 4, 0, 48, 599.9643157912516)
(0, 4, 0, 49, 757.8707225609892)
(0, 4, 0, 50, 910.1875981663459)
(0, 4, 0, 51, 602.6994247955374)
(0, 4, 0, 52, 746.3184347052492)
(0, 4, 0, 53, 724.5840376182383)
(0, 4, 0, 54, 687.7729155116612)
(0, 4, 0, 55, 753.9340034903419)
(0, 4, 0, 56, 683.7967312155134)
(0, 4, 0, 57, 743.22853369529)
(0, 4, 0, 58, 700.2915470889324)
(0, 4, 0, 59, 750.4103060401768)
(0, 4, 0, 60, 1106.7646893334863)
(0, 4, 0, 61, 1061.5951794084044)
(0, 4, 0, 62, 488.8596597580105)
(0, 4, 0, 63, 544.2534993143755)
(0, 4, 0, 64, 984.265509677754)
(0, 4, 0, 65, 853.2885803985087)
(0, 4, 0, 66, 629.0178320570566)
(0, 4, 0, 67, 572.5596455747466)
(0, 4, 0, 68, 698.4801692019018)
(0, 4, 0, 69, 612.0932343604268)
(0, 4, 0, 70, 823.2303609496429)
(0, 4, 0, 71, 1028.8377179641986)
(0, 4, 0, 72, 852.6030484428065)
(0, 4, 0, 73, 766.2812328574712)
(0, 4, 0, 74, 592.4389895472552)
(0, 4, 0, 75, 670.8937852817926)
(0, 4, 0, 76, 558.893537980553)
(0, 4, 0, 77, 938.1340980536263)
(0, 4, 0, 78, 656.6365904359794)
(0, 4, 0, 79, 800.8766791867225)
(0, 4, 0, 80, 721.7031772970348)
(0, 4, 0, 81, 787.2832375391648)
(0, 4, 0, 82, 734.4971815272729)
(0, 4, 0, 83, 729.2251094381811)
(0, 4, 0, 84, 707.821206065859)
(0, 4, 0, 85, 623.0821840756361)
(0, 4, 0, 86, 653.4426552978457)
(0, 4, 0, 87, 668.9281066724818)
(0, 4, 0, 88, 933.8892357627178)
(0, 4, 0, 89, 820.2169062024723)
(0, 4, 0, 90, 690.7532715311789)
(0, 4, 0, 91, 537.6010592404497)
(0, 4, 0, 92, 915.1548213129265)
(0, 4, 0, 93, 688.5826320289341)
(0, 4, 0, 94, 844.8908173087166)
(0, 4, 0, 95, 619.2559336979974)
(0, 4, 0, 96, 566.2698844469246)
(0, 4, 0, 97, 968.291499321946)
(0, 4, 0, 98, 838.5281507211901)
(0, 4, 0, 99, 1025.3828687292691)
(0, 4, 0, 100, 777.2355879396285)
(0, 4, 0, 101, 1096.092465091796)
(0, 4, 0, 102, 669.9370112503279)
(0, 4, 0, 103, 776.4832593560245)
(0, 4, 0, 104, 864.3628882688982)
(0, 4, 0, 105, 684.9206145883613)
(0, 4, 0, 106, 867.2678091766584)
(0, 4, 0, 107, 639.137962660006)
(0, 4, 0, 108, 845.0222162230854)
(0, 4, 0, 109, 810.2531970270257)
(0, 4, 0, 110, 1043.879423212892)
(0, 4, 0, 111, 620.9177496879322)
(0, 4, 0, 112, 577.6558167549632)
(0, 4, 0, 113, 766.0993342620701)
(0, 4, 0, 114, 747.4495871430906)
(0, 4, 0, 115, 688.7873552106134)
(0, 4, 0, 116, 621.1547349322678)
(0, 4, 0, 117, 631.3374675672884)
(0, 4, 0, 118, 822.8011588141467)
(0, 4, 0, 119, 681.248285771505)
(0, 4, 0, 120, 770.1946222477087)
(0, 4, 0, 121, 930.082371505633)
(0, 4, 0, 122, 892.0887840549669)
(0, 4, 0, 123, 742.8815893176104)
(0, 4, 0, 124, 550.4157702380277)
(0, 4, 0, 125, 746.1938504471094)
(0, 4, 0, 126, 842.6889308848112)
(0, 4, 0, 127, 663.486199879923)
(0, 4, 0, 128, 809.2188110266171)
(0, 4, 0, 129, 646.6167158124329)
(0, 4, 0, 130, 740.2962349077844)
(0, 4, 0, 131, 570.7578649830876)
(0, 4, 0, 132, 652.675690982374)
(0, 4, 0, 133, 658.5321224746381)
(0, 4, 0, 134, 780.0375088729464)
(0, 4, 0, 135, 658.1266683928046)
(0, 4, 0, 136, 515.9605431044871)
(0, 4, 0, 137, 736.5186954013972)
(0, 4, 0, 138, 671.3757559184469)
(0, 4, 0, 139, 916.5974611116907)
(0, 4, 0, 140, 607.3712984940198)
(0, 4, 0, 141, 763.2389813429357)
(0, 4, 0, 142, 674.5565571379)
(0, 4, 0, 143, 812.2944774506885)
(0, 4, 0, 144, 630.2868726533572)
(0, 4, 0, 145, 542.4437756216843)
(0, 4, 0, 146, 671.5538668407913)
(0, 4, 0, 147, 566.7442949393622)
(0, 4, 0, 148, 748.7099141067125)
(0, 4, 0, 149, 487.1381127763402)
(0, 4, 0, 150, 839.021478244152)
(0, 4, 0, 151, 519.2712394625473)
(0, 4, 0, 152, 926.600644591154)
(0, 4, 0, 153, 663.8991296621775)
(0, 4, 0, 154, 716.5223280940613)
(0, 4, 0, 155, 760.7066640727346)
(0, 4, 0, 156, 771.0732543238014)
(0, 4, 0, 157, 740.2804431654142)
(0, 4, 0, 158, 535.3494127256959)
(0, 4, 0, 159, 1110.3298586875615)
(0, 4, 0, 160, 693.4678961244956)
(0, 4, 0, 161, 689.3022728672628)
(0, 4, 0, 162, 812.7402733840578)
(0, 4, 0, 163, 805.6461012383523)
(0, 4, 0, 164, 623.0966657495322)
(0, 4, 0, 165, 1120.5457122285318)
(0, 4, 0, 166, 643.9220178212344)
(0, 4, 0, 167, 853.4156095096729)
(0, 4, 0, 168, 870.9621606313174)
(0, 4, 0, 169, 776.0523702823674)
(0, 4, 0, 170, 838.0910963328103)
(0, 4, 0, 171, 630.9610896289053)
(0, 4, 0, 172, 932.7944019708416)
(0, 4, 0, 173, 924.8692043958259)
(0, 4, 0, 174, 830.9480770048666)
(0, 4, 0, 175, 820.0816215457729)
(0, 4, 0, 176, 673.2661265961852)
(0, 4, 0, 177, 436.8751214507563)
(0, 4, 0, 178, 623.3866916590155)
(0, 4, 0, 179, 728.837246327426)
(0, 4, 0, 180, 808.8621014862091)
(0, 4, 0, 181, 520.1639813214452)
(0, 4, 0, 182, 547.1935090983776)
(0, 4, 0, 183, 555.6433805425593)
(0, 4, 0, 184, 833.5499275969131)
(0, 4, 0, 185, 717.7089802456692)
(0, 4, 0, 186, 451.25377721364987)
(0, 4, 0, 187, 672.2341976331527)
(0, 4, 0, 188, 575.0386022320628)
(0, 4, 0, 189, 674.4838026617924)
(0, 4, 0, 190, 654.5023899351162)
(0, 4, 0, 191, 644.5303286403847)
(0, 4, 0, 192, 678.626241233679)
(0, 4, 0, 193, 571.4935761159348)
(0, 4, 0, 194, 871.6465686874295)
(0, 4, 0, 195, 864.5204422992554)
(0, 4, 0, 196, 747.2651186600424)
(0, 4, 0, 197, 726.0272552407991)
(0, 4, 0, 198, 590.9449893209003)
(0, 4, 0, 199, 783.5750890502771)
(0, 4, 0, 200, 873.4577968897189)
(0, 4, 0, 201, 671.9696449398891)
(0, 4, 0, 202, 845.8409596988406)
(0, 4, 0, 203, 814.6790819216978)
(0, 4, 0, 204, 767.3032323860174)
(0, 4, 0, 205, 647.7138882349956)
(0, 4, 0, 206, 586.8353871664248)
(0, 4, 0, 207, 934.1667193277651)
(0, 4, 0, 208, 1051.956831443767)
(0, 4, 0, 209, 724.4723990599142)
(0, 4, 0, 210, 818.1970169920347)
(0, 4, 0, 211, 434.3919487609531)
(0, 4, 0, 212, 617.346809798631)
(0, 4, 0, 213, 603.9843331930302)
(0, 4, 0, 214, 759.4632430047253)
(0, 4, 0, 215, 790.0958358448755)
(0, 4, 0, 216, 652.9553820989172)
(0, 4, 0, 217, 917.2627636081861)
(0, 4, 0, 218, 864.9572437298476)
(0, 4, 0, 219, 589.3243298468226)
(0, 4, 0, 220, 629.0473794658818)
(0, 4, 0, 221, 624.348987878422)
(0, 4, 0, 222, 735.5650437907395)
(0, 4, 0, 223, 782.5328965580628)
(0, 4, 0, 224, 706.4687269537422)
(0, 4, 0, 225, 1013.3881928976347)
(0, 4, 0, 226, 664.1751388619334)
(0, 4, 0, 227, 716.9020191808672)
(0, 4, 0, 228, 704.1533019734468)
(0, 4, 0, 229, 765.0660943346048)
(0, 4, 0, 230, 685.0719803471359)
(0, 4, 0, 231, 694.3905602048493)
(0, 4, 0, 232, 607.5521354853345)
(0, 4, 0, 233, 701.3695587160795)
(0, 4, 0, 234, 667.7510166347511)
(0, 4, 0, 235, 851.1491099497998)
(0, 4, 0, 236, 677.859546751075)
(0, 4, 0, 237, 941.8750525803205)
(0, 4, 0, 238, 1030.8936317737382)
(0, 4, 0, 239, 777.9475978261821)
(0, 4, 0, 240, 811.100094188628)
(0, 4, 0, 241, 547.0762121328389)
(0, 4, 0, 242, 705.4598444269068)
(0, 4, 0, 243, 786.0524701864299)
(0, 4, 0, 244, 660.5472626532231)
(0, 4, 0, 245, 612.8365324666174)
(0, 4, 0, 246, 758.1092104811956)
(0, 4, 0, 247, 721.8295587462768)
(0, 4, 0, 248, 535.149278325113)
(0, 4, 0, 249, 640.453823262626)
(0, 4, 1, 0, 1146.0056561590634)
(0, 4, 1, 1, 964.7678870350828)
(0, 4, 1, 2, 1020.914122077876)
(0, 4, 1, 3, 1065.6816205055823)
(0, 4, 1, 4, 899.0664955020551)
(0, 4, 1, 5, 1016.0025606408187)
(0, 4, 1, 6, 1266.3953919538571)
(0, 4, 1, 7, 1331.1005687642523)
(0, 4, 1, 8, 911.8491042580154)
(0, 4, 1, 9, 1208.7382003492921)
(0, 4, 1, 10, 1289.143982460869)
(0, 4, 1, 11, 1063.6702474738051)
(0, 4, 1, 12, 854.7714938798288)
(0, 4, 1, 13, 1226.180580381318)
(0, 4, 1, 14, 1039.0069165870025)
(0, 4, 1, 15, 1019.3351728692955)
(0, 4, 1, 16, 1126.0167154019496)
(0, 4, 1, 17, 1068.5669764947968)
(0, 4, 1, 18, 928.9719118402656)
(0, 4, 1, 19, 943.8641624950968)
(0, 4, 1, 20, 1124.0458237135524)
(0, 4, 1, 21, 1212.8275839693267)
(0, 4, 1, 22, 1239.9909648309933)
(0, 4, 1, 23, 1107.5004092737995)
(0, 4, 1, 24, 1350.3407170616513)
(0, 4, 1, 25, 1081.0346050067396)
(0, 4, 1, 26, 767.8419342374547)
(0, 4, 1, 27, 1444.947102336565)
(0, 4, 1, 28, 1326.06599822435)
(0, 4, 1, 29, 1169.3051459515025)
(0, 4, 1, 30, 819.4463323121014)
(0, 4, 1, 31, 1050.1555388412212)
(0, 4, 1, 32, 1127.7803857959113)
(0, 4, 1, 33, 1087.2539622801753)
(0, 4, 1, 34, 1245.1816695233076)
(0, 4, 1, 35, 891.9346286406678)
(0, 4, 1, 36, 1095.9666788007733)
(0, 4, 1, 37, 973.0365934014948)
(0, 4, 1, 38, 1128.8774887481413)
(0, 4, 1, 39, 1269.4550205178741)
(0, 4, 1, 40, 1135.7646799962035)
(0, 4, 1, 41, 1150.0059817296126)
(0, 4, 1, 42, 1030.9344169100295)
(0, 4, 1, 43, 1263.8876227898063)
(0, 4, 1, 44, 1155.0474817027155)
(0, 4, 1, 45, 916.6228574713882)
(0, 4, 1, 46, 1140.4703266275535)
(0, 4, 1, 47, 1322.303246916695)
(0, 4, 1, 48, 1173.4025678301584)
(0, 4, 1, 49, 1133.898843021767)
(0, 4, 1, 50, 1110.4424878366785)
(0, 4, 1, 51, 783.0623285180283)
(0, 4, 1, 52, 1006.943182857433)
(0, 4, 1, 53, 1132.5355924116102)
(0, 4, 1, 54, 1007.2885948188045)
(0, 4, 1, 55, 1266.3311615682308)
(0, 4, 1, 56, 1323.1240257267352)
(0, 4, 1, 57, 1287.3638111779703)
(0, 4, 1, 58, 1004.491273528163)
(0, 4, 1, 59, 1229.4574653273723)
(0, 4, 1, 60, 1269.854548825867)
(0, 4, 1, 61, 984.723128860431)
(0, 4, 1, 62, 957.1818772133195)
(0, 4, 1, 63, 1288.4878060707895)
(0, 4, 1, 64, 1146.631328428008)
(0, 4, 1, 65, 1028.8522466436264)
(0, 4, 1, 66, 1024.1350012969074)
(0, 4, 1, 67, 1060.2065160126103)
(0, 4, 1, 68, 1144.2741681159391)
(0, 4, 1, 69, 1413.1997202319192)
(0, 4, 1, 70, 1230.2802868447059)
(0, 4, 1, 71, 1034.8111194697835)
(0, 4, 1, 72, 1127.7668423226419)
(0, 4, 1, 73, 571.7651374993269)
(0, 4, 1, 74, 1224.3270256309822)
(0, 4, 1, 75, 1080.2726018998105)
(0, 4, 1, 76, 1541.0331894713404)
(0, 4, 1, 77, 1032.9507441806393)
(0, 4, 1, 78, 1233.7523379602362)
(0, 4, 1, 79, 883.5713728082483)
(0, 4, 1, 80, 993.56060783387)
(0, 4, 1, 81, 1220.3326746650064)
(0, 4, 1, 82, 1114.8644936862825)
(0, 4, 1, 83, 1019.5993643017088)
(0, 4, 1, 84, 913.0635625388521)
(0, 4, 1, 85, 974.6851282941062)
(0, 4, 1, 86, 1251.112174569193)
(0, 4, 1, 87, 1284.1472747118285)
(0, 4, 1, 88, 1065.4842998825561)
(0, 4, 1, 89, 1020.639583458683)
(0, 4, 1, 90, 1262.9228041817207)
(0, 4, 1, 91, 993.4096101498296)
(0, 4, 1, 92, 1169.1302552542204)
(0, 4, 1, 93, 872.7852838438351)
(0, 4, 1, 94, 1336.1346640086228)
(0, 4, 1, 95, 1263.0407856835568)
(0, 4, 1, 96, 1080.6453100244241)
(0, 4, 1, 97, 809.9102548691958)
(0, 4, 1, 98, 1125.572632820352)
(0, 4, 1, 99, 1098.142739707936)
(0, 4, 1, 100, 1055.2517806701023)
(0, 4, 1, 101, 1175.388034292179)
(0, 4, 1, 102, 1301.322573858379)
(0, 4, 1, 103, 1210.2519872785758)
(0, 4, 1, 104, 872.7170320708512)
(0, 4, 1, 105, 966.9705029398073)
(0, 4, 1, 106, 1121.3155501967778)
(0, 4, 1, 107, 1158.944730432279)
(0, 4, 1, 108, 908.2250518974009)
(0, 4, 1, 109, 1230.9506822449177)
(0, 4, 1, 110, 1116.052327845922)
(0, 4, 1, 111, 910.7389231956948)
(0, 4, 1, 112, 1105.107716921771)
(0, 4, 1, 113, 1264.34213885633)
(0, 4, 1, 114, 1259.6874264397757)
(0, 4, 1, 115, 825.6661916555374)
(0, 4, 1, 116, 1185.5707678470696)
(0, 4, 1, 117, 1033.2410085616998)
(0, 4, 1, 118, 1249.2077328481903)
(0, 4, 1, 119, 1408.6094697315843)
(0, 4, 1, 120, 1007.8449196710216)
(0, 4, 1, 121, 1190.5303722640458)
(0, 4, 1, 122, 565.9367996047039)
(0, 4, 1, 123, 1077.8985949209891)
(0, 4, 1, 124, 1028.0821565983222)
(0, 4, 1, 125, 1241.3069665869768)
(0, 4, 1, 126, 1212.974193362308)
(0, 4, 1, 127, 1103.3443309307047)
(0, 4, 1, 128, 1434.3245096884623)
(0, 4, 1, 129, 1137.8380657306268)
(0, 4, 1, 130, 918.7885793850107)
(0, 4, 1, 131, 1069.3149240795549)
(0, 4, 1, 132, 1029.7530753727785)
(0, 4, 1, 133, 1236.9851886705278)
(0, 4, 1, 134, 1211.1219219190702)
(0, 4, 1, 135, 1175.7187257063083)
(0, 4, 1, 136, 955.9615530481443)
(0, 4, 1, 137, 1155.483240796482)
(0, 4, 1, 138, 1073.6850796193362)
(0, 4, 1, 139, 1130.8096511415633)
(0, 4, 1, 140, 1105.3303702073144)
(0, 4, 1, 141, 1020.0905948569095)
(0, 4, 1, 142, 834.4236058204249)
(0, 4, 1, 143, 1223.1160909793266)
(0, 4, 1, 144, 1205.823645988911)
(0, 4, 1, 145, 1171.3148589011355)
(0, 4, 1, 146, 933.1426712025495)
(0, 4, 1, 147, 1155.2403460551693)
(0, 4, 1, 148, 1221.3543870287442)
(0, 4, 1, 149, 1174.0645137024846)
(0, 4, 1, 150, 1465.7559633946305)
(0, 4, 1, 151, 1239.032014105168)
(0, 4, 1, 152, 1280.4385662085233)
(0, 4, 1, 153, 1144.1310049786027)
(0, 4, 1, 154, 1235.05265049143)
(0, 4, 1, 155, 1078.6400633365727)
(0, 4, 1, 156, 961.929685003292)
(0, 4, 1, 157, 1352.2360893428418)
(0, 4, 1, 158, 1145.4517113862694)
(0, 4, 1, 159, 961.9750837014767)
(0, 4, 1, 160, 833.2286790758793)
(0, 4, 1, 161, 1122.7366725882948)
(0, 4, 1, 162, 804.999026834236)
(0, 4, 1, 163, 827.2703346229162)
(0, 4, 1, 164, 996.4810038550117)
(0, 4, 1, 165, 1190.2084312484048)
(0, 4, 1, 166, 1189.9897217992516)
(0, 4, 1, 167, 853.3811785052732)
(0, 4, 1, 168, 1061.780203321601)
(0, 4, 1, 169, 835.1650473925022)
(0, 4, 1, 170, 1240.4730674226191)
(0, 4, 1, 171, 1208.9834033135887)
(0, 4, 1, 172, 877.0071704027325)
(0, 4, 1, 173, 1200.7975463523896)
(0, 4, 1, 174, 1265.2741231931575)
(0, 4, 1, 175, 1261.8519211256266)
(0, 4, 1, 176, 894.4609014724978)
(0, 4, 1, 177, 1268.422008363301)
(0, 4, 1, 178, 1115.4507697342767)
(0, 4, 1, 179, 1500.3794971011396)
(0, 4, 1, 180, 1340.6737612310433)
(0, 4, 1, 181, 1121.840464506975)
(0, 4, 1, 182, 1209.661815540024)
(0, 4, 1, 183, 715.6627293780127)
(0, 4, 1, 184, 890.8945306781926)
(0, 4, 1, 185, 1125.953111316386)
(0, 4, 1, 186, 1109.2059784672197)
(0, 4, 1, 187, 894.4486354850025)
(0, 4, 1, 188, 1032.268922762194)
(0, 4, 1, 189, 1087.3872144323702)
(0, 4, 1, 190, 801.0954510181891)
(0, 4, 1, 191, 909.8465816507667)
(0, 4, 1, 192, 949.6862784543866)
(0, 4, 1, 193, 1048.8943644264752)
(0, 4, 1, 194, 1118.6512789748574)
(0, 4, 1, 195, 1169.4314484409028)
(0, 4, 1, 196, 1205.7241596642966)
(0, 4, 1, 197, 1081.8094137897938)
(0, 4, 1, 198, 1186.5659255759851)
(0, 4, 1, 199, 1015.3607023871249)
(0, 4, 1, 200, 1145.2222512233823)
(0, 4, 1, 201, 786.0008570798778)
(0, 4, 1, 202, 1303.5570509194588)
(0, 4, 1, 203, 1259.7054578272796)
(0, 4, 1, 204, 1221.1521713455525)
(0, 4, 1, 205, 873.2599447435051)
(0, 4, 1, 206, 1186.503692491684)
(0, 4, 1, 207, 956.8410471824449)
(0, 4, 1, 208, 900.3648043022682)
(0, 4, 1, 209, 1161.3107350923237)
(0, 4, 1, 210, 1178.7461997573382)
(0, 4, 1, 211, 1360.3860688319041)
(0, 4, 1, 212, 1024.826384086566)
(0, 4, 1, 213, 1136.7682757111234)
(0, 4, 1, 214, 916.1960478317794)
(0, 4, 1, 215, 1346.597984884343)
(0, 4, 1, 216, 1136.7969446952663)
(0, 4, 1, 217, 1134.2502466755918)
(0, 4, 1, 218, 777.2402367367607)
(0, 4, 1, 219, 931.8104941750224)
(0, 4, 1, 220, 1459.512179061063)
(0, 4, 1, 221, 1196.964590430877)
(0, 4, 1, 222, 1253.7032519145755)
(0, 4, 1, 223, 1059.2998355155573)
(0, 4, 1, 224, 1254.6529851879718)
(0, 4, 1, 225, 1310.3041205054178)
(0, 4, 1, 226, 1171.6959721035664)
(0, 4, 1, 227, 997.347256614246)
(0, 4, 1, 228, 1102.7721628160223)
(0, 4, 1, 229, 807.1155548687332)
(0, 4, 1, 230, 1030.7866189928156)
(0, 4, 1, 231, 1181.327040264925)
(0, 4, 1, 232, 1156.738304085357)
(0, 4, 1, 233, 1129.0396802751015)
(0, 4, 1, 234, 1059.6680242181258)
(0, 4, 1, 235, 1107.81468274667)
(0, 4, 1, 236, 1113.0394622445497)
(0, 4, 1, 237, 1208.5801261897873)
(0, 4, 1, 238, 1206.7531941063016)
(0, 4, 1, 239, 882.5881003076846)
(0, 4, 1, 240, 1330.980179476209)
(0, 4, 1, 241, 1083.2345343410252)
(0, 4, 1, 242, 1221.23353237408)
(0, 4, 1, 243, 1169.6109710089793)
(0, 4, 1, 244, 1256.593675825058)
(0, 4, 1, 245, 1177.5094034972728)
(0, 4, 1, 246, 1223.4117610650048)
(0, 4, 1, 247, 696.4723308803898)
(0, 4, 1, 248, 1154.1245657035106)
(0, 4, 1, 249, 1299.4694248860942)
